Temp#, Fam#, LAT, LON, Depth(km), eH, eZ, # of templates in fam 
080401.05.050 001 40.09000 -122.87000 34.9 1.9 6.4 1
080405.11.042 002 40.10000 -122.88000 33.4 2.8 5.8 1
080408.08.007 003 40.38000 -122.43000 45.4 1.8 1.6 2
080408.15.023 003 40.38000 -122.43000 45.4 1.8 1.6 2
080408.08.029 004 40.31000 -122.52000 44.2 2.5 4.1 2
080408.16.026 004 40.31000 -122.52000 44.2 2.5 4.1 2
080410.01.050 005 40.48000 -122.80000 39.7 1.7 3.6 1
080410.09.032 006 40.60000 -122.53000 44.3 1.7 2.7 5
080410.12.039 006 40.60000 -122.53000 44.3 1.7 2.7 5
080410.12.040 006 40.60000 -122.53000 44.3 1.7 2.7 5
080411.04.013 006 40.60000 -122.53000 44.3 1.7 2.7 5
080411.04.023 006 40.60000 -122.53000 44.3 1.7 2.7 5
080410.13.055 007 40.65000 -122.53000 37.0 3.4 2.1 1
080412.03.029 008 40.75000 -122.75000 39.8 1.0 1.0 1
080412.11.038 009 40.92000 -122.77000 36.9 1.9 3.1 1
080412.22.047 010 40.90000 -122.82000 35.9 1.1 3.2 3
080413.13.026 010 40.90000 -122.82000 35.9 1.1 3.2 3
080412.22.040 010 40.90000 -122.82000 35.9 1.1 3.2 3
080413.07.015 011 41.10000 -122.85000 38.9 2.6 1.3 1
080413.07.023 012 40.97000 -122.77000 35.6 1.8 4.5 1
080413.16.058 013 40.67000 -122.88000 37.1 1.5 2.2 1
080413.18.013 014 40.69000 -123.02000 32.9 1.5 2.7 4
080413.20.036 014 40.69000 -123.02000 32.9 1.5 2.7 4
080414.12.016 014 40.69000 -123.02000 32.9 1.5 2.7 4
080414.12.020 014 40.69000 -123.02000 32.9 1.5 2.7 4
080414.10.058 015 40.73000 -122.85000 31.3 1.1 2.1 1
080414.18.003 016 40.45000 -122.80000 34.4 0.8 1.9 1
080415.11.006 017 41.02000 -122.84000 42.2 2.5 4.7 5
080415.11.008 017 41.02000 -122.84000 42.2 2.5 4.7 5
080415.24.028 017 41.02000 -122.84000 42.2 2.5 4.7 5
080416.15.003 017 41.02000 -122.84000 42.2 2.5 4.7 5
080418.03.001 017 41.02000 -122.84000 42.2 2.5 4.7 5
080415.19.030 018 41.06000 -122.85000 38.7 0.9 2.3 2
080419.24.054 018 41.06000 -122.85000 38.7 0.9 2.3 2
080416.13.033 019 41.12000 -122.85000 46.8 2.6 1.9 1
080417.15.043 020 40.92000 -122.85000 37.1 3.0 3.9 1
080418.02.049 021 41.00000 -122.88000 38.5 1.2 2.5 1
080419.04.046 022 41.20000 -123.03000 37.1 2.4 1.3 1
080420.01.019 023 41.25000 -123.03000 38.2 1.5 0.8 2
080420.04.009 023 41.25000 -123.03000 38.2 1.5 0.8 2
080420.05.032 024 41.05000 -122.80000 36.7 1.1 1.5 1
080420.08.042 025 41.05000 -123.17000 27.9 1.0 2.1 1
080421.14.048 026 41.35000 -123.15000 38.4 5.2 1.6 7
080421.15.050 026 41.35000 -123.15000 38.4 5.2 1.6 7
080421.16.053 026 41.35000 -123.15000 38.4 5.2 1.6 7
080421.16.054 026 41.35000 -123.15000 38.4 5.2 1.6 7
080421.17.056 026 41.35000 -123.15000 38.4 5.2 1.6 7
080421.23.033 026 41.35000 -123.15000 38.4 5.2 1.6 7
080422.13.003 026 41.35000 -123.15000 38.4 5.2 1.6 7
080422.12.039 027 41.32000 -123.13000 35.9 1.0 2.4 1
080422.13.043 028 41.40000 -123.12000 39.6 2.3 2.9 3
080422.15.030 028 41.40000 -123.12000 39.6 2.3 2.9 3
080424.04.058 028 41.40000 -123.12000 39.6 2.3 2.9 3
080424.05.060 029 41.45000 -123.13000 34.7 0.8 2.4 1
080426.05.008 030 41.57000 -123.37000 30.5 1.9 3.8 2
080426.06.027 030 41.57000 -123.37000 30.5 1.9 3.8 2
080426.20.030 031 41.52000 -123.28000 34.0 1.5 5.6 1
080427.04.052 032 41.65000 -123.40000 32.1 1.0 1.7 2
080427.13.036 032 41.65000 -123.40000 32.1 1.0 1.7 2
080427.20.043 033 41.62000 -123.47000 27.8 1.7 3.0 1
080429.15.005 034 41.72000 -123.30000 34.3 1.0 1.5 1
080326.07.004 MF1 39.56000 -123.33000 21.1 1.3 2.7 1
080326.07.048 MF2 39.50000 -123.35000 15.0 0.8 0.3 3
080326.08.015 MF2 39.50000 -123.35000 15.0 0.8 0.3 3
080326.09.007 MF2 39.50000 -123.35000 15.0 0.8 0.3 3
080328.09.029 BC3 39.45000 -123.10000 16.0 0.8 0.9 1 

