-122.830000 48.090000  0.946494  0.946494
-122.920000 48.080000  0.110849  0.110849
-122.900000 47.940000  0.100541  0.100541
-123.240000 47.700000  0.593094  0.593094
-122.950000 47.770000  1.229129  1.229129
-123.190000 47.770000  0.984005  0.984005
-122.890000 47.910000  0.152345  0.152345
-123.210000 47.780000  1.308584  1.308584
-122.980000 47.940000  0.130394  0.130394
-122.997559 47.915727  0.053395  0.053395
-122.994336 47.913851  0.038740  0.038740
-122.640000 47.890000  0.140084  0.140084
-123.203760 47.938481  0.462417  0.462417
-122.990000 47.950000  0.140991  0.140991
-122.980000 47.940000  0.120591  0.120591
-122.950000 48.010000  0.038263  0.038263
-122.890000 48.000000  0.116688  0.116688
-123.350000 48.210000  0.360080  0.360080
-122.942993 47.923547  0.023220  0.023220
-122.967855 47.917460 -0.008228 -0.008228
-122.987907 47.896269  0.114399  0.114399
-122.969059 47.982747  0.174882  0.174882
-123.244409 47.931421  0.385472  0.385472
-122.929126 48.015279  0.038346  0.038346
-123.254036 47.958101  0.302288  0.302288
-123.196370 47.992619  1.133416  1.133416
-123.174544 48.023482  0.464582  0.464582
-123.190348 48.006173  0.817193  0.817193
-123.400000 47.950000  0.683754  0.683754
-122.992179 48.035111  0.444004  0.444004
-123.276522 48.017509  0.535836  0.535836
-122.933179 48.054635  0.058744  0.058744
-123.215617 47.984831  0.395025  0.395025
-123.001123 47.913684  0.123466  0.123466
-123.157804 48.108748  0.256861  0.256861
-122.950000 48.290000  0.646537  0.646537
-123.121102 48.138855  0.476496  0.476496
-123.020000 48.300000  0.713559  0.713559
-123.146159 48.116121  1.215968  1.215968
-123.153223 48.109595  0.858114  0.858114
-123.135539 48.162105  0.844676  0.844676
-123.158765 48.167839  0.445949  0.445949
-123.137516 48.116418  1.175301  1.175301
-123.084814 48.149919  1.619315  1.619315
-123.119971 48.138981  0.707992  0.707992
-123.000000 47.960000  0.103174  0.103174
-123.000000 47.960000  0.097686  0.097686
-123.000000 47.900000  0.114332  0.114332
-123.020000 47.950000  0.144738  0.144738
-122.980000 47.940000  0.141071  0.141071
-122.920000 47.980000  0.089201  0.089201
-123.280000 47.730000  0.505803  0.505803
-123.010000 47.940000  0.040565  0.040565
-123.020000 48.040000  0.119057  0.119057
-123.400000 48.210000  0.442007  0.442007
-122.930000 48.000000  0.026327  0.026327
-123.250000 48.020000  0.118230  0.118230
-122.880000 48.010000  0.095748  0.095748
-122.950000 47.940000  0.096600  0.096600
-122.920000 47.990000  3.051731  3.051731
-122.960000 47.950000  0.116144  0.116144
-122.930000 47.960000  0.135035  0.135035
-122.970000 47.940000  0.113020  0.113020
-122.890000 47.960000  0.123082  0.123082
-122.930000 48.270000  0.580513  0.580513
-122.630000 47.890000  0.173913  0.173913
-122.680000 47.870000  0.239438  0.239438
-122.880000 47.990000  0.119913  0.119913
-122.890000 48.100000  0.562160  0.562160