-122.830000 48.090000 0.314210 0.314210
-122.920000 48.080000 0.306370 0.306370
-122.900000 47.940000 0.282399 0.282399
-123.240000 47.700000 0.225844 0.225844
-122.950000 47.770000 0.231712 0.231712
-123.190000 47.770000 0.258350 0.258350
-122.890000 47.910000 0.271179 0.271179
-123.210000 47.780000 0.260261 0.260261
-122.980000 47.940000 0.279033 0.279033
-122.997559 47.915727 0.273753 0.273753
-122.994336 47.913851 0.281797 0.281797
-122.640000 47.890000 0.254523 0.254523
-123.203760 47.938481 0.220317 0.220317
-122.990000 47.950000 0.279940 0.279940
-122.980000 47.940000 0.284250 0.284250
-122.950000 48.010000 0.293271 0.293271
-122.890000 48.000000 0.271871 0.271871
-123.350000 48.210000 0.229596 0.229596
-122.942993 47.923547 0.250528 0.250528
-122.967855 47.917460 0.264489 0.264489
-122.987907 47.896269 0.272603 0.272603
-122.969059 47.982747 0.269673 0.269673
-123.244409 47.931421 0.240471 0.240471
-122.929126 48.015279 0.282036 0.282036
-123.254036 47.958101 0.257208 0.257208
-123.196370 47.992619 0.262712 0.262712
-123.174544 48.023482 0.235397 0.235397
-123.190348 48.006173 0.289421 0.289421
-123.400000 47.950000 0.193703 0.193703
-122.992179 48.035111 0.229528 0.229528
-123.276522 48.017509 0.230944 0.230944
-122.933179 48.054635 0.280155 0.280155
-123.215617 47.984831 0.255725 0.255725
-123.001123 47.913684 0.277709 0.277709
-123.157804 48.108748 0.283994 0.283994
-122.950000 48.290000 0.275070 0.275070
-123.121102 48.138855 0.255530 0.255530
-123.020000 48.300000 0.259953 0.259953
-123.146159 48.116121 0.281226 0.281226
-123.153223 48.109595 0.280683 0.280683
-123.135539 48.162105 0.219573 0.219573
-123.158765 48.167839 0.218101 0.218101
-123.137516 48.116418 0.283648 0.283648
-123.084814 48.149919 0.261149 0.261149
-123.119971 48.138981 0.254084 0.254084
-123.000000 47.960000 0.279283 0.279283
-123.000000 47.960000 0.275720 0.275720
-123.000000 47.900000 0.249650 0.249650
-123.020000 47.950000 0.286406 0.286406
-122.980000 47.940000 0.272034 0.272034
-122.920000 47.980000 0.242532 0.242532
-123.280000 47.730000 0.216272 0.216272
-123.010000 47.940000 0.267998 0.267998
-123.020000 48.040000 0.210941 0.210941
-123.400000 48.210000 0.218688 0.218688
-122.930000 48.000000 0.253150 0.253150
-123.250000 48.020000 0.233231 0.233231
-122.880000 48.010000 0.260824 0.260824
-122.950000 47.940000 0.230988 0.230988
-122.920000 47.990000 0.287845 0.287845
-122.960000 47.950000 0.276192 0.276192
-122.930000 47.960000 0.287214 0.287214
-122.970000 47.940000 0.273729 0.273729
-122.890000 47.960000 0.302047 0.302047
-122.930000 48.270000 0.245781 0.245781
-122.630000 47.890000 0.256042 0.256042
-122.680000 47.870000 0.254020 0.254020
-122.880000 47.990000 0.289349 0.289349
-122.890000 48.100000 0.335158 0.335158