-122.830000 48.090000 0.351328 0.351328
-122.920000 48.080000 0.312658 0.312658
-122.900000 47.940000 0.284473 0.284473
-123.240000 47.700000 0.093966 0.093966
-122.950000 47.770000 0.140050 0.140050
-123.190000 47.770000 0.156023 0.156023
-122.890000 47.910000 0.229210 0.229210
-123.210000 47.780000 0.169950 0.169950
-122.980000 47.940000 0.294564 0.294564
-122.997559 47.915727 0.218101 0.218101
-122.994336 47.913851 0.237960 0.237960
-122.640000 47.890000 0.442281 0.442281
-123.203760 47.938481 0.121137 0.121137
-122.990000 47.950000 0.257683 0.257683
-122.980000 47.940000 0.307932 0.307932
-122.950000 48.010000 0.288509 0.288509
-122.890000 48.000000 0.303243 0.303243
-123.350000 48.210000 0.096945 0.096945
-122.942993 47.923547 0.242737 0.242737
-122.967855 47.917460 0.278742 0.278742
-122.987907 47.896269 0.245682 0.245682
-122.969059 47.982747 0.264628 0.264628
-123.244409 47.931421 0.117588 0.117588
-122.929126 48.015279 0.284201 0.284201
-123.254036 47.958101 0.188876 0.188876
-123.196370 47.992619 0.192318 0.192318
-123.174544 48.023482 0.128259 0.128259
-123.190348 48.006173 0.218736 0.218736
-123.400000 47.950000 0.100956 0.100956
-122.992179 48.035111 0.227900 0.227900
-123.276522 48.017509 0.127617 0.127617
-122.933179 48.054635 0.250056 0.250056
-123.215617 47.984831 0.144418 0.144418
-123.001123 47.913684 0.216643 0.216643
-123.157804 48.108748 0.198489 0.198489
-122.950000 48.290000 0.279092 0.279092
-123.121102 48.138855 0.159941 0.159941
-123.020000 48.300000 0.272467 0.272467
-123.146159 48.116121 0.173879 0.173879
-123.153223 48.109595 0.191427 0.191427
-123.135539 48.162105 0.205569 0.205569
-123.158765 48.167839 0.139689 0.139689
-123.137516 48.116418 0.206060 0.206060
-123.084814 48.149919 0.265713 0.265713
-123.119971 48.138981 0.166471 0.166471
-123.000000 47.960000 0.274367 0.274367
-123.000000 47.960000 0.266047 0.266047
-123.000000 47.900000 0.220856 0.220856
-123.020000 47.950000 0.287475 0.287475
-122.980000 47.940000 0.269377 0.269377
-122.920000 47.980000 0.274043 0.274043
-123.280000 47.730000 0.141208 0.141208
-123.010000 47.940000 0.236344 0.236344
-123.020000 48.040000 0.182806 0.182806
-123.400000 48.210000 0.105789 0.105789
-122.930000 48.000000 0.232957 0.232957
-123.250000 48.020000 0.189248 0.189248
-122.880000 48.010000 0.290626 0.290626
-122.950000 47.940000 0.201505 0.201505
-122.920000 47.990000 0.354789 0.354789
-122.960000 47.950000 0.284015 0.284015
-122.930000 47.960000 0.270194 0.270194
-122.970000 47.940000 0.296208 0.296208
-122.890000 47.960000 0.370816 0.370816
-122.930000 48.270000 0.267914 0.267914
-122.630000 47.890000 0.452814 0.452814
-122.680000 47.870000 0.447839 0.447839
-122.880000 47.990000 0.322039 0.322039
-122.890000 48.100000 0.345362 0.345362