-122.830000 48.090000 0.979865 0.979865
-122.920000 48.080000 0.982492 0.982492
-122.900000 47.940000 0.978720 0.978720
-123.240000 47.700000 0.985832 0.985832
-122.950000 47.770000 0.989468 0.989468
-123.190000 47.770000 0.988547 0.988547
-122.890000 47.910000 0.984012 0.984012
-123.210000 47.780000 0.988818 0.988818
-122.980000 47.940000 0.982199 0.982199
-122.997559 47.915727 0.985772 0.985772
-122.994336 47.913851 0.985538 0.985538
-122.640000 47.890000 0.932076 0.932076
-123.203760 47.938481 0.983758 0.983758
-122.990000 47.950000 0.976593 0.976593
-122.980000 47.940000 0.977778 0.977778
-122.950000 48.010000 0.980059 0.980059
-122.890000 48.000000 0.974956 0.974956
-123.350000 48.210000 0.977260 0.977260
-122.942993 47.923547 0.985158 0.985158
-122.967855 47.917460 0.985667 0.985667
-122.987907 47.896269 0.987329 0.987329
-122.969059 47.982747 0.982637 0.982637
-123.244409 47.931421 0.987451 0.987451
-122.929126 48.015279 0.983298 0.983298
-123.254036 47.958101 0.988327 0.988327
-123.196370 47.992619 0.987529 0.987529
-123.174544 48.023482 0.985648 0.985648
-123.190348 48.006173 0.985638 0.985638
-123.400000 47.950000 0.981659 0.981659
-122.992179 48.035111 0.979933 0.979933
-123.276522 48.017509 0.985604 0.985604
-122.933179 48.054635 0.985469 0.985469
-123.215617 47.984831 0.986537 0.986537
-123.001123 47.913684 0.986096 0.986096
-123.157804 48.108748 0.982978 0.982978
-122.950000 48.290000 0.976266 0.976266
-123.121102 48.138855 0.983561 0.983561
-123.020000 48.300000 0.976594 0.976594
-123.146159 48.116121 0.983653 0.983653
-123.153223 48.109595 0.983470 0.983470
-123.135539 48.162105 0.971873 0.971873
-123.158765 48.167839 0.976339 0.976339
-123.137516 48.116418 0.984390 0.984390
-123.084814 48.149919 0.980835 0.980835
-123.119971 48.138981 0.984200 0.984200
-123.000000 47.960000 0.982344 0.982344
-123.000000 47.960000 0.982549 0.982549
-123.000000 47.900000 0.986347 0.986347
-123.020000 47.950000 0.982951 0.982951
-122.980000 47.940000 0.981731 0.981731
-122.920000 47.980000 0.978736 0.978736
-123.280000 47.730000 0.985995 0.985995
-123.010000 47.940000 0.984386 0.984386
-123.020000 48.040000 0.976373 0.976373
-123.400000 48.210000 0.976326 0.976326
-122.930000 48.000000 0.981137 0.981137
-123.250000 48.020000 0.983608 0.983608
-122.880000 48.010000 0.975971 0.975971
-122.950000 47.940000 0.975439 0.975439
-122.920000 47.990000 0.997132 0.997132
-122.960000 47.950000 0.979813 0.979813
-122.930000 47.960000 0.976696 0.976696
-122.970000 47.940000 0.981472 0.981472
-122.890000 47.960000 0.975488 0.975488
-122.930000 48.270000 0.960394 0.960394
-122.630000 47.890000 0.928927 0.928927
-122.680000 47.870000 0.933062 0.933062
-122.880000 47.990000 0.973817 0.973817
-122.890000 48.100000 0.980655 0.980655