-122.830000 48.090000 0.724446 0.724446
-122.920000 48.080000 0.720447 0.720447
-122.900000 47.940000 0.688961 0.688961
-123.240000 47.700000 0.739800 0.739800
-122.950000 47.770000 0.712344 0.712344
-123.190000 47.770000 0.733023 0.733023
-122.890000 47.910000 0.708883 0.708883
-123.210000 47.780000 0.729975 0.729975
-122.980000 47.940000 0.706717 0.706717
-122.997559 47.915727 0.716967 0.716967
-122.994336 47.913851 0.720735 0.720735
-122.640000 47.890000 0.602894 0.602894
-123.203760 47.938481 0.711315 0.711315
-122.990000 47.950000 0.702946 0.702946
-122.980000 47.940000 0.697988 0.697988
-122.950000 48.010000 0.714920 0.714920
-122.890000 48.000000 0.683988 0.683988
-123.350000 48.210000 0.725663 0.725663
-122.942993 47.923547 0.686790 0.686790
-122.967855 47.917460 0.702678 0.702678
-122.987907 47.896269 0.708436 0.708436
-122.969059 47.982747 0.694684 0.694684
-123.244409 47.931421 0.737742 0.737742
-122.929126 48.015279 0.703371 0.703371
-123.254036 47.958101 0.737674 0.737674
-123.196370 47.992619 0.715317 0.715317
-123.174544 48.023482 0.704121 0.704121
-123.190348 48.006173 0.740978 0.740978
-123.400000 47.950000 0.690757 0.690757
-122.992179 48.035111 0.682240 0.682240
-123.276522 48.017509 0.721964 0.721964
-122.933179 48.054635 0.705742 0.705742
-123.215617 47.984831 0.736967 0.736967
-123.001123 47.913684 0.721815 0.721815
-123.157804 48.108748 0.730587 0.730587
-122.950000 48.290000 0.677574 0.677574
-123.121102 48.138855 0.711740 0.711740
-123.020000 48.300000 0.676395 0.676395
-123.146159 48.116121 0.733468 0.733468
-123.153223 48.109595 0.731759 0.731759
-123.135539 48.162105 0.679674 0.679674
-123.158765 48.167839 0.700650 0.700650
-123.137516 48.116418 0.732770 0.732770
-123.084814 48.149919 0.712380 0.712380
-123.119971 48.138981 0.709066 0.709066
-123.000000 47.960000 0.696187 0.696187
-123.000000 47.960000 0.694400 0.694400
-123.000000 47.900000 0.717399 0.717399
-123.020000 47.950000 0.696679 0.696679
-122.980000 47.940000 0.693063 0.693063
-122.920000 47.980000 0.664977 0.664977
-123.280000 47.730000 0.713451 0.713451
-123.010000 47.940000 0.684412 0.684412
-123.020000 48.040000 0.661445 0.661445
-123.400000 48.210000 0.730120 0.730120
-122.930000 48.000000 0.700564 0.700564
-123.250000 48.020000 0.702928 0.702928
-122.880000 48.010000 0.678947 0.678947
-122.950000 47.940000 0.660098 0.660098
-122.920000 47.990000 0.696111 0.696111
-122.960000 47.950000 0.688252 0.688252
-122.930000 47.960000 0.686941 0.686941
-122.970000 47.940000 0.695423 0.695423
-122.890000 47.960000 0.682285 0.682285
-122.930000 48.270000 0.655212 0.655212
-122.630000 47.890000 0.606195 0.606195
-122.680000 47.870000 0.602989 0.602989
-122.880000 47.990000 0.682416 0.682416
-122.890000 48.100000 0.729734 0.729734