-122.87 40.09 0.162446 0.162446
-122.88 40.10 0.125259 0.125259
-122.43 40.38 0.194218 0.194218
-122.43 40.38 0.201383 0.201383
-122.52 40.31 0.188579 0.188579
-122.52 40.31 0.185771 0.185771
-122.80 40.48 0.078557 0.078557
-122.53 40.60 0.194294 0.194294
-122.53 40.60 0.221490 0.221490
-122.53 40.60 0.045536 0.045536
-122.53 40.60 0.176103 0.176103
-122.53 40.60 0.222897 0.222897
-122.53 40.65 0.273754 0.273754
-122.75 40.75 0.133609 0.133609
-122.77 40.92 0.182087 0.182087
-122.82 40.90 0.160612 0.160612
-122.82 40.90 0.186034 0.186034
-122.82 40.90 0.147738 0.147738
-122.85 41.10 0.183337 0.183337
-122.77 40.97 0.169733 0.169733
-122.88 40.67 0.065229 0.065229
-123.02 40.69 0.101931 0.101931
-123.02 40.69 0.117086 0.117086
-123.02 40.69 0.123663 0.123663
-123.02 40.69 0.093659 0.093659
-122.85 40.73 0.113825 0.113825
-122.80 40.45 0.252668 0.252668
-122.84 41.02 0.154257 0.154257
-122.84 41.02 0.161396 0.161396
-122.84 41.02 0.146320 0.146320
-122.84 41.02 0.179865 0.179865
-122.84 41.02 0.092891 0.092891
-122.85 41.06 0.214570 0.214570
-122.85 41.06 0.192280 0.192280
-122.85 41.12 0.121266 0.121266
-122.85 40.92 0.172940 0.172940
-122.88 41.00 0.118471 0.118471
-123.03 41.20 0.121806 0.121806
-123.03 41.25 0.129559 0.129559
-123.03 41.25 0.140447 0.140447
-122.80 41.05 0.258591 0.258591
-123.17 41.05 0.113025 0.113025
-123.15 41.35 0.224109 0.224109
-123.15 41.35 0.184985 0.184985
-123.15 41.35 0.119335 0.119335
-123.15 41.35 0.146300 0.146300
-123.15 41.35 0.164550 0.164550
-123.15 41.35 0.138438 0.138438
-123.15 41.35 0.145005 0.145005
-123.13 41.32 0.083870 0.083870
-123.12 41.40 0.159813 0.159813
-123.12 41.40 0.177964 0.177964
-123.12 41.40 0.115114 0.115114
-123.13 41.45 0.197388 0.197388
-123.37 41.57 0.095644 0.095644
-123.37 41.57 0.086713 0.086713
-123.28 41.52 0.109246 0.109246
-123.40 41.65 0.273881 0.273881
-123.40 41.65 0.219440 0.219440
-123.47 41.62 0.000092 0.000092
-123.30 41.72 0.129625 0.129625
-123.33 39.56 0.062307 0.062307
-123.35 39.50 0.763120 0.763120
-123.35 39.50 0.173472 0.173472
-123.35 39.50 0.301637 0.301637
-123.10 39.45 0.274200 0.274200