-122.87 40.09 0.081086 0.081086
-122.88 40.10 0.211884 0.211884
-122.43 40.38 0.443621 0.443621
-122.43 40.38 0.415041 0.415041
-122.52 40.31 0.508929 0.508929
-122.52 40.31 0.456617 0.456617
-122.80 40.48 0.142971 0.142971
-122.53 40.60 0.059688 0.059688
-122.53 40.60 0.194780 0.194780
-122.53 40.60 0.173316 0.173316
-122.53 40.60 0.082291 0.082291
-122.53 40.60 0.102416 0.102416
-122.53 40.65 0.138560 0.138560
-122.75 40.75 0.319252 0.319252
-122.77 40.92 0.108197 0.108197
-122.82 40.90 0.226938 0.226938
-122.82 40.90 0.222666 0.222666
-122.82 40.90 0.111156 0.111156
-122.85 41.10 0.281592 0.281592
-122.77 40.97 0.246265 0.246265
-122.88 40.67 0.163559 0.163559
-123.02 40.69 0.246503 0.246503
-123.02 40.69 0.413934 0.413934
-123.02 40.69 0.364445 0.364445
-123.02 40.69 0.356633 0.356633
-122.85 40.73 0.254745 0.254745
-122.80 40.45 0.204706 0.204706
-122.84 41.02 0.058644 0.058644
-122.84 41.02 0.164477 0.164477
-122.84 41.02 0.220788 0.220788
-122.84 41.02 0.290248 0.290248
-122.84 41.02 0.264005 0.264005
-122.85 41.06 0.274560 0.274560
-122.85 41.06 0.094384 0.094384
-122.85 41.12 0.102588 0.102588
-122.85 40.92 0.245676 0.245676
-122.88 41.00 0.413534 0.413534
-123.03 41.20 0.273573 0.273573
-123.03 41.25 0.352281 0.352281
-123.03 41.25 0.293144 0.293144
-122.80 41.05 0.189232 0.189232
-123.17 41.05 0.389971 0.389971
-123.15 41.35 0.168208 0.168208
-123.15 41.35 0.291015 0.291015
-123.15 41.35 0.200477 0.200477
-123.15 41.35 0.120141 0.120141
-123.15 41.35 0.392380 0.392380
-123.15 41.35 0.289171 0.289171
-123.15 41.35 0.303202 0.303202
-123.13 41.32 0.173182 0.173182
-123.12 41.40 0.417738 0.417738
-123.12 41.40 0.446137 0.446137
-123.12 41.40 0.293567 0.293567
-123.13 41.45 0.308542 0.308542
-123.37 41.57 0.416547 0.416547
-123.37 41.57 0.443612 0.443612
-123.28 41.52 0.179695 0.179695
-123.40 41.65 0.307698 0.307698
-123.40 41.65 0.196653 0.196653
-123.47 41.62 0.773281 0.773281
-123.30 41.72 0.239291 0.239291
-123.33 39.56 0.178612 0.178612
-123.35 39.50 0.222317 0.222317
-123.35 39.50 0.179176 0.179176
-123.35 39.50 0.256001 0.256001
-123.10 39.45 0.207406 0.207406