-122.87 40.09 0.024124 0.024124
-122.88 40.10 0.154029 0.154029
-122.43 40.38 0.139553 0.139553
-122.43 40.38 0.138662 0.138662
-122.52 40.31 0.166865 0.166865
-122.52 40.31 0.165276 0.165276
-122.80 40.48 0.132235 0.132235
-122.53 40.60 0.119496 0.119496
-122.53 40.60 0.135477 0.135477
-122.53 40.60 0.053538 0.053538
-122.53 40.60 0.116544 0.116544
-122.53 40.60 0.118757 0.118757
-122.53 40.65 0.104175 0.104175
-122.75 40.75 0.121119 0.121119
-122.77 40.92 0.110225 0.110225
-122.82 40.90 0.117319 0.117319
-122.82 40.90 0.116293 0.116293
-122.82 40.90 0.110212 0.110212
-122.85 41.10 0.106172 0.106172
-122.77 40.97 0.103761 0.103761
-122.88 40.67 0.137198 0.137198
-123.02 40.69 0.176765 0.176765
-123.02 40.69 0.174543 0.174543
-123.02 40.69 0.183815 0.183815
-123.02 40.69 0.168588 0.168588
-122.85 40.73 0.152300 0.152300
-122.80 40.45 0.159232 0.159232
-122.84 41.02 0.103039 0.103039
-122.84 41.02 0.113905 0.113905
-122.84 41.02 0.125366 0.125366
-122.84 41.02 0.121497 0.121497
-122.84 41.02 0.130668 0.130668
-122.85 41.06 0.098192 0.098192
-122.85 41.06 0.101998 0.101998
-122.85 41.12 0.115822 0.115822
-122.85 40.92 0.134194 0.134194
-122.88 41.00 0.118589 0.118589
-123.03 41.20 0.105012 0.105012
-123.03 41.25 0.141572 0.141572
-123.03 41.25 0.151606 0.151606
-122.80 41.05 0.108937 0.108937
-123.17 41.05 0.165112 0.165112
-123.15 41.35 0.134567 0.134567
-123.15 41.35 0.157901 0.157901
-123.15 41.35 0.130646 0.130646
-123.15 41.35 0.137499 0.137499
-123.15 41.35 0.155347 0.155347
-123.15 41.35 0.119461 0.119461
-123.15 41.35 0.138931 0.138931
-123.13 41.32 0.152937 0.152937
-123.12 41.40 0.136734 0.136734
-123.12 41.40 0.138240 0.138240
-123.12 41.40 0.109590 0.109590
-123.13 41.45 0.125850 0.125850
-123.37 41.57 0.167576 0.167576
-123.37 41.57 0.163662 0.163662
-123.28 41.52 0.177097 0.177097
-123.40 41.65 0.159832 0.159832
-123.40 41.65 0.152310 0.152310
-123.47 41.62 0.014072 0.014072
-123.30 41.72 0.410579 0.410579
-123.33 39.56 0.091730 0.091730
-123.35 39.50 0.390547 0.390547
-123.35 39.50 0.148406 0.148406
-123.35 39.50 0.182073 0.182073
-123.10 39.45 0.346767 0.346767