-122.87 40.09 0.068808 0.068808
-122.88 40.10 0.189366 0.189366
-122.43 40.38 0.195432 0.195432
-122.43 40.38 0.193455 0.193455
-122.52 40.31 0.223902 0.223902
-122.52 40.31 0.223492 0.223492
-122.80 40.48 0.153096 0.153096
-122.53 40.60 0.196792 0.196792
-122.53 40.60 0.202950 0.202950
-122.53 40.60 0.067243 0.067243
-122.53 40.60 0.179996 0.179996
-122.53 40.60 0.188857 0.188857
-122.53 40.65 0.212053 0.212053
-122.75 40.75 0.168777 0.168777
-122.77 40.92 0.160901 0.160901
-122.82 40.90 0.171048 0.171048
-122.82 40.90 0.164287 0.164287
-122.82 40.90 0.148692 0.148692
-122.85 41.10 0.167541 0.167541
-122.77 40.97 0.163843 0.163843
-122.88 40.67 0.158893 0.158893
-123.02 40.69 0.196993 0.196993
-123.02 40.69 0.201001 0.201001
-123.02 40.69 0.212683 0.212683
-123.02 40.69 0.189799 0.189799
-122.85 40.73 0.184668 0.184668
-122.80 40.45 0.204869 0.204869
-122.84 41.02 0.120455 0.120455
-122.84 41.02 0.162947 0.162947
-122.84 41.02 0.161738 0.161738
-122.84 41.02 0.167439 0.167439
-122.84 41.02 0.118078 0.118078
-122.85 41.06 0.181577 0.181577
-122.85 41.06 0.159465 0.159465
-122.85 41.12 0.151292 0.151292
-122.85 40.92 0.171729 0.171729
-122.88 41.00 0.157500 0.157500
-123.03 41.20 0.127273 0.127273
-123.03 41.25 0.161449 0.161449
-123.03 41.25 0.161098 0.161098
-122.80 41.05 0.205079 0.205079
-123.17 41.05 0.177548 0.177548
-123.15 41.35 0.162746 0.162746
-123.15 41.35 0.158435 0.158435
-123.15 41.35 0.114364 0.114364
-123.15 41.35 0.145882 0.145882
-123.15 41.35 0.163503 0.163503
-123.15 41.35 0.143812 0.143812
-123.15 41.35 0.149555 0.149555
-123.13 41.32 0.162001 0.162001
-123.12 41.40 0.181466 0.181466
-123.12 41.40 0.181445 0.181445
-123.12 41.40 0.129495 0.129495
-123.13 41.45 0.191424 0.191424
-123.37 41.57 0.171237 0.171237
-123.37 41.57 0.165881 0.165881
-123.28 41.52 0.157276 0.157276
-123.40 41.65 0.155247 0.155247
-123.40 41.65 0.134867 0.134867
-123.47 41.62 0.000000 0.000000
-123.30 41.72 0.286040 0.286040
-123.33 39.56 0.069022 0.069022
-123.35 39.50 0.530507 0.530507
-123.35 39.50 0.119661 0.119661
-123.35 39.50 0.220255 0.220255
-123.10 39.45 0.340255 0.340255