-122.87 40.09 0.524124 0.524124
-122.88 40.10 0.654029 0.654029
-122.43 40.38 0.639553 0.639553
-122.43 40.38 0.638662 0.638662
-122.52 40.31 0.666865 0.666865
-122.52 40.31 0.665276 0.665276
-122.80 40.48 0.632235 0.632235
-122.53 40.60 0.619496 0.619496
-122.53 40.60 0.635477 0.635477
-122.53 40.60 0.553538 0.553538
-122.53 40.60 0.616544 0.616544
-122.53 40.60 0.618757 0.618757
-122.53 40.65 0.604175 0.604175
-122.75 40.75 0.621119 0.621119
-122.77 40.92 0.610225 0.610225
-122.82 40.90 0.617319 0.617319
-122.82 40.90 0.616293 0.616293
-122.82 40.90 0.610212 0.610212
-122.85 41.10 0.606172 0.606172
-122.77 40.97 0.603761 0.603761
-122.88 40.67 0.637198 0.637198
-123.02 40.69 0.676765 0.676765
-123.02 40.69 0.674543 0.674543
-123.02 40.69 0.683815 0.683815
-123.02 40.69 0.668588 0.668588
-122.85 40.73 0.652300 0.652300
-122.80 40.45 0.659232 0.659232
-122.84 41.02 0.603039 0.603039
-122.84 41.02 0.613905 0.613905
-122.84 41.02 0.625366 0.625366
-122.84 41.02 0.621497 0.621497
-122.84 41.02 0.630668 0.630668
-122.85 41.06 0.598192 0.598192
-122.85 41.06 0.601998 0.601998
-122.85 41.12 0.615822 0.615822
-122.85 40.92 0.634194 0.634194
-122.88 41.00 0.618589 0.618589
-123.03 41.20 0.605012 0.605012
-123.03 41.25 0.641572 0.641572
-123.03 41.25 0.651606 0.651606
-122.80 41.05 0.608937 0.608937
-123.17 41.05 0.665112 0.665112
-123.15 41.35 0.634567 0.634567
-123.15 41.35 0.657901 0.657901
-123.15 41.35 0.630646 0.630646
-123.15 41.35 0.637499 0.637499
-123.15 41.35 0.655347 0.655347
-123.15 41.35 0.619461 0.619461
-123.15 41.35 0.638931 0.638931
-123.13 41.32 0.652937 0.652937
-123.12 41.40 0.636734 0.636734
-123.12 41.40 0.638240 0.638240
-123.12 41.40 0.609590 0.609590
-123.13 41.45 0.625850 0.625850
-123.37 41.57 0.667576 0.667576
-123.37 41.57 0.663662 0.663662
-123.28 41.52 0.677097 0.677097
-123.40 41.65 0.659832 0.659832
-123.40 41.65 0.652310 0.652310
-123.47 41.62 0.514072 0.514072
-123.30 41.72 0.910579 0.910579
-123.33 39.56 0.591730 0.591730
-123.35 39.50 0.890547 0.890547
-123.35 39.50 0.648406 0.648406
-123.35 39.50 0.682073 0.682073
-123.10 39.45 0.846767 0.846767