-122.87 40.09 0.862996 0.862996
-122.88 40.10 0.924527 0.924527
-122.43 40.38 0.933444 0.933444
-122.43 40.38 0.929599 0.929599
-122.52 40.31 0.945599 0.945599
-122.52 40.31 0.942068 0.942068
-122.80 40.48 0.908899 0.908899
-122.53 40.60 0.922552 0.922552
-122.53 40.60 0.922058 0.922058
-122.53 40.60 0.969628 0.969628
-122.53 40.60 0.928339 0.928339
-122.53 40.60 0.925940 0.925940
-122.53 40.65 0.891357 0.891357
-122.75 40.75 0.880949 0.880949
-122.77 40.92 0.905895 0.905895
-122.82 40.90 0.907600 0.907600
-122.82 40.90 0.889007 0.889007
-122.82 40.90 0.943623 0.943623
-122.85 41.10 0.897526 0.897526
-122.77 40.97 0.878177 0.878177
-122.88 40.67 0.852178 0.852178
-123.02 40.69 0.896954 0.896954
-123.02 40.69 0.900452 0.900452
-123.02 40.69 0.920720 0.920720
-123.02 40.69 0.907524 0.907524
-122.85 40.73 0.901636 0.901636
-122.80 40.45 0.870381 0.870381
-122.84 41.02 0.961475 0.961475
-122.84 41.02 0.934824 0.934824
-122.84 41.02 0.926822 0.926822
-122.84 41.02 0.932249 0.932249
-122.84 41.02 0.933093 0.933093
-122.85 41.06 0.903163 0.903163
-122.85 41.06 0.915660 0.915660
-122.85 41.12 0.954949 0.954949
-122.85 40.92 0.942966 0.942966
-122.88 41.00 0.922686 0.922686
-123.03 41.20 0.926554 0.926554
-123.03 41.25 0.927211 0.927211
-123.03 41.25 0.917918 0.917918
-122.80 41.05 0.904926 0.904926
-123.17 41.05 0.908354 0.908354
-123.15 41.35 0.895730 0.895730
-123.15 41.35 0.910022 0.910022
-123.15 41.35 0.935170 0.935170
-123.15 41.35 0.882999 0.882999
-123.15 41.35 0.898211 0.898211
-123.15 41.35 0.895322 0.895322
-123.15 41.35 0.909397 0.909397
-123.13 41.32 0.873646 0.873646
-123.12 41.40 0.948882 0.948882
-123.12 41.40 0.937825 0.937825
-123.12 41.40 0.933147 0.933147
-123.13 41.45 0.920610 0.920610
-123.37 41.57 0.906063 0.906063
-123.37 41.57 0.920904 0.920904
-123.28 41.52 0.955847 0.955847
-123.40 41.65 0.971428 0.971428
-123.40 41.65 0.955893 0.955893
-123.47 41.62 0.997424 0.997424
-123.30 41.72 0.956238 0.956238
-123.33 39.56 0.894708 0.894708
-123.35 39.50 0.980997 0.980997
-123.35 39.50 0.818103 0.818103
-123.35 39.50 0.839370 0.839370
-123.10 39.45 0.968102 0.968102