 -99.5606 18.4697 0.887286 0.887286
 -99.3838 18.4293 0.859138 0.859138
 -99.4343 18.4495 0.856226 0.856226
 -99.3586 18.3081 0.869552 0.869552
 -99.1313 18.3283 0.829317 0.829317
 -99.1818 18.3687 0.807894 0.807894
 -99.1061 18.2071 0.837671 0.837671
 -99.1818 18.2071 0.839536 0.839536
 -99.5859 18.1869 0.828838 0.828838
 -99.5606 18.4293 0.855036 0.855036
 -99.5606 18.2677 0.879441 0.879441
 -99.6364 18.4293 0.832851 0.832851
 -99.6111 18.3081 0.827427 0.827427
 -99.6111 18.3485 0.841953 0.841953
 -99.7626 18.3889 0.823821 0.823821
 -99.2071 18.2071 0.817821 0.817821
 -99.1566 18.2677 0.819770 0.819770
 -99.1061 18.3081 0.807485 0.807485
 -99.1566 18.3283 0.834918 0.834918
 -99.2576 18.2677 0.847893 0.847893
 -99.3081 18.1869 0.866163 0.866163
 -99.2323 17.9848 0.858131 0.858131
 -99.3081 18.2475 0.883564 0.883564
 -99.2576 18.0657 0.888658 0.888658
 -99.2576 18.1667 0.890142 0.890142
 -99.3081 18.2071 0.876274 0.876274
 -99.3586 18.1869 0.865399 0.865399
 -99.5101 18.3283 0.864106 0.864106
 -99.3586 18.1869 0.877754 0.877754
 -99.5101 18.2879 0.845536 0.845536
 -99.2576 18.1263 0.853084 0.853084
 -99.5606 18.1667 0.895580 0.895580
 -99.5354 18.4697 0.828544 0.828544
 -99.2071 18.2475 0.843182 0.843182
 -99.2576 18.0051 0.851149 0.851149
 -99.2828 18.0657 0.834156 0.834156
 -99.3333 18.1667 0.850447 0.850447
 -99.3586 18.2071 0.874985 0.874985
 -99.2828 18.1465 0.866210 0.866210
 -99.2576 18.1263 0.863593 0.863593
 -99.1061 18.2879 0.859859 0.859859
 -99.1313 18.3283 0.801242 0.801242
 -99.5859 18.0051 0.840587 0.840587
 -99.3081 18.1263 0.840497 0.840497
 -99.3838 18.1667 0.900752 0.900752
 -99.3586 18.0455 0.842974 0.842974
 -99.3081 18.0455 0.842438 0.842438
 -99.2828 18.0455 0.833827 0.833827
 -99.6111 18.0859 0.859111 0.859111
 -99.2071 18.2475 0.877869 0.877869
 -99.3333 18.1061 0.862907 0.862907
 -99.1818 18.2071 0.821822 0.821822
 -99.4091 18.0455 0.857953 0.857953
 -99.4848 18.2475 0.837458 0.837458
 -99.2576 18.1263 0.848446 0.848446
 -99.9394 18.4293 0.806776 0.806776
 -99.6869 18.4293 0.822018 0.822018
 -99.6616 18.3283 0.859411 0.859411
-100.5455 17.5808 0.818505 0.818505
 -99.6364 18.2879 0.859831 0.859831
 -99.5859 18.2879 0.820109 0.820109
-100.1162 18.2273 0.874539 0.874539
 -99.6111 18.2273 0.890475 0.890475
 -99.9899 18.6313 0.848242 0.848242
 -99.5354 18.3687 0.852347 0.852347
 -99.5606 18.3081 0.863951 0.863951
 -99.8636 18.2071 0.865119 0.865119
 -99.5859 18.1465 0.856712 0.856712
 -99.5859 18.1667 0.857933 0.857933
 -99.9646 18.3485 0.821605 0.821605
 -99.7879 18.2071 0.824200 0.824200
 -99.6869 18.2071 0.855728 0.855728
 -99.6616 18.2677 0.845300 0.845300
 -99.5606 18.2475 0.862300 0.862300
 -99.4091 18.1667 0.825835 0.825835
 -99.7626 18.0051 0.867820 0.867820
 -99.7374 18.2273 0.845315 0.845315
 -99.6869 18.2273 0.870075 0.870075
 -99.7374 18.3889 0.864662 0.864662
 -99.7121 18.3889 0.868859 0.868859
 -99.3586 18.1869 0.838566 0.838566
 -99.4343 18.1667 0.876876 0.876876
 -99.4091 18.1667 0.866200 0.866200
 -99.5859 18.2677 0.874076 0.874076
 -99.7374 18.1465 0.874128 0.874128
 -99.5606 18.4293 0.843119 0.843119
 -99.3838 18.0859 0.837068 0.837068
 -99.5101 18.2071 0.845304 0.845304
 -99.6616 18.1869 0.874458 0.874458
 -99.3081 18.1263 0.879846 0.879846
 -99.5606 18.2677 0.852060 0.852060
 -99.6111 18.2071 0.856742 0.856742
 -99.5859 18.2475 0.893091 0.893091
 -99.3081 18.0859 0.850693 0.850693
 -99.6616 18.1061 0.831690 0.831690
 -99.3838 18.0859 0.879740 0.879740
 -99.5859 18.1465 0.848871 0.848871
 -99.8636 18.4697 0.834512 0.834512
 -99.7121 18.0859 0.839652 0.839652
 -99.2828 18.2273 0.865775 0.865775
 -99.3333 18.2273 0.812555 0.812555
 -99.7374 18.4899 0.844135 0.844135
 -99.4848 18.2677 0.889930 0.889930
 -99.3838 18.1061 0.816006 0.816006
 -99.3838 18.1667 0.877969 0.877969
 -99.3333 18.1869 0.876694 0.876694
 -99.2576 18.2677 0.831143 0.831143
 -99.3081 18.2475 0.831913 0.831913
 -99.6364 18.2677 0.872864 0.872864
 -99.2576 18.2677 0.828069 0.828069
 -99.1313 18.3081 0.845235 0.845235
 -99.5859 18.1869 0.835281 0.835281
 -99.6616 18.1263 0.864274 0.864274
 -99.1313 18.3283 0.812662 0.812662
 -99.8636 18.2677 0.877699 0.877699
 -99.5354 18.3485 0.851267 0.851267
 -99.1061 18.2475 0.846780 0.846780
 -99.5354 18.4293 0.821733 0.821733
 -99.2828 18.1869 0.854730 0.854730
 -99.3838 18.4091 0.831469 0.831469
 -99.7626 18.4899 0.832576 0.832576
 -99.7121 17.7020 0.909464 0.909464
 -99.8636 17.7020 0.887745 0.887745
 -99.8384 17.9848 0.833911 0.833911
 -99.6616 18.3687 0.862403 0.862403
 -99.4343 18.0859 0.871256 0.871256
 -99.5101 18.2677 0.862325 0.862325
 -99.6111 18.2273 0.830923 0.830923
 -99.6364 18.2677 0.844122 0.844122
 -99.7626 17.5404 0.830127 0.830127
 -99.6869 18.1667 0.900495 0.900495
 -99.8384 17.8232 0.831516 0.831516
 -99.6111 17.6818 0.862405 0.862405
 -99.2576 18.1263 0.844591 0.844591
 -99.7121 17.6414 0.893796 0.893796
 -99.6616 17.6818 0.889769 0.889769
 -99.8384 18.3081 0.833958 0.833958
-100.0152 18.3485 0.838284 0.838284
 -99.9899 18.3081 0.835493 0.835493
 -99.7879 18.2677 0.833428 0.833428
 -99.2071 18.2071 0.842771 0.842771
 -99.8131 18.4697 0.799562 0.799562
 -99.4848 18.4697 0.851984 0.851984
 -99.7626 18.4899 0.785450 0.785450
 -99.7374 18.2475 0.836144 0.836144
 -99.7374 18.2273 0.864231 0.864231
 -99.8636 18.4495 0.846972 0.846972
 -99.8384 18.4697 0.800305 0.800305
-100.0152 18.3687 0.843521 0.843521
 -99.2071 18.3283 0.791526 0.791526
 -99.1061 18.2677 0.843789 0.843789
 -99.9646 18.3283 0.834698 0.834698
 -99.4596 18.2475 0.824069 0.824069
 -99.7121 18.4293 0.801299 0.801299
 -99.5606 18.3687 0.853471 0.853471
 -99.6111 18.4495 0.840342 0.840342
 -99.5354 18.4293 0.833363 0.833363
 -99.4848 18.1667 0.862604 0.862604
 -99.8384 18.4495 0.843629 0.843629
-100.0152 18.5101 0.878734 0.878734
 -99.8131 18.2273 0.842973 0.842973
 -99.7626 17.6010 0.869467 0.869467
 -99.2323 18.3081 0.887705 0.887705
-100.0657 18.4091 0.801102 0.801102
-100.1919 18.3889 0.858759 0.858759
-100.0909 18.1263 0.874963 0.874963
-100.4192 18.3889 0.837139 0.837139
 -99.7374 18.2475 0.830902 0.830902
-100.1919 18.3485 0.831046 0.831046
 -99.4848 18.4495 0.814006 0.814006
 -99.4091 18.2071 0.826939 0.826939
 -99.6364 18.1263 0.843883 0.843883
-100.0152 18.3081 0.867172 0.867172
 -99.9394 18.2273 0.810903 0.810903
 -99.9646 18.4091 0.796249 0.796249
 -99.2323 18.0657 0.864037 0.864037
 -99.6364 18.3687 0.829154 0.829154
 -99.5859 18.1667 0.838753 0.838753
 -99.7121 18.3081 0.809064 0.809064
 -99.4091 18.4293 0.854327 0.854327
 -99.5354 18.3889 0.811441 0.811441
 -99.5354 18.4293 0.821778 0.821778
 -98.9040 17.6616 0.808487 0.808487
 -99.4848 18.1263 0.834928 0.834928
 -99.3838 18.4091 0.832096 0.832096
 -99.9899 18.3485 0.860456 0.860456
 -99.5354 18.3283 0.853472 0.853472
 -99.5354 18.3687 0.851393 0.851393
 -99.5101 18.4495 0.863800 0.863800
 -99.4848 18.4495 0.799435 0.799435
 -99.1313 18.3283 0.827247 0.827247
 -99.1313 18.3283 0.844986 0.844986
 -99.4091 18.2879 0.841933 0.841933
 -99.7121 18.3687 0.826355 0.826355
 -99.5354 18.4293 0.860105 0.860105
 -99.5354 18.3889 0.852550 0.852550
 -99.9141 18.3687 0.843809 0.843809
 -99.2323 18.3283 0.832989 0.832989
 -99.2828 18.1465 0.874228 0.874228
 -99.1061 18.3081 0.837412 0.837412
 -99.2828 18.1465 0.874623 0.874623
 -99.0808 18.3081 0.837934 0.837934
 -99.4848 18.3283 0.861349 0.861349
 -99.2071 18.2677 0.821636 0.821636
 -99.2828 18.2879 0.856593 0.856593
 -99.3081 18.2879 0.817370 0.817370
 -99.5354 18.1869 0.885455 0.885455
 -99.2071 18.2475 0.878143 0.878143
 -99.0556 18.0253 0.861243 0.861243
 -99.3081 18.1869 0.874618 0.874618
 -99.2071 18.1667 0.882828 0.882828
 -99.2323 18.3283 0.846498 0.846498
 -99.3081 18.0859 0.848961 0.848961
 -99.2071 18.2071 0.838807 0.838807
 -99.1313 18.3081 0.845079 0.845079
 -99.4848 18.3081 0.843057 0.843057
 -99.5606 18.2071 0.850133 0.850133
 -99.3333 18.2071 0.897374 0.897374
 -99.2576 18.1869 0.851363 0.851363
 -99.5606 18.2677 0.851504 0.851504
 -98.8788 18.1263 0.841004 0.841004
 -99.3838 18.1667 0.846704 0.846704
 -99.3333 18.1667 0.863255 0.863255
 -99.2828 18.1667 0.890478 0.890478
 -99.3333 18.1869 0.886170 0.886170
 -99.5859 18.2071 0.858642 0.858642
 -99.1061 18.2475 0.839165 0.839165
 -99.2071 18.2071 0.821747 0.821747
 -99.7121 18.1465 0.850244 0.850244
 -99.5101 18.4091 0.838162 0.838162
 -99.5859 18.4091 0.789433 0.789433
 -99.5606 18.3889 0.819462 0.819462
 -99.5101 18.3687 0.833788 0.833788
 -99.5859 18.3687 0.841695 0.841695
 -99.7374 18.4495 0.844583 0.844583
 -99.5606 18.4091 0.836475 0.836475
 -99.5859 18.2071 0.843137 0.843137
 -99.5606 18.2475 0.831202 0.831202
 -99.6111 18.3889 0.830217 0.830217
 -99.6111 18.1869 0.845234 0.845234
 -99.5859 18.2677 0.848920 0.848920
 -99.4848 18.3687 0.826100 0.826100
 -99.5606 18.3889 0.829928 0.829928
 -99.5606 18.2273 0.860886 0.860886
 -99.5859 18.3485 0.849296 0.849296
 -99.6364 18.1667 0.882609 0.882609
 -99.5606 18.4091 0.830464 0.830464
 -99.8384 18.2475 0.855385 0.855385
 -99.6616 18.0253 0.889231 0.889231
 -99.6616 18.1465 0.855760 0.855760
 -99.6111 18.0253 0.819975 0.819975
 -99.7374 18.2071 0.820613 0.820613
 -99.5859 18.2677 0.861997 0.861997
 -99.6111 18.1061 0.861579 0.861579
 -99.6616 18.1263 0.823485 0.823485
 -99.6364 18.0859 0.862573 0.862573
 -99.7374 18.1869 0.887833 0.887833
 -99.6869 18.3283 0.832669 0.832669
 -99.6616 18.2677 0.800620 0.800620
 -99.6616 18.2273 0.872814 0.872814
 -99.7626 18.4293 0.815227 0.815227
 -99.7374 18.4293 0.846177 0.846177
 -99.4091 18.4091 0.837403 0.837403
 -99.7879 18.4293 0.816047 0.816047
-100.5707 19.5000 0.795541 0.795541
 -99.7626 18.3485 0.860801 0.860801
 -99.7879 18.4697 0.851897 0.851897
 -99.8384 18.4495 0.843678 0.843678
 -99.8636 18.4697 0.817677 0.817677
 -99.5859 18.4495 0.887057 0.887057
-100.1414 18.3081 0.833332 0.833332
 -99.6616 18.0657 0.856748 0.856748
 -99.5354 18.2879 0.828760 0.828760
 -99.5354 18.3889 0.818192 0.818192
 -99.8131 18.4495 0.832586 0.832586
 -99.7879 18.3283 0.837556 0.837556
 -99.7374 18.4293 0.844872 0.844872
 -99.6616 18.2273 0.897753 0.897753
 -99.7626 18.3889 0.835038 0.835038
 -99.9646 18.2677 0.843725 0.843725
 -99.4848 18.3081 0.824167 0.824167
 -99.8384 18.3485 0.867344 0.867344
 -99.6869 17.9848 0.822163 0.822163
 -99.8889 18.2677 0.823780 0.823780
 -99.6364 18.1667 0.864386 0.864386
 -99.6111 17.9848 0.863167 0.863167
 -99.5354 18.0657 0.871580 0.871580
 -99.6111 18.0657 0.829648 0.829648
 -99.5354 18.2071 0.821471 0.821471
 -99.8889 18.2879 0.846904 0.846904
 -99.5606 18.2677 0.870139 0.870139
 -99.6869 18.1667 0.863180 0.863180
 -99.5101 18.1061 0.872272 0.872272
 -99.5354 18.4495 0.844758 0.844758
 -99.1566 18.3283 0.846752 0.846752
 -99.3838 18.3889 0.871092 0.871092
 -99.2828 18.2879 0.840180 0.840180
 -99.4091 18.4293 0.854217 0.854217
 -99.4091 18.4091 0.861385 0.861385
 -99.5354 18.4091 0.834781 0.834781
 -99.3586 18.3687 0.865487 0.865487
 -99.2323 18.2475 0.849189 0.849189
 -99.1313 18.3081 0.817607 0.817607
 -99.1061 18.2475 0.846542 0.846542
 -99.2323 18.2677 0.854365 0.854365
 -99.1313 18.2475 0.816094 0.816094
 -99.3081 18.2879 0.863925 0.863925
 -99.2323 18.3283 0.843437 0.843437
 -99.2071 18.2071 0.850988 0.850988
 -99.1061 18.2273 0.828387 0.828387
 -99.5606 18.3687 0.828811 0.828811
 -99.7626 18.3485 0.827509 0.827509
 -99.8131 18.3485 0.822065 0.822065
 -99.4848 18.2071 0.810921 0.810921
 -99.8889 18.3687 0.826353 0.826353
-100.1162 18.3081 0.854807 0.854807
 -99.8384 18.3081 0.825916 0.825916
 -99.7879 18.2273 0.854039 0.854039
 -99.8384 18.4899 0.803237 0.803237
 -99.3081 18.1667 0.858334 0.858334
 -99.5101 18.2071 0.838440 0.838440
 -99.7626 18.2475 0.797746 0.797746
 -99.4343 18.1869 0.857086 0.857086
 -99.6364 18.3889 0.810884 0.810884
 -99.7121 18.3687 0.815546 0.815546
 -99.6111 18.3485 0.836569 0.836569
 -99.7879 18.4091 0.829650 0.829650
 -99.6616 18.3283 0.851366 0.851366
 -99.6616 18.3485 0.837409 0.837409
 -99.8636 18.2475 0.827852 0.827852
 -99.7626 18.4091 0.853090 0.853090
 -99.8131 18.3283 0.852960 0.852960
 -99.9646 18.3889 0.848230 0.848230
 -99.5859 18.2879 0.840275 0.840275
 -99.6364 18.3081 0.834004 0.834004
 -99.6869 18.1869 0.841887 0.841887
 -99.5354 18.3485 0.830014 0.830014
 -99.7374 18.4293 0.851951 0.851951
 -99.8384 18.3081 0.848889 0.848889
 -99.7374 18.1465 0.809631 0.809631
 -99.6616 18.4697 0.835682 0.835682
 -99.8384 18.4495 0.830115 0.830115
 -99.7374 18.0657 0.838085 0.838085
 -99.7626 18.3283 0.809123 0.809123
 -99.6111 18.2273 0.867208 0.867208
 -99.5101 18.3283 0.851364 0.851364
 -99.4091 18.3889 0.835537 0.835537
 -99.6869 18.1263 0.862598 0.862598
 -99.7374 18.1465 0.842757 0.842757
 -99.7374 18.3485 0.859540 0.859540
 -99.7626 18.2677 0.836548 0.836548
 -99.7879 18.4091 0.815934 0.815934
 -99.9394 18.3889 0.848246 0.848246
 -99.5859 18.0859 0.866662 0.866662
 -99.6616 18.3485 0.812482 0.812482
 -99.7626 18.3283 0.828491 0.828491
 -99.9141 18.3687 0.839875 0.839875
 -99.4848 18.3283 0.851909 0.851909
 -99.2071 18.2475 0.864156 0.864156
 -99.3081 18.2475 0.849365 0.849365
 -99.3586 18.1869 0.859885 0.859885
 -99.2323 18.3283 0.809602 0.809602
 -99.1061 18.3081 0.808307 0.808307
 -99.1061 18.2071 0.872869 0.872869
 -99.3586 18.1667 0.849687 0.849687
 -99.2576 18.1465 0.872200 0.872200
 -99.2071 18.3283 0.823294 0.823294
 -99.2828 18.1667 0.863673 0.863673
 -99.1566 18.2677 0.844980 0.844980
 -99.3838 18.1667 0.898206 0.898206
 -99.2071 18.2475 0.846963 0.846963
 -99.5859 18.0253 0.836304 0.836304
 -99.2828 18.0859 0.891043 0.891043
 -99.5606 18.1667 0.874378 0.874378
 -99.4343 18.4495 0.838916 0.838916
 -99.5101 18.3485 0.828823 0.828823
 -99.2576 18.2879 0.842794 0.842794
 -99.1818 18.2677 0.837116 0.837116
 -99.9394 18.0455 0.843789 0.843789
 -99.4091 18.1667 0.858326 0.858326
 -99.3333 18.0455 0.862311 0.862311
 -99.4091 18.1263 0.873573 0.873573
 -99.3081 18.1263 0.888762 0.888762
 -99.4343 18.2677 0.889276 0.889276
 -99.7374 18.3889 0.845957 0.845957
 -99.5859 18.3687 0.841479 0.841479
 -99.7626 18.3889 0.852942 0.852942
 -99.4596 18.1869 0.851792 0.851792
 -99.6111 18.2071 0.850556 0.850556
 -99.7626 18.3283 0.827396 0.827396
 -99.5859 18.2677 0.825981 0.825981
 -99.6111 18.1465 0.881808 0.881808
 -99.5606 18.3283 0.870793 0.870793
 -99.5859 18.2879 0.837539 0.837539
 -99.3586 18.0859 0.857200 0.857200
 -99.3333 18.1465 0.864150 0.864150
 -99.5859 18.2273 0.828228 0.828228
 -99.4091 18.1465 0.850893 0.850893
 -99.5859 18.1869 0.881053 0.881053
 -99.9394 18.4899 0.854939 0.854939
 -99.7374 18.2273 0.868630 0.868630
 -99.4091 18.1869 0.864143 0.864143
 -99.6111 18.2273 0.823844 0.823844
 -99.6111 18.2071 0.889635 0.889635
 -99.5354 18.2677 0.846883 0.846883
-100.0404 18.4899 0.808033 0.808033
 -99.2828 18.1061 0.892855 0.892855
 -99.3586 18.1061 0.819689 0.819689
 -99.5606 18.1263 0.845627 0.845627
 -99.7626 18.1667 0.853108 0.853108
 -99.5859 18.3687 0.849622 0.849622
 -99.9394 17.8232 0.860275 0.860275
 -99.8384 18.4495 0.868308 0.868308
 -99.8384 18.3687 0.849595 0.849595
 -99.5101 18.2475 0.872817 0.872817
 -99.9646 18.2071 0.879845 0.879845
 -99.8889 18.4697 0.826511 0.826511
 -99.4343 18.1263 0.837565 0.837565
-100.0404 18.3485 0.830533 0.830533
-100.0152 18.3081 0.815206 0.815206
 -99.9646 18.3283 0.860923 0.860923
 -99.7626 18.4899 0.776558 0.776558
 -99.3333 18.3485 0.850027 0.850027
 -99.3838 18.4091 0.869671 0.869671
 -99.4596 18.4495 0.848882 0.848882
 -99.2071 18.3485 0.828888 0.828888
 -99.6616 18.4091 0.839153 0.839153
 -99.2071 18.3081 0.796073 0.796073
 -99.6111 18.3485 0.847144 0.847144
 -99.4091 18.1869 0.844557 0.844557
 -99.4343 18.4293 0.873318 0.873318
 -99.4596 18.1667 0.825707 0.825707
 -99.2828 18.1667 0.851169 0.851169
 -99.4848 18.4293 0.829870 0.829870
 -99.4091 18.3687 0.826373 0.826373
 -99.7374 18.3485 0.815516 0.815516
 -99.8131 18.5101 0.795181 0.795181
 -99.2071 18.2273 0.836664 0.836664
 -99.2576 18.2677 0.837850 0.837850
 -99.3838 18.2879 0.828939 0.828939
 -99.2576 18.3283 0.836889 0.836889
 -99.2323 18.2273 0.848854 0.848854
 -99.2071 18.2677 0.835818 0.835818
 -99.4343 18.3485 0.830138 0.830138
 -99.5606 18.4293 0.852385 0.852385
 -99.6111 18.4091 0.833041 0.833041
 -99.5101 18.4091 0.857434 0.857434
 -99.6869 18.4495 0.838801 0.838801
 -99.2576 18.2677 0.870848 0.870848
 -99.6616 18.2273 0.848022 0.848022
 -99.6869 18.2475 0.866729 0.866729
 -99.7879 18.2879 0.878080 0.878080
-100.0152 18.3889 0.872580 0.872580
 -99.5101 18.3889 0.859137 0.859137
-100.9747 19.0354 0.803390 0.803390
 -99.7626 18.2475 0.854018 0.854018
 -99.3586 18.1667 0.825854 0.825854
 -99.9394 18.1869 0.844016 0.844016
-100.4949 18.0657 0.876969 0.876969
 -99.7626 18.2879 0.836120 0.836120
 -99.8131 18.4293 0.826568 0.826568
 -99.7374 18.4091 0.796644 0.796644
 -99.2071 18.1667 0.896571 0.896571
 -99.4848 18.3485 0.819414 0.819414
 -99.1313 18.2475 0.779733 0.779733
 -99.1818 18.2475 0.834306 0.834306
 -99.2323 18.2677 0.855895 0.855895
 -99.2323 18.1869 0.806979 0.806979
 -99.2323 18.2677 0.858844 0.858844
 -99.4091 18.1667 0.836447 0.836447
 -99.3081 18.2475 0.852210 0.852210
 -99.2828 18.1465 0.862251 0.862251
 -99.1818 18.2677 0.837602 0.837602
 -99.1061 18.1263 0.871379 0.871379
 -99.3081 18.2273 0.847960 0.847960
 -99.2576 18.4091 0.799402 0.799402
 -99.2828 18.3283 0.831063 0.831063
 -99.1313 18.2475 0.831260 0.831260
 -99.3333 18.2475 0.864584 0.864584
 -99.5354 18.3283 0.860313 0.860313
 -99.6364 18.2071 0.870902 0.870902
 -99.3838 18.4293 0.828742 0.828742
 -99.5101 18.4293 0.835141 0.835141
 -99.1313 18.3485 0.766069 0.766069
 -99.5354 18.3889 0.829950 0.829950
 -99.4343 18.3283 0.820509 0.820509
 -99.3333 18.0859 0.832427 0.832427
 -99.2576 18.3485 0.867502 0.867502
 -99.3838 18.3485 0.822470 0.822470
 -99.5859 18.3485 0.853686 0.853686
 -99.3586 18.3485 0.863904 0.863904
 -99.3333 18.2475 0.846395 0.846395
 -99.5354 18.4293 0.833856 0.833856
 -99.5606 18.1667 0.832664 0.832664
 -99.5101 18.2071 0.903426 0.903426
 -99.2071 18.2071 0.820464 0.820464
 -99.3333 18.2677 0.858544 0.858544
 -99.2071 18.2071 0.855387 0.855387
 -99.3838 18.1465 0.864246 0.864246
 -99.3838 18.2475 0.858798 0.858798
 -99.7374 18.3687 0.847315 0.847315
 -99.5606 18.3687 0.843350 0.843350
 -99.7374 18.4091 0.842742 0.842742
 -99.8131 18.2677 0.887651 0.887651
 -99.7374 18.4091 0.846791 0.846791
 -99.5606 18.2677 0.819680 0.819680
 -99.9141 18.5505 0.774300 0.774300
 -99.7879 18.2879 0.844903 0.844903
 -99.5606 18.2475 0.871037 0.871037
 -99.3586 18.3889 0.836042 0.836042
 -99.5606 18.3485 0.871259 0.871259
 -99.5859 18.3889 0.839440 0.839440
 -99.8889 18.3889 0.848223 0.848223
 -99.7374 18.4293 0.838602 0.838602
 -99.5101 18.4091 0.838267 0.838267
 -99.4596 18.3081 0.819980 0.819980
 -99.7626 18.3283 0.841966 0.841966
 -99.6364 18.3485 0.861982 0.861982
 -99.5606 18.4091 0.839599 0.839599
-100.0152 18.5101 0.837020 0.837020
 -99.5354 18.5101 0.875223 0.875223
 -99.6616 18.3687 0.800325 0.800325
 -99.8636 18.3889 0.851259 0.851259
 -99.8131 18.3687 0.837487 0.837487
 -99.7879 18.5101 0.821210 0.821210
 -99.8384 18.4293 0.805004 0.805004
 -99.9646 18.4091 0.814013 0.814013
 -99.3586 18.1465 0.845247 0.845247
 -99.2323 17.9444 0.797118 0.797118
 -99.6364 18.2273 0.832409 0.832409
 -99.9141 18.2273 0.870091 0.870091
 -99.8131 18.4899 0.832258 0.832258
 -99.7879 18.1263 0.847354 0.847354
 -99.5354 18.3283 0.840018 0.840018
 -99.6111 18.0859 0.866033 0.866033
 -99.6364 18.2879 0.857015 0.857015
 -99.9899 17.7424 0.899214 0.899214
 -99.7121 18.0657 0.850192 0.850192
 -99.6111 18.0859 0.868396 0.868396
 -99.4848 18.1061 0.895140 0.895140
 -99.7374 18.2475 0.867305 0.867305
-100.0152 18.4495 0.830468 0.830468
 -99.5101 18.3283 0.836203 0.836203
 -99.6869 18.2273 0.879734 0.879734
 -99.5859 18.2879 0.823793 0.823793
 -99.7879 18.2677 0.857319 0.857319
 -99.5354 18.1869 0.850063 0.850063
 -99.5606 18.2475 0.870864 0.870864
 -99.5859 18.1667 0.869930 0.869930
 -99.7626 18.1465 0.868281 0.868281
 -99.7626 18.0051 0.881160 0.881160
 -99.7374 18.2879 0.842778 0.842778
 -99.7626 18.3081 0.867932 0.867932
 -99.5354 18.2677 0.861253 0.861253
 -99.5354 18.2677 0.831246 0.831246
 -99.6869 18.2273 0.850231 0.850231
 -99.2576 18.3081 0.822956 0.822956
 -99.7626 18.0051 0.865278 0.865278
 -99.5606 18.2071 0.872786 0.872786
 -99.3586 18.1869 0.880213 0.880213
 -99.8636 17.6010 0.870763 0.870763
 -99.5859 18.2273 0.819965 0.819965
 -99.7879 17.7222 0.893180 0.893180
 -99.6869 17.6818 0.880311 0.880311
 -99.2576 17.9848 0.866152 0.866152
 -99.3838 17.9040 0.809503 0.809503
 -99.3333 18.1061 0.873248 0.873248
 -99.6364 18.1667 0.869555 0.869555
 -99.4343 18.0859 0.844045 0.844045
 -99.6869 18.2273 0.857770 0.857770
 -99.6616 17.7020 0.884911 0.884911
 -99.3586 18.1869 0.868132 0.868132
 -99.5354 18.3081 0.850044 0.850044
 -99.3081 18.1263 0.862121 0.862121
 -99.3333 18.0455 0.863608 0.863608
 -99.6869 18.1061 0.847187 0.847187
 -99.5354 18.2475 0.816502 0.816502
 -99.4091 18.0657 0.871515 0.871515
 -99.8636 17.6818 0.875856 0.875856
 -99.5859 18.3687 0.846373 0.846373
 -99.7374 18.4293 0.866569 0.866569
 -99.6869 18.3889 0.858066 0.858066
 -99.6364 18.4091 0.850811 0.850811
 -99.3586 18.1061 0.869861 0.869861
 -99.4091 18.1667 0.876264 0.876264
 -99.3586 18.1667 0.858479 0.858479
 -99.3838 18.1667 0.874990 0.874990
 -99.5101 18.3081 0.823403 0.823403
 -99.5606 18.3687 0.833024 0.833024
 -99.3586 18.1465 0.853655 0.853655
 -99.6869 18.3283 0.835924 0.835924
 -99.4848 18.3283 0.837237 0.837237
 -99.4091 18.1263 0.879186 0.879186
 -99.9394 18.3889 0.823788 0.823788
 -99.5606 18.2475 0.853783 0.853783
 -99.1566 18.2677 0.837280 0.837280
 -99.4596 18.4293 0.843171 0.843171
 -99.5606 18.1263 0.843042 0.843042
 -99.8384 17.6414 0.866947 0.866947
 -99.6869 18.1869 0.870643 0.870643
 -99.6364 18.1465 0.867445 0.867445
 -99.6111 18.1869 0.868322 0.868322
 -99.6111 18.2677 0.873103 0.873103
 -99.7121 18.1869 0.882001 0.882001
 -99.4848 18.1465 0.878378 0.878378
 -99.8131 18.3485 0.843753 0.843753
 -99.6616 18.1061 0.869970 0.869970
 -99.5606 18.4091 0.834444 0.834444
 -99.6364 18.2475 0.859379 0.859379
 -99.6364 18.2273 0.829848 0.829848
 -99.5101 18.4293 0.809339 0.809339
 -99.7374 18.4495 0.826645 0.826645
 -99.5606 18.3687 0.807601 0.807601
 -99.1061 18.2879 0.829511 0.829511
 -99.1061 18.3081 0.830830 0.830830
 -99.4091 18.2677 0.825756 0.825756
 -99.6616 18.1061 0.862077 0.862077
 -99.6364 18.1263 0.868175 0.868175
 -99.2323 18.3283 0.842654 0.842654
-100.0404 18.3889 0.824752 0.824752
 -99.8889 17.8030 0.779791 0.779791
-100.1919 18.2475 0.851197 0.851197
 -99.6364 18.3283 0.849926 0.849926
 -99.7121 18.2273 0.843505 0.843505
 -99.7121 18.1667 0.867275 0.867275
 -99.6364 18.2677 0.869500 0.869500
 -99.6869 17.7424 0.829988 0.829988
 -99.9394 17.8030 0.804055 0.804055
 -99.9141 17.8232 0.829249 0.829249
 -99.7626 18.2677 0.828450 0.828450
 -99.8384 18.2677 0.843526 0.843526
 -99.5354 17.7222 0.819900 0.819900
 -99.8636 18.3283 0.796880 0.796880
 -99.5606 18.4091 0.845867 0.845867
 -99.7626 17.6818 0.902354 0.902354
 -99.8889 18.2677 0.849884 0.849884
 -99.7121 18.3485 0.827596 0.827596
 -99.5606 18.1465 0.875151 0.875151
 -99.7879 18.2677 0.854531 0.854531
 -99.9141 17.7020 0.904152 0.904152
 -99.7626 17.6212 0.896496 0.896496
 -99.6364 18.2879 0.865850 0.865850
 -99.6364 18.1667 0.844893 0.844893
 -99.4596 18.4293 0.849010 0.849010
 -99.8131 18.2475 0.851602 0.851602
 -99.3586 18.1263 0.828044 0.828044
 -99.8131 18.2475 0.833548 0.833548
 -99.7626 18.2475 0.869523 0.869523
 -99.5101 18.4091 0.848908 0.848908
 -99.5859 18.0859 0.839962 0.839962
 -99.6364 17.6212 0.855508 0.855508
 -99.2828 18.0859 0.864669 0.864669
 -99.3838 18.2273 0.870968 0.870968
 -99.4343 18.1465 0.857572 0.857572
 -99.4091 18.1263 0.838236 0.838236
 -99.4091 18.1869 0.871163 0.871163
 -99.2828 18.1061 0.849745 0.849745
 -99.8889 18.3889 0.835624 0.835624
 -99.4343 18.2677 0.822611 0.822611
 -99.9141 18.3889 0.820412 0.820412
 -99.7374 18.3889 0.855753 0.855753
 -99.5354 18.3485 0.851215 0.851215
 -99.3333 18.2677 0.862843 0.862843
 -99.0808 18.1869 0.881581 0.881581
 -99.8131 18.1061 0.850713 0.850713
 -99.2323 18.2273 0.854038 0.854038
 -99.2576 18.1667 0.865529 0.865529
 -99.7121 18.1667 0.848988 0.848988
 -99.5354 18.3687 0.926911 0.926911
 -99.8384 18.2273 0.839624 0.839624
 -99.9646 17.7626 0.828050 0.828050
 -99.3838 18.4091 0.841914 0.841914
 -99.1818 18.3687 0.820066 0.820066
 -99.7626 18.3687 0.851775 0.851775
 -99.8384 18.5101 0.844501 0.844501
 -99.8384 18.2475 0.879769 0.879769
 -99.5606 18.2475 0.884920 0.884920
 -99.6111 18.1667 0.813554 0.813554
 -99.5859 18.1263 0.842736 0.842736
 -99.8636 18.2879 0.828823 0.828823
 -99.7626 18.3283 0.866688 0.866688
 -99.8384 18.1869 0.841703 0.841703
 -99.9394 17.8030 0.827037 0.827037
 -99.7121 18.0253 0.858431 0.858431
 -99.7626 17.8434 0.821316 0.821316
 -99.6364 18.2071 0.826894 0.826894
 -99.7374 18.0253 0.837926 0.837926
 -99.5354 18.0859 0.890585 0.890585
 -99.7374 18.2475 0.831475 0.831475
 -99.8384 18.3081 0.848389 0.848389
-100.4192 18.0051 0.809215 0.809215
 -99.6111 18.4091 0.829270 0.829270
 -99.7626 17.6010 0.885148 0.885148
 -99.5354 18.1667 0.834214 0.834214
 -99.9394 18.4495 0.822370 0.822370
 -99.6111 18.1465 0.860544 0.860544
 -99.7626 18.0051 0.892286 0.892286
 -99.7626 18.1465 0.853656 0.853656
 -99.7879 18.0859 0.853580 0.853580
 -99.4343 18.2071 0.855007 0.855007
 -99.6616 18.1061 0.862791 0.862791
 -99.7121 18.2879 0.869938 0.869938
 -99.5354 18.1263 0.853790 0.853790
 -98.6010 18.2475 0.895334 0.895334
 -99.5101 18.2273 0.835786 0.835786
 -99.5606 18.4697 0.833834 0.833834
 -99.4848 18.4495 0.803905 0.803905
 -99.5354 18.4697 0.844206 0.844206
 -99.4091 18.3081 0.866902 0.866902
 -99.3586 18.2475 0.823088 0.823088
 -99.6111 18.3485 0.865762 0.865762
 -99.7374 18.4697 0.812187 0.812187
 -99.7374 18.3283 0.818624 0.818624
 -99.6616 17.8838 0.805282 0.805282
 -99.7121 17.7020 0.884072 0.884072
 -99.7121 17.7626 0.869270 0.869270
 -99.7374 18.4091 0.856586 0.856586
 -99.9646 18.3485 0.841439 0.841439
 -99.4848 17.8232 0.890806 0.890806
 -99.6616 18.2475 0.839954 0.839954
 -99.6616 18.2071 0.882689 0.882689
 -99.7626 18.2475 0.854216 0.854216
 -99.5101 18.3485 0.817384 0.817384
 -99.6869 18.2273 0.860485 0.860485
 -99.6364 18.0657 0.881807 0.881807
 -99.8636 18.0253 0.828966 0.828966
 -99.7374 18.0253 0.875864 0.875864
 -99.3838 18.1465 0.871301 0.871301
 -99.9141 18.4697 0.834895 0.834895
 -99.7879 18.3687 0.827139 0.827139
 -99.8636 18.4495 0.838947 0.838947
-100.7727 17.7828 0.773196 0.773196
 -99.6364 18.4495 0.815262 0.815262
 -99.6869 18.4697 0.827655 0.827655
 -99.7121 18.3889 0.841018 0.841018
 -99.6616 18.3889 0.872084 0.872084
 -99.7626 18.4293 0.861232 0.861232
 -99.5606 18.3283 0.850539 0.850539
 -99.5859 18.3283 0.841208 0.841208
 -99.6111 18.3081 0.820747 0.820747
 -99.6111 18.3081 0.850747 0.850747
 -99.6111 18.2071 0.856483 0.856483
 -99.9141 17.7828 0.852659 0.852659
 -99.6111 18.2071 0.828476 0.828476
 -99.6869 18.0859 0.856138 0.856138
 -99.4343 18.0657 0.809614 0.809614
 -99.1313 18.2475 0.831704 0.831704
 -99.2323 18.2273 0.838764 0.838764
 -99.6111 18.1061 0.849197 0.849197
 -99.4091 18.1869 0.865613 0.865613
 -99.6364 18.2071 0.855768 0.855768
 -99.5859 18.0657 0.887527 0.887527
 -99.5606 18.1263 0.886868 0.886868
 -99.3333 18.2475 0.875269 0.875269
 -99.2071 18.2071 0.807228 0.807228
 -99.3838 18.1667 0.879952 0.879952
 -99.6111 18.1667 0.848289 0.848289
 -99.5859 18.2273 0.883309 0.883309
 -99.5859 18.2273 0.866066 0.866066
 -99.5859 18.2071 0.869473 0.869473
 -99.6616 18.2677 0.847984 0.847984
 -99.5101 18.3485 0.846616 0.846616
 -99.5606 18.3283 0.859373 0.859373
 -99.7626 18.0051 0.855062 0.855062
 -99.5354 18.2879 0.864444 0.864444
 -99.3081 18.2475 0.855976 0.855976
 -99.5859 18.1667 0.838575 0.838575
-100.3434 18.3687 0.852088 0.852088
 -99.6111 18.2879 0.861998 0.861998
 -99.9646 18.2677 0.831127 0.831127
-100.4949 18.0455 0.875617 0.875617
 -99.6364 18.2475 0.838238 0.838238
 -99.5859 18.1465 0.864714 0.864714
-100.2172 18.0859 0.819535 0.819535
 -99.7374 18.0657 0.890893 0.890893
 -99.7374 18.4091 0.833217 0.833217
 -99.5101 18.4899 0.820954 0.820954
 -99.4343 18.4697 0.859186 0.859186
 -99.9394 18.1465 0.846850 0.846850
 -99.5859 18.4091 0.791769 0.791769
 -99.7374 18.4091 0.849894 0.849894
 -99.7121 18.3889 0.832480 0.832480
 -99.5354 18.2879 0.805172 0.805172
 -99.7374 18.3889 0.857081 0.857081
 -99.5606 18.3081 0.852205 0.852205
 -99.8131 17.6616 0.850530 0.850530
 -99.9141 17.6414 0.861391 0.861391
 -99.8889 17.6212 0.867028 0.867028
 -99.7374 18.2273 0.841581 0.841581
 -99.7374 18.1465 0.875533 0.875533
 -99.7879 17.7424 0.872725 0.872725
 -99.6869 17.8434 0.846112 0.846112
 -99.7879 17.6818 0.900764 0.900764
 -99.7121 17.7626 0.920030 0.920030
 -99.7626 18.1465 0.799853 0.799853
 -99.8636 18.2475 0.858515 0.858515
 -99.9141 17.6212 0.869912 0.869912
 -99.5859 18.3687 0.837651 0.837651
 -99.4343 17.8838 0.829897 0.829897
 -99.7626 17.6010 0.882830 0.882830
 -99.5606 18.4091 0.819487 0.819487
 -99.4091 18.4293 0.861288 0.861288
 -99.4343 18.3283 0.835249 0.835249
 -99.4596 18.4495 0.823037 0.823037
 -99.4091 18.4293 0.844495 0.844495
 -99.4848 18.4293 0.821978 0.821978
 -99.9899 18.1667 0.860043 0.860043
 -99.7626 18.0051 0.840025 0.840025
 -99.8636 18.1263 0.825627 0.825627
 -99.8131 18.2475 0.857438 0.857438
 -99.7121 18.2879 0.858061 0.858061
 -99.5859 18.2273 0.879563 0.879563
 -99.6364 18.1465 0.888961 0.888961
 -99.6111 18.4091 0.815343 0.815343
 -99.6111 18.2273 0.837282 0.837282
 -99.3586 18.1667 0.870473 0.870473
 -99.5101 18.3081 0.846009 0.846009
 -99.6869 18.2273 0.842878 0.842878
 -99.3838 18.1263 0.876030 0.876030
 -99.7121 18.1667 0.887603 0.887603
 -99.3586 18.2071 0.883307 0.883307
 -99.3081 18.2273 0.851088 0.851088
 -99.3081 18.2475 0.818126 0.818126
 -99.6364 18.2071 0.873283 0.873283
 -99.7879 18.2879 0.825381 0.825381
 -99.7374 18.4293 0.830468 0.830468
 -99.9394 18.0051 0.818859 0.818859
 -99.6364 18.2475 0.845896 0.845896
 -99.3586 18.0859 0.865220 0.865220
 -99.4596 17.8838 0.837538 0.837538
 -99.6111 18.1667 0.894207 0.894207
 -99.6616 18.1667 0.862394 0.862394
 -99.4848 18.4091 0.833201 0.833201
 -99.5606 18.2273 0.879902 0.879902
 -99.7879 18.0051 0.871398 0.871398
 -99.5101 18.4495 0.835374 0.835374
 -99.2576 18.1263 0.847501 0.847501
 -99.5354 18.4697 0.867718 0.867718
 -99.1818 18.1061 0.869653 0.869653
 -99.4343 18.4495 0.823182 0.823182
 -99.2576 18.1263 0.832682 0.832682
 -99.4596 18.4495 0.803122 0.803122
 -99.3081 18.3485 0.824954 0.824954
 -99.3081 18.1869 0.892189 0.892189
 -99.2576 18.1263 0.852524 0.852524
 -99.3081 18.1869 0.872308 0.872308
 -99.5101 18.2677 0.846299 0.846299
 -99.4848 18.3081 0.846042 0.846042
 -99.2576 18.3485 0.875507 0.875507
 -99.1566 18.2475 0.870686 0.870686
 -99.5859 18.1667 0.878584 0.878584
 -99.2323 18.1263 0.840462 0.840462
 -99.5606 18.1869 0.860306 0.860306
 -99.2071 18.2677 0.829577 0.829577
 -99.2828 18.1465 0.868412 0.868412
 -99.2071 18.2071 0.846149 0.846149
 -99.2071 18.0253 0.818550 0.818550
 -99.6869 18.1465 0.852784 0.852784
 -99.3333 18.1061 0.838861 0.838861
 -99.2828 18.1869 0.844549 0.844549
 -99.7121 18.1465 0.855882 0.855882
 -99.0556 17.7424 0.809057 0.809057
 -99.2576 18.3485 0.887992 0.887992
 -99.9141 18.4697 0.800655 0.800655
 -99.9646 18.4293 0.835853 0.835853
 -99.8384 18.4495 0.844756 0.844756
 -99.6869 18.2071 0.857368 0.857368
 -99.6364 18.1667 0.862756 0.862756
 -99.3838 18.3485 0.857465 0.857465
 -99.6616 18.1667 0.850158 0.850158
 -99.1566 18.3283 0.820249 0.820249
 -99.1566 18.3283 0.835870 0.835870
 -99.7121 18.4091 0.849438 0.849438
 -99.5101 18.4293 0.826808 0.826808
-100.1414 18.2879 0.829293 0.829293
 -99.7121 18.3283 0.818368 0.818368
 -99.5859 18.1263 0.825413 0.825413
 -99.8131 18.2475 0.858303 0.858303
 -99.8636 18.3081 0.797494 0.797494
 -99.6111 18.3889 0.830250 0.830250
 -99.7121 18.2475 0.869194 0.869194
 -99.6869 18.2475 0.849950 0.849950
 -99.7879 18.3283 0.850426 0.850426
 -99.6616 18.2677 0.833818 0.833818
 -99.6364 18.1869 0.838785 0.838785
 -99.4848 18.1061 0.870652 0.870652
 -99.6111 18.3081 0.866013 0.866013
 -99.7879 18.2879 0.826545 0.826545
 -99.5101 18.2677 0.823520 0.823520
 -99.9899 18.3081 0.860167 0.860167
 -99.7374 18.0253 0.846068 0.846068
 -99.9141 18.4091 0.837637 0.837637
 -99.6364 18.2071 0.841225 0.841225
 -99.7626 18.0051 0.842915 0.842915
 -99.5606 18.2475 0.835703 0.835703
 -99.6364 18.2273 0.859401 0.859401
 -99.7879 18.0051 0.837452 0.837452
 -99.7626 18.0051 0.860011 0.860011
 -99.5859 18.2071 0.849464 0.849464
 -99.3081 18.1263 0.842508 0.842508
 -99.5354 18.2071 0.853333 0.853333
 -99.5354 18.2879 0.839225 0.839225
 -99.2828 18.1061 0.867562 0.867562
 -99.5606 18.3081 0.841777 0.841777
 -99.5354 18.3485 0.855381 0.855381
 -99.6111 18.2071 0.839395 0.839395
 -99.2828 18.0859 0.884485 0.884485
 -99.7879 17.6818 0.891256 0.891256
 -99.1818 17.9646 0.831755 0.831755
 -99.7879 18.0051 0.840464 0.840464
 -99.6616 17.6212 0.868816 0.868816
 -99.5101 18.1465 0.837080 0.837080
 -99.6869 18.2071 0.851534 0.851534
 -99.3838 18.0657 0.875123 0.875123
 -99.3081 18.0253 0.843244 0.843244
 -99.8384 18.2071 0.885519 0.885519
 -99.5606 18.1869 0.861093 0.861093
 -99.3586 18.1263 0.854954 0.854954
 -99.3838 18.1869 0.813168 0.813168
 -99.7879 17.6212 0.876196 0.876196
 -99.5606 18.2071 0.851778 0.851778
 -99.5606 18.2273 0.822849 0.822849
 -99.6364 18.2677 0.855907 0.855907
 -99.9646 18.1869 0.811430 0.811430
 -99.6616 18.1061 0.870160 0.870160
 -99.5859 18.1263 0.839190 0.839190
 -99.8636 17.7424 0.893433 0.893433
 -99.9899 17.7020 0.872886 0.872886
 -99.9646 17.7626 0.862676 0.862676
 -99.3333 18.1263 0.878723 0.878723
 -99.6111 18.2273 0.877539 0.877539
 -99.3838 18.1465 0.868568 0.868568
 -99.6364 18.1667 0.836145 0.836145
 -99.3838 18.1667 0.848468 0.848468
 -99.5859 18.2475 0.867016 0.867016
 -99.7879 18.2071 0.828762 0.828762
 -99.7626 17.6212 0.902553 0.902553
 -99.7121 17.6818 0.915106 0.915106
 -99.7626 18.3283 0.844834 0.844834
 -99.9394 18.3283 0.809329 0.809329
-100.0909 18.2071 0.855063 0.855063
 -99.7374 17.7222 0.895020 0.895020
 -99.4091 18.4091 0.807687 0.807687
 -99.6364 18.1667 0.864033 0.864033
 -99.7374 18.0253 0.885090 0.885090
 -99.0808 17.7424 0.862513 0.862513
 -99.7121 18.1465 0.857485 0.857485
 -99.7879 17.6818 0.874213 0.874213
 -99.4848 18.3485 0.807939 0.807939
 -99.7121 18.3687 0.873173 0.873173
 -99.6111 18.2677 0.836249 0.836249
 -99.6616 18.4495 0.824165 0.824165
 -99.5606 18.3485 0.836891 0.836891
 -99.6111 18.3081 0.803267 0.803267
 -99.4343 18.4495 0.827180 0.827180
 -99.6869 18.2273 0.855452 0.855452
 -99.6869 18.3889 0.839694 0.839694
 -99.5101 18.3081 0.866375 0.866375
 -99.6616 18.2071 0.813497 0.813497
 -99.4343 18.4495 0.866396 0.866396
 -99.6111 18.2475 0.832428 0.832428
 -99.2323 18.3081 0.826944 0.826944
 -99.0808 18.2273 0.882417 0.882417
 -99.2828 18.2879 0.851394 0.851394
 -99.2576 18.1263 0.838501 0.838501
 -99.1313 18.3283 0.847148 0.847148
 -99.8889 18.4697 0.836758 0.836758
 -99.3333 18.1465 0.849094 0.849094
 -99.2323 18.1263 0.872768 0.872768
 -99.1313 18.2071 0.853445 0.853445
 -99.3333 18.1869 0.882770 0.882770
 -99.5354 18.4697 0.859323 0.859323
 -99.4091 18.1869 0.794475 0.794475
 -99.3586 18.1869 0.847020 0.847020
 -99.5101 18.3081 0.807076 0.807076
 -99.5859 18.4899 0.827832 0.827832
 -99.5354 18.4495 0.839747 0.839747
 -99.9646 18.3889 0.854209 0.854209
 -99.6111 18.4697 0.801192 0.801192
 -99.7374 18.4091 0.835290 0.835290
 -99.5606 18.3687 0.836351 0.836351
 -99.7374 18.4899 0.838719 0.838719
 -99.7879 18.5101 0.834745 0.834745
 -99.5354 18.3081 0.854488 0.854488
 -99.7121 18.3889 0.858272 0.858272
 -99.6111 18.2475 0.861930 0.861930
 -99.1818 18.3283 0.868523 0.868523
 -99.1061 18.2475 0.848599 0.848599
 -99.5354 18.2677 0.827957 0.827957
 -99.5101 18.1061 0.893309 0.893309
 -99.6616 18.2677 0.854962 0.854962
 -99.7121 18.2677 0.869842 0.869842
 -99.6869 18.3283 0.826832 0.826832
 -99.7374 18.2071 0.881183 0.881183
 -99.5101 18.2677 0.867014 0.867014
 -99.7121 18.3889 0.834553 0.834553
 -99.5606 18.1263 0.877467 0.877467
 -99.5101 18.2677 0.848568 0.848568
 -99.5859 18.4091 0.825706 0.825706
 -99.5101 18.1061 0.885226 0.885226
-100.1919 18.4899 0.864650 0.864650
 -99.7626 18.3687 0.823605 0.823605
 -99.7879 17.9848 0.858775 0.858775
 -99.4343 18.4495 0.836109 0.836109
 -99.7626 18.4091 0.858695 0.858695
 -99.7626 18.0051 0.831044 0.831044
 -99.5101 18.1465 0.844540 0.844540
 -99.7121 18.0253 0.834919 0.834919
 -99.8889 17.8030 0.860962 0.860962
 -99.6364 18.1263 0.867861 0.867861
 -99.5606 18.2273 0.825489 0.825489
 -99.7374 18.0859 0.871061 0.871061
 -99.3586 18.0455 0.841908 0.841908
 -99.3333 18.1667 0.860561 0.860561
 -99.5859 18.1667 0.883859 0.883859
 -99.3838 18.1667 0.819289 0.819289
 -99.6111 18.1667 0.872965 0.872965
 -99.5606 18.2677 0.860234 0.860234
 -99.2828 18.0859 0.877722 0.877722
 -99.2828 18.0657 0.837640 0.837640
 -99.5354 18.2071 0.856437 0.856437
 -99.3838 18.0657 0.851813 0.851813
 -99.4343 18.1465 0.843269 0.843269
 -99.5606 18.3485 0.860590 0.860590
 -99.2323 18.1667 0.878879 0.878879
 -99.3333 18.2475 0.836830 0.836830
 -99.3333 18.2475 0.856989 0.856989
 -99.5101 18.3081 0.859919 0.859919
 -99.3586 18.1061 0.894871 0.894871
 -99.5606 18.1667 0.907695 0.907695
 -99.3586 18.2273 0.863957 0.863957
 -99.5859 18.4091 0.845394 0.845394
 -99.4343 18.4293 0.872831 0.872831
 -99.1818 18.3687 0.760564 0.760564
 -99.6111 18.3889 0.847557 0.847557
 -99.4091 18.2475 0.849381 0.849381
 -99.3586 18.2475 0.849071 0.849071
 -99.3838 18.4293 0.829917 0.829917
 -99.6869 17.9848 0.858246 0.858246
 -99.6364 18.4293 0.820793 0.820793
 -99.7626 18.3889 0.841533 0.841533
 -99.6869 18.2071 0.846956 0.846956
 -99.6616 18.2475 0.853228 0.853228
 -99.4343 18.3485 0.835524 0.835524
 -99.9141 18.4697 0.856603 0.856603
 -99.6111 18.1465 0.776186 0.776186
 -99.5354 18.4697 0.827438 0.827438
 -99.5606 18.4899 0.841439 0.841439
 -99.4091 18.4495 0.852755 0.852755
 -99.5859 18.3889 0.823405 0.823405
 -99.6616 18.4495 0.831034 0.831034
 -99.5859 18.4091 0.808774 0.808774
 -99.5101 18.3687 0.838218 0.838218
 -99.5606 18.3283 0.826036 0.826036
 -99.8384 18.4293 0.847819 0.847819
 -99.4596 18.4495 0.791309 0.791309
 -99.6869 18.3889 0.840213 0.840213
 -99.9141 18.3081 0.845136 0.845136
-100.0152 18.3081 0.857644 0.857644
 -99.8636 18.4697 0.815663 0.815663
 -99.4091 18.1869 0.836873 0.836873
 -99.7879 18.2677 0.865805 0.865805
 -99.8131 18.2273 0.832738 0.832738
 -99.6616 18.2677 0.855525 0.855525
 -99.5606 18.2273 0.846844 0.846844
 -99.6364 18.2475 0.857977 0.857977
 -99.5606 18.2879 0.799887 0.799887
 -99.6616 18.1667 0.882883 0.882883
 -99.6616 18.1263 0.865664 0.865664
 -99.4848 18.1263 0.829476 0.829476
 -99.8636 18.3081 0.873365 0.873365
 -99.8131 18.2677 0.842527 0.842527
 -99.8889 18.3687 0.809425 0.809425
 -99.8889 18.3485 0.841482 0.841482
 -99.8889 18.3687 0.799485 0.799485
 -99.4091 18.2879 0.856252 0.856252
 -99.7879 18.4091 0.810190 0.810190
 -99.2828 18.3687 0.861067 0.861067
 -99.3838 18.4091 0.857023 0.857023
 -99.5354 18.1667 0.834944 0.834944
 -99.5101 18.3889 0.842781 0.842781
 -99.2323 18.2273 0.854035 0.854035
 -99.1818 18.3485 0.832176 0.832176
 -99.3333 18.3283 0.816187 0.816187
 -99.2576 18.3485 0.870745 0.870745
 -99.2828 18.1869 0.866719 0.866719
 -99.5354 18.3687 0.822860 0.822860
 -99.0808 18.2879 0.809921 0.809921
 -99.4091 18.2879 0.825729 0.825729
 -99.3333 18.1869 0.866072 0.866072
 -99.3586 18.1263 0.851933 0.851933
 -99.5606 18.1465 0.826309 0.826309
 -99.3081 18.0859 0.846691 0.846691
 -99.2071 18.2071 0.836148 0.836148
 -99.5606 18.3687 0.808464 0.808464
 -99.7374 18.4495 0.852634 0.852634
 -99.2828 18.1465 0.852324 0.852324
 -99.5354 18.3283 0.862768 0.862768
 -99.4091 18.1869 0.900982 0.900982
 -99.5606 18.2071 0.818307 0.818307
 -99.5101 18.4293 0.835119 0.835119
 -99.5859 18.3485 0.861867 0.861867
 -99.2071 18.2677 0.842911 0.842911
 -99.3333 18.2273 0.875236 0.875236
 -99.6364 18.2879 0.846933 0.846933
 -99.6616 18.1465 0.851555 0.851555
 -99.8131 17.9848 0.837955 0.837955
 -99.5101 18.1869 0.819208 0.819208
 -99.6616 18.0657 0.829587 0.829587
 -99.6364 18.1061 0.858661 0.858661
 -99.0808 18.2071 0.803393 0.803393
 -99.6616 18.1263 0.883915 0.883915
 -99.8889 18.2475 0.881429 0.881429
 -99.5606 18.4495 0.800148 0.800148
 -99.5606 18.2677 0.870648 0.870648
 -99.5354 18.4091 0.844928 0.844928
 -99.3838 18.1869 0.881092 0.881092
 -99.7374 18.1465 0.830525 0.830525
 -99.3838 18.0859 0.860349 0.860349
 -99.7879 17.9848 0.845660 0.845660