 -99.5606 18.4697 0.623697 0.623697
 -99.3838 18.4293 0.610613 0.610613
 -99.4343 18.4495 0.613927 0.613927
 -99.3586 18.3081 0.619182 0.619182
 -99.1313 18.3283 0.619239 0.619239
 -99.1818 18.3687 0.585584 0.585584
 -99.1061 18.2071 0.614354 0.614354
 -99.1818 18.2071 0.663401 0.663401
 -99.5859 18.1869 0.648135 0.648135
 -99.5606 18.4293 0.612274 0.612274
 -99.5606 18.2677 0.636729 0.636729
 -99.6364 18.4293 0.597069 0.597069
 -99.6111 18.3081 0.630401 0.630401
 -99.6111 18.3485 0.596777 0.596777
 -99.7626 18.3889 0.647667 0.647667
 -99.2071 18.2071 0.659236 0.659236
 -99.1566 18.2677 0.590114 0.590114
 -99.1061 18.3081 0.613005 0.613005
 -99.1566 18.3283 0.604864 0.604864
 -99.2576 18.2677 0.665918 0.665918
 -99.3081 18.1869 0.658347 0.658347
 -99.2323 17.9848 0.664346 0.664346
 -99.3081 18.2475 0.632526 0.632526
 -99.2576 18.0657 0.649510 0.649510
 -99.2576 18.1667 0.646717 0.646717
 -99.3081 18.2071 0.650732 0.650732
 -99.3586 18.1869 0.611453 0.611453
 -99.5101 18.3283 0.623410 0.623410
 -99.3586 18.1869 0.653163 0.653163
 -99.5101 18.2879 0.679150 0.679150
 -99.2576 18.1263 0.636405 0.636405
 -99.5606 18.1667 0.649754 0.649754
 -99.5354 18.4697 0.634260 0.634260
 -99.2071 18.2475 0.616862 0.616862
 -99.2576 18.0051 0.662363 0.662363
 -99.2828 18.0657 0.693781 0.693781
 -99.3333 18.1667 0.622661 0.622661
 -99.3586 18.2071 0.642569 0.642569
 -99.2828 18.1465 0.640816 0.640816
 -99.2576 18.1263 0.619756 0.619756
 -99.1061 18.2879 0.639419 0.639419
 -99.1313 18.3283 0.572132 0.572132
 -99.5859 18.0051 0.629352 0.629352
 -99.3081 18.1263 0.699993 0.699993
 -99.3838 18.1667 0.650466 0.650466
 -99.3586 18.0455 0.643087 0.643087
 -99.3081 18.0455 0.632468 0.632468
 -99.2828 18.0455 0.589995 0.589995
 -99.6111 18.0859 0.647778 0.647778
 -99.2071 18.2475 0.635140 0.635140
 -99.3333 18.1061 0.608191 0.608191
 -99.1818 18.2071 0.652171 0.652171
 -99.4091 18.0455 0.627034 0.627034
 -99.4848 18.2475 0.582210 0.582210
 -99.2576 18.1263 0.571308 0.571308
 -99.9394 18.4293 0.595828 0.595828
 -99.6869 18.4293 0.545837 0.545837
 -99.6616 18.3283 0.631694 0.631694
-100.5455 17.5808 0.634116 0.634116
 -99.6364 18.2879 0.636741 0.636741
 -99.5859 18.2879 0.568132 0.568132
-100.1162 18.2273 0.624476 0.624476
 -99.6111 18.2273 0.638469 0.638469
 -99.9899 18.6313 0.575836 0.575836
 -99.5354 18.3687 0.601381 0.601381
 -99.5606 18.3081 0.597536 0.597536
 -99.8636 18.2071 0.633711 0.633711
 -99.5859 18.1465 0.613066 0.613066
 -99.5859 18.1667 0.667333 0.667333
 -99.9646 18.3485 0.617501 0.617501
 -99.7879 18.2071 0.623247 0.623247
 -99.6869 18.2071 0.679932 0.679932
 -99.6616 18.2677 0.596280 0.596280
 -99.5606 18.2475 0.603104 0.603104
 -99.4091 18.1667 0.587830 0.587830
 -99.7626 18.0051 0.637312 0.637312
 -99.7374 18.2273 0.631854 0.631854
 -99.6869 18.2273 0.623324 0.623324
 -99.7374 18.3889 0.613878 0.613878
 -99.7121 18.3889 0.620819 0.620819
 -99.3586 18.1869 0.590678 0.590678
 -99.4343 18.1667 0.613071 0.613071
 -99.4091 18.1667 0.638000 0.638000
 -99.5859 18.2677 0.614098 0.614098
 -99.7374 18.1465 0.646022 0.646022
 -99.5606 18.4293 0.615810 0.615810
 -99.3838 18.0859 0.686774 0.686774
 -99.5101 18.2071 0.588749 0.588749
 -99.6616 18.1869 0.657938 0.657938
 -99.3081 18.1263 0.646012 0.646012
 -99.5606 18.2677 0.586852 0.586852
 -99.6111 18.2071 0.628615 0.628615
 -99.5859 18.2475 0.659748 0.659748
 -99.3081 18.0859 0.680468 0.680468
 -99.6616 18.1061 0.588569 0.588569
 -99.3838 18.0859 0.632435 0.632435
 -99.5859 18.1465 0.634946 0.634946
 -99.8636 18.4697 0.551054 0.551054
 -99.7121 18.0859 0.605266 0.605266
 -99.2828 18.2273 0.621714 0.621714
 -99.3333 18.2273 0.665612 0.665612
 -99.7374 18.4899 0.614490 0.614490
 -99.4848 18.2677 0.652690 0.652690
 -99.3838 18.1061 0.701189 0.701189
 -99.3838 18.1667 0.663222 0.663222
 -99.3333 18.1869 0.642160 0.642160
 -99.2576 18.2677 0.664224 0.664224
 -99.3081 18.2475 0.658013 0.658013
 -99.6364 18.2677 0.614895 0.614895
 -99.2576 18.2677 0.667431 0.667431
 -99.1313 18.3081 0.612530 0.612530
 -99.5859 18.1869 0.611823 0.611823
 -99.6616 18.1263 0.657344 0.657344
 -99.1313 18.3283 0.581497 0.581497
 -99.8636 18.2677 0.640140 0.640140
 -99.5354 18.3485 0.601710 0.601710
 -99.1061 18.2475 0.624807 0.624807
 -99.5354 18.4293 0.619270 0.619270
 -99.2828 18.1869 0.673667 0.673667
 -99.3838 18.4091 0.617844 0.617844
 -99.7626 18.4899 0.564493 0.564493
 -99.7121 17.7020 0.676348 0.676348
 -99.8636 17.7020 0.667596 0.667596
 -99.8384 17.9848 0.625574 0.625574
 -99.6616 18.3687 0.653958 0.653958
 -99.4343 18.0859 0.630943 0.630943
 -99.5101 18.2677 0.630490 0.630490
 -99.6111 18.2273 0.595252 0.595252
 -99.6364 18.2677 0.657008 0.657008
 -99.7626 17.5404 0.619725 0.619725
 -99.6869 18.1667 0.646718 0.646718
 -99.8384 17.8232 0.648097 0.648097
 -99.6111 17.6818 0.632184 0.632184
 -99.2576 18.1263 0.638849 0.638849
 -99.7121 17.6414 0.681420 0.681420
 -99.6616 17.6818 0.676749 0.676749
 -99.8384 18.3081 0.658905 0.658905
-100.0152 18.3485 0.597970 0.597970
 -99.9899 18.3081 0.644972 0.644972
 -99.7879 18.2677 0.597856 0.597856
 -99.2071 18.2071 0.609920 0.609920
 -99.8131 18.4697 0.574555 0.574555
 -99.4848 18.4697 0.604845 0.604845
 -99.7626 18.4899 0.569078 0.569078
 -99.7374 18.2475 0.654443 0.654443
 -99.7374 18.2273 0.636439 0.636439
 -99.8636 18.4495 0.600223 0.600223
 -99.8384 18.4697 0.541392 0.541392
-100.0152 18.3687 0.626153 0.626153
 -99.2071 18.3283 0.556595 0.556595
 -99.1061 18.2677 0.587704 0.587704
 -99.9646 18.3283 0.581095 0.581095
 -99.4596 18.2475 0.607634 0.607634
 -99.7121 18.4293 0.627283 0.627283
 -99.5606 18.3687 0.570343 0.570343
 -99.6111 18.4495 0.602504 0.602504
 -99.5354 18.4293 0.598346 0.598346
 -99.4848 18.1667 0.613219 0.613219
 -99.8384 18.4495 0.636495 0.636495
-100.0152 18.5101 0.615109 0.615109
 -99.8131 18.2273 0.617502 0.617502
 -99.7626 17.6010 0.660195 0.660195
 -99.2323 18.3081 0.630333 0.630333
-100.0657 18.4091 0.567090 0.567090
-100.1919 18.3889 0.643535 0.643535
-100.0909 18.1263 0.639330 0.639330
-100.4192 18.3889 0.595395 0.595395
 -99.7374 18.2475 0.602002 0.602002
-100.1919 18.3485 0.588430 0.588430
 -99.4848 18.4495 0.628490 0.628490
 -99.4091 18.2071 0.607115 0.607115
 -99.6364 18.1263 0.612313 0.612313
-100.0152 18.3081 0.626058 0.626058
 -99.9394 18.2273 0.565929 0.565929
 -99.9646 18.4091 0.525060 0.525060
 -99.2323 18.0657 0.646712 0.646712
 -99.6364 18.3687 0.606488 0.606488
 -99.5859 18.1667 0.616144 0.616144
 -99.7121 18.3081 0.519555 0.519555
 -99.4091 18.4293 0.580779 0.580779
 -99.5354 18.3889 0.631748 0.631748
 -99.5354 18.4293 0.628559 0.628559
 -98.9040 17.6616 0.629757 0.629757
 -99.4848 18.1263 0.645466 0.645466
 -99.3838 18.4091 0.654354 0.654354
 -99.9899 18.3485 0.622557 0.622557
 -99.5354 18.3283 0.617919 0.617919
 -99.5354 18.3687 0.591496 0.591496
 -99.5101 18.4495 0.603766 0.603766
 -99.4848 18.4495 0.647220 0.647220
 -99.1313 18.3283 0.574094 0.574094
 -99.1313 18.3283 0.586663 0.586663
 -99.4091 18.2879 0.598273 0.598273
 -99.7121 18.3687 0.553953 0.553953
 -99.5354 18.4293 0.608791 0.608791
 -99.5354 18.3889 0.623584 0.623584
 -99.9141 18.3687 0.612423 0.612423
 -99.2323 18.3283 0.587495 0.587495
 -99.2828 18.1465 0.668605 0.668605
 -99.1061 18.3081 0.652828 0.652828
 -99.2828 18.1465 0.625456 0.625456
 -99.0808 18.3081 0.598441 0.598441
 -99.4848 18.3283 0.615575 0.615575
 -99.2071 18.2677 0.600034 0.600034
 -99.2828 18.2879 0.642237 0.642237
 -99.3081 18.2879 0.646263 0.646263
 -99.5354 18.1869 0.625155 0.625155
 -99.2071 18.2475 0.676434 0.676434
 -99.0556 18.0253 0.565365 0.565365
 -99.3081 18.1869 0.615296 0.615296
 -99.2071 18.1667 0.625371 0.625371
 -99.2323 18.3283 0.592062 0.592062
 -99.3081 18.0859 0.606407 0.606407
 -99.2071 18.2071 0.595111 0.595111
 -99.1313 18.3081 0.659542 0.659542
 -99.4848 18.3081 0.610561 0.610561
 -99.5606 18.2071 0.623824 0.623824
 -99.3333 18.2071 0.638899 0.638899
 -99.2576 18.1869 0.598547 0.598547
 -99.5606 18.2677 0.604611 0.604611
 -98.8788 18.1263 0.591736 0.591736
 -99.3838 18.1667 0.590449 0.590449
 -99.3333 18.1667 0.621971 0.621971
 -99.2828 18.1667 0.657207 0.657207
 -99.3333 18.1869 0.641557 0.641557
 -99.5859 18.2071 0.691148 0.691148
 -99.1061 18.2475 0.626398 0.626398
 -99.2071 18.2071 0.645656 0.645656
 -99.7121 18.1465 0.643898 0.643898
 -99.5101 18.4091 0.596820 0.596820
 -99.5859 18.4091 0.550154 0.550154
 -99.5606 18.3889 0.538667 0.538667
 -99.5101 18.3687 0.613351 0.613351
 -99.5859 18.3687 0.549066 0.549066
 -99.7374 18.4495 0.572116 0.572116
 -99.5606 18.4091 0.606439 0.606439
 -99.5859 18.2071 0.619475 0.619475
 -99.5606 18.2475 0.665638 0.665638
 -99.6111 18.3889 0.640799 0.640799
 -99.6111 18.1869 0.666703 0.666703
 -99.5859 18.2677 0.643599 0.643599
 -99.4848 18.3687 0.590713 0.590713
 -99.5606 18.3889 0.622467 0.622467
 -99.5606 18.2273 0.610443 0.610443
 -99.5859 18.3485 0.621826 0.621826
 -99.6364 18.1667 0.626992 0.626992
 -99.5606 18.4091 0.588635 0.588635
 -99.8384 18.2475 0.602784 0.602784
 -99.6616 18.0253 0.615062 0.615062
 -99.6616 18.1465 0.675270 0.675270
 -99.6111 18.0253 0.669066 0.669066
 -99.7374 18.2071 0.623343 0.623343
 -99.5859 18.2677 0.632689 0.632689
 -99.6111 18.1061 0.623121 0.623121
 -99.6616 18.1263 0.687049 0.687049
 -99.6364 18.0859 0.622737 0.622737
 -99.7374 18.1869 0.670126 0.670126
 -99.6869 18.3283 0.585149 0.585149
 -99.6616 18.2677 0.555365 0.555365
 -99.6616 18.2273 0.626272 0.626272
 -99.7626 18.4293 0.583035 0.583035
 -99.7374 18.4293 0.602626 0.602626
 -99.4091 18.4091 0.622201 0.622201
 -99.7879 18.4293 0.610660 0.610660
-100.5707 19.5000 0.553545 0.553545
 -99.7626 18.3485 0.607510 0.607510
 -99.7879 18.4697 0.562981 0.562981
 -99.8384 18.4495 0.592352 0.592352
 -99.8636 18.4697 0.536487 0.536487
 -99.5859 18.4495 0.620652 0.620652
-100.1414 18.3081 0.586765 0.586765
 -99.6616 18.0657 0.634310 0.634310
 -99.5354 18.2879 0.554098 0.554098
 -99.5354 18.3889 0.638735 0.638735
 -99.8131 18.4495 0.603784 0.603784
 -99.7879 18.3283 0.663621 0.663621
 -99.7374 18.4293 0.602138 0.602138
 -99.6616 18.2273 0.636664 0.636664
 -99.7626 18.3889 0.653138 0.653138
 -99.9646 18.2677 0.597953 0.597953
 -99.4848 18.3081 0.569968 0.569968
 -99.8384 18.3485 0.617857 0.617857
 -99.6869 17.9848 0.666966 0.666966
 -99.8889 18.2677 0.578868 0.578868
 -99.6364 18.1667 0.657733 0.657733
 -99.6111 17.9848 0.622340 0.622340
 -99.5354 18.0657 0.654955 0.654955
 -99.6111 18.0657 0.609923 0.609923
 -99.5354 18.2071 0.621186 0.621186
 -99.8889 18.2879 0.617082 0.617082
 -99.5606 18.2677 0.626767 0.626767
 -99.6869 18.1667 0.628493 0.628493
 -99.5101 18.1061 0.622269 0.622269
 -99.5354 18.4495 0.640270 0.640270
 -99.1566 18.3283 0.607339 0.607339
 -99.3838 18.3889 0.638895 0.638895
 -99.2828 18.2879 0.624032 0.624032
 -99.4091 18.4293 0.593729 0.593729
 -99.4091 18.4091 0.636968 0.636968
 -99.5354 18.4091 0.634717 0.634717
 -99.3586 18.3687 0.635276 0.635276
 -99.2323 18.2475 0.613450 0.613450
 -99.1313 18.3081 0.607568 0.607568
 -99.1061 18.2475 0.613700 0.613700
 -99.2323 18.2677 0.614735 0.614735
 -99.1313 18.2475 0.583108 0.583108
 -99.3081 18.2879 0.590350 0.590350
 -99.2323 18.3283 0.633452 0.633452
 -99.2071 18.2071 0.608909 0.608909
 -99.1061 18.2273 0.627452 0.627452
 -99.5606 18.3687 0.620619 0.620619
 -99.7626 18.3485 0.580063 0.580063
 -99.8131 18.3485 0.578117 0.578117
 -99.4848 18.2071 0.572406 0.572406
 -99.8889 18.3687 0.563831 0.563831
-100.1162 18.3081 0.627036 0.627036
 -99.8384 18.3081 0.564249 0.564249
 -99.7879 18.2273 0.623182 0.623182
 -99.8384 18.4899 0.574324 0.574324
 -99.3081 18.1667 0.637118 0.637118
 -99.5101 18.2071 0.574357 0.574357
 -99.7626 18.2475 0.562329 0.562329
 -99.4343 18.1869 0.610769 0.610769
 -99.6364 18.3889 0.581860 0.581860
 -99.7121 18.3687 0.611976 0.611976
 -99.6111 18.3485 0.646703 0.646703
 -99.7879 18.4091 0.644766 0.644766
 -99.6616 18.3283 0.599220 0.599220
 -99.6616 18.3485 0.598743 0.598743
 -99.8636 18.2475 0.601077 0.601077
 -99.7626 18.4091 0.660176 0.660176
 -99.8131 18.3283 0.624593 0.624593
 -99.9646 18.3889 0.601805 0.601805
 -99.5859 18.2879 0.591377 0.591377
 -99.6364 18.3081 0.583581 0.583581
 -99.6869 18.1869 0.605435 0.605435
 -99.5354 18.3485 0.605006 0.605006
 -99.7374 18.4293 0.617167 0.617167
 -99.8384 18.3081 0.615619 0.615619
 -99.7374 18.1465 0.596016 0.596016
 -99.6616 18.4697 0.635757 0.635757
 -99.8384 18.4495 0.553640 0.553640
 -99.7374 18.0657 0.608444 0.608444
 -99.7626 18.3283 0.574868 0.574868
 -99.6111 18.2273 0.620271 0.620271
 -99.5101 18.3283 0.607324 0.607324
 -99.4091 18.3889 0.604735 0.604735
 -99.6869 18.1263 0.635247 0.635247
 -99.7374 18.1465 0.614515 0.614515
 -99.7374 18.3485 0.621163 0.621163
 -99.7626 18.2677 0.593944 0.593944
 -99.7879 18.4091 0.555619 0.555619
 -99.9394 18.3889 0.607022 0.607022
 -99.5859 18.0859 0.615210 0.615210
 -99.6616 18.3485 0.595070 0.595070
 -99.7626 18.3283 0.607319 0.607319
 -99.9141 18.3687 0.584173 0.584173
 -99.4848 18.3283 0.615689 0.615689
 -99.2071 18.2475 0.645389 0.645389
 -99.3081 18.2475 0.617950 0.617950
 -99.3586 18.1869 0.638528 0.638528
 -99.2323 18.3283 0.668782 0.668782
 -99.1061 18.3081 0.629711 0.629711
 -99.1061 18.2071 0.635760 0.635760
 -99.3586 18.1667 0.594000 0.594000
 -99.2576 18.1465 0.622376 0.622376
 -99.2071 18.3283 0.625406 0.625406
 -99.2828 18.1667 0.674002 0.674002
 -99.1566 18.2677 0.624310 0.624310
 -99.3838 18.1667 0.656659 0.656659
 -99.2071 18.2475 0.682488 0.682488
 -99.5859 18.0253 0.614989 0.614989
 -99.2828 18.0859 0.660962 0.660962
 -99.5606 18.1667 0.627018 0.627018
 -99.4343 18.4495 0.614982 0.614982
 -99.5101 18.3485 0.591146 0.591146
 -99.2576 18.2879 0.644254 0.644254
 -99.1818 18.2677 0.603143 0.603143
 -99.9394 18.0455 0.620514 0.620514
 -99.4091 18.1667 0.622623 0.622623
 -99.3333 18.0455 0.632698 0.632698
 -99.4091 18.1263 0.652626 0.652626
 -99.3081 18.1263 0.657391 0.657391
 -99.4343 18.2677 0.629588 0.629588
 -99.7374 18.3889 0.617839 0.617839
 -99.5859 18.3687 0.577453 0.577453
 -99.7626 18.3889 0.608521 0.608521
 -99.4596 18.1869 0.617828 0.617828
 -99.6111 18.2071 0.611560 0.611560
 -99.7626 18.3283 0.607894 0.607894
 -99.5859 18.2677 0.667022 0.667022
 -99.6111 18.1465 0.642516 0.642516
 -99.5606 18.3283 0.607637 0.607637
 -99.5859 18.2879 0.659931 0.659931
 -99.3586 18.0859 0.627494 0.627494
 -99.3333 18.1465 0.611978 0.611978
 -99.5859 18.2273 0.576652 0.576652
 -99.4091 18.1465 0.681583 0.681583
 -99.5859 18.1869 0.631955 0.631955
 -99.9394 18.4899 0.578834 0.578834
 -99.7374 18.2273 0.615052 0.615052
 -99.4091 18.1869 0.637940 0.637940
 -99.6111 18.2273 0.577574 0.577574
 -99.6111 18.2071 0.666921 0.666921
 -99.5354 18.2677 0.654678 0.654678
-100.0404 18.4899 0.607076 0.607076
 -99.2828 18.1061 0.655284 0.655284
 -99.3586 18.1061 0.542876 0.542876
 -99.5606 18.1263 0.588950 0.588950
 -99.7626 18.1667 0.608614 0.608614
 -99.5859 18.3687 0.580489 0.580489
 -99.9394 17.8232 0.616444 0.616444
 -99.8384 18.4495 0.614793 0.614793
 -99.8384 18.3687 0.602501 0.602501
 -99.5101 18.2475 0.637225 0.637225
 -99.9646 18.2071 0.639472 0.639472
 -99.8889 18.4697 0.554229 0.554229
 -99.4343 18.1263 0.591975 0.591975
-100.0404 18.3485 0.599300 0.599300
-100.0152 18.3081 0.575247 0.575247
 -99.9646 18.3283 0.623360 0.623360
 -99.7626 18.4899 0.578079 0.578079
 -99.3333 18.3485 0.590771 0.590771
 -99.3838 18.4091 0.612445 0.612445
 -99.4596 18.4495 0.644160 0.644160
 -99.2071 18.3485 0.579149 0.579149
 -99.6616 18.4091 0.559904 0.559904
 -99.2071 18.3081 0.537744 0.537744
 -99.6111 18.3485 0.619779 0.619779
 -99.4091 18.1869 0.620414 0.620414
 -99.4343 18.4293 0.616260 0.616260
 -99.4596 18.1667 0.556232 0.556232
 -99.2828 18.1667 0.625023 0.625023
 -99.4848 18.4293 0.635979 0.635979
 -99.4091 18.3687 0.576609 0.576609
 -99.7374 18.3485 0.604796 0.604796
 -99.8131 18.5101 0.544111 0.544111
 -99.2071 18.2273 0.628281 0.628281
 -99.2576 18.2677 0.620826 0.620826
 -99.3838 18.2879 0.589478 0.589478
 -99.2576 18.3283 0.605473 0.605473
 -99.2323 18.2273 0.640767 0.640767
 -99.2071 18.2677 0.615301 0.615301
 -99.4343 18.3485 0.602614 0.602614
 -99.5606 18.4293 0.605940 0.605940
 -99.6111 18.4091 0.586251 0.586251
 -99.5101 18.4091 0.618252 0.618252
 -99.6869 18.4495 0.593104 0.593104
 -99.2576 18.2677 0.656858 0.656858
 -99.6616 18.2273 0.671828 0.671828
 -99.6869 18.2475 0.618773 0.618773
 -99.7879 18.2879 0.617370 0.617370
-100.0152 18.3889 0.619313 0.619313
 -99.5101 18.3889 0.610779 0.610779
-100.9747 19.0354 0.588739 0.588739
 -99.7626 18.2475 0.619329 0.619329
 -99.3586 18.1667 0.628996 0.628996
 -99.9394 18.1869 0.655162 0.655162
-100.4949 18.0657 0.643573 0.643573
 -99.7626 18.2879 0.599945 0.599945
 -99.8131 18.4293 0.592578 0.592578
 -99.7374 18.4091 0.663129 0.663129
 -99.2071 18.1667 0.636291 0.636291
 -99.4848 18.3485 0.587538 0.587538
 -99.1313 18.2475 0.676466 0.676466
 -99.1818 18.2475 0.621485 0.621485
 -99.2323 18.2677 0.630750 0.630750
 -99.2323 18.1869 0.552932 0.552932
 -99.2323 18.2677 0.646995 0.646995
 -99.4091 18.1667 0.579813 0.579813
 -99.3081 18.2475 0.624374 0.624374
 -99.2828 18.1465 0.690296 0.690296
 -99.1818 18.2677 0.604120 0.604120
 -99.1061 18.1263 0.646741 0.646741
 -99.3081 18.2273 0.602289 0.602289
 -99.2576 18.4091 0.522462 0.522462
 -99.2828 18.3283 0.651453 0.651453
 -99.1313 18.2475 0.617230 0.617230
 -99.3333 18.2475 0.661382 0.661382
 -99.5354 18.3283 0.627339 0.627339
 -99.6364 18.2071 0.638082 0.638082
 -99.3838 18.4293 0.597627 0.597627
 -99.5101 18.4293 0.582655 0.582655
 -99.1313 18.3485 0.639388 0.639388
 -99.5354 18.3889 0.609754 0.609754
 -99.4343 18.3283 0.614191 0.614191
 -99.3333 18.0859 0.584384 0.584384
 -99.2576 18.3485 0.608486 0.608486
 -99.3838 18.3485 0.631612 0.631612
 -99.5859 18.3485 0.631739 0.631739
 -99.3586 18.3485 0.611291 0.611291
 -99.3333 18.2475 0.600152 0.600152
 -99.5354 18.4293 0.591608 0.591608
 -99.5606 18.1667 0.616218 0.616218
 -99.5101 18.2071 0.644359 0.644359
 -99.2071 18.2071 0.560941 0.560941
 -99.3333 18.2677 0.623117 0.623117
 -99.2071 18.2071 0.603518 0.603518
 -99.3838 18.1465 0.646139 0.646139
 -99.3838 18.2475 0.619511 0.619511
 -99.7374 18.3687 0.602356 0.602356
 -99.5606 18.3687 0.577896 0.577896
 -99.7374 18.4091 0.632482 0.632482
 -99.8131 18.2677 0.633297 0.633297
 -99.7374 18.4091 0.638421 0.638421
 -99.5606 18.2677 0.555782 0.555782
 -99.9141 18.5505 0.574222 0.574222
 -99.7879 18.2879 0.639677 0.639677
 -99.5606 18.2475 0.623139 0.623139
 -99.3586 18.3889 0.584141 0.584141
 -99.5606 18.3485 0.604218 0.604218
 -99.5859 18.3889 0.556594 0.556594
 -99.8889 18.3889 0.582253 0.582253
 -99.7374 18.4293 0.610892 0.610892
 -99.5101 18.4091 0.617626 0.617626
 -99.4596 18.3081 0.609402 0.609402
 -99.7626 18.3283 0.597587 0.597587
 -99.6364 18.3485 0.630688 0.630688
 -99.5606 18.4091 0.612682 0.612682
-100.0152 18.5101 0.614498 0.614498
 -99.5354 18.5101 0.616172 0.616172
 -99.6616 18.3687 0.549663 0.549663
 -99.8636 18.3889 0.600373 0.600373
 -99.8131 18.3687 0.617004 0.617004
 -99.7879 18.5101 0.583055 0.583055
 -99.8384 18.4293 0.603920 0.603920
 -99.9646 18.4091 0.606067 0.606067
 -99.3586 18.1465 0.586285 0.586285
 -99.2323 17.9444 0.546482 0.546482
 -99.6364 18.2273 0.675221 0.675221
 -99.9141 18.2273 0.640317 0.640317
 -99.8131 18.4899 0.576090 0.576090
 -99.7879 18.1263 0.618757 0.618757
 -99.5354 18.3283 0.574166 0.574166
 -99.6111 18.0859 0.682332 0.682332
 -99.6364 18.2879 0.613703 0.613703
 -99.9899 17.7424 0.676898 0.676898
 -99.7121 18.0657 0.592868 0.592868
 -99.6111 18.0859 0.608788 0.608788
 -99.4848 18.1061 0.644245 0.644245
 -99.7374 18.2475 0.652671 0.652671
-100.0152 18.4495 0.600061 0.600061
 -99.5101 18.3283 0.643444 0.643444
 -99.6869 18.2273 0.650613 0.650613
 -99.5859 18.2879 0.579315 0.579315
 -99.7879 18.2677 0.660121 0.660121
 -99.5354 18.1869 0.616990 0.616990
 -99.5606 18.2475 0.628886 0.628886
 -99.5859 18.1667 0.614152 0.614152
 -99.7626 18.1465 0.635855 0.635855
 -99.7626 18.0051 0.623289 0.623289
 -99.7374 18.2879 0.614176 0.614176
 -99.7626 18.3081 0.606541 0.606541
 -99.5354 18.2677 0.600385 0.600385
 -99.5354 18.2677 0.570081 0.570081
 -99.6869 18.2273 0.599261 0.599261
 -99.2576 18.3081 0.572269 0.572269
 -99.7626 18.0051 0.602202 0.602202
 -99.5606 18.2071 0.640645 0.640645
 -99.3586 18.1869 0.651755 0.651755
 -99.8636 17.6010 0.634386 0.634386
 -99.5859 18.2273 0.580503 0.580503
 -99.7879 17.7222 0.671009 0.671009
 -99.6869 17.6818 0.673432 0.673432
 -99.2576 17.9848 0.654271 0.654271
 -99.3838 17.9040 0.558852 0.558852
 -99.3333 18.1061 0.657869 0.657869
 -99.6364 18.1667 0.673093 0.673093
 -99.4343 18.0859 0.599688 0.599688
 -99.6869 18.2273 0.632726 0.632726
 -99.6616 17.7020 0.664202 0.664202
 -99.3586 18.1869 0.649989 0.649989
 -99.5354 18.3081 0.649749 0.649749
 -99.3081 18.1263 0.617339 0.617339
 -99.3333 18.0455 0.659318 0.659318
 -99.6869 18.1061 0.645953 0.645953
 -99.5354 18.2475 0.551407 0.551407
 -99.4091 18.0657 0.634429 0.634429
 -99.8636 17.6818 0.700369 0.700369
 -99.5859 18.3687 0.599850 0.599850
 -99.7374 18.4293 0.614472 0.614472
 -99.6869 18.3889 0.580236 0.580236
 -99.6364 18.4091 0.603060 0.603060
 -99.3586 18.1061 0.623713 0.623713
 -99.4091 18.1667 0.645855 0.645855
 -99.3586 18.1667 0.603707 0.603707
 -99.3838 18.1667 0.649645 0.649645
 -99.5101 18.3081 0.579644 0.579644
 -99.5606 18.3687 0.601553 0.601553
 -99.3586 18.1465 0.623666 0.623666
 -99.6869 18.3283 0.611846 0.611846
 -99.4848 18.3283 0.661618 0.661618
 -99.4091 18.1263 0.661291 0.661291
 -99.9394 18.3889 0.577613 0.577613
 -99.5606 18.2475 0.593132 0.593132
 -99.1566 18.2677 0.673054 0.673054
 -99.4596 18.4293 0.576687 0.576687
 -99.5606 18.1263 0.614395 0.614395
 -99.8384 17.6414 0.658124 0.658124
 -99.6869 18.1869 0.643584 0.643584
 -99.6364 18.1465 0.630134 0.630134
 -99.6111 18.1869 0.630072 0.630072
 -99.6111 18.2677 0.612401 0.612401
 -99.7121 18.1869 0.633471 0.633471
 -99.4848 18.1465 0.602829 0.602829
 -99.8131 18.3485 0.601279 0.601279
 -99.6616 18.1061 0.611018 0.611018
 -99.5606 18.4091 0.618574 0.618574
 -99.6364 18.2475 0.603981 0.603981
 -99.6364 18.2273 0.572048 0.572048
 -99.5101 18.4293 0.583193 0.583193
 -99.7374 18.4495 0.587361 0.587361
 -99.5606 18.3687 0.537428 0.537428
 -99.1061 18.2879 0.604856 0.604856
 -99.1061 18.3081 0.637693 0.637693
 -99.4091 18.2677 0.646023 0.646023
 -99.6616 18.1061 0.668010 0.668010
 -99.6364 18.1263 0.650110 0.650110
 -99.2323 18.3283 0.646334 0.646334
-100.0404 18.3889 0.596650 0.596650
 -99.8889 17.8030 0.653900 0.653900
-100.1919 18.2475 0.592411 0.592411
 -99.6364 18.3283 0.605949 0.605949
 -99.7121 18.2273 0.597460 0.597460
 -99.7121 18.1667 0.668604 0.668604
 -99.6364 18.2677 0.616052 0.616052
 -99.6869 17.7424 0.540747 0.540747
 -99.9394 17.8030 0.556624 0.556624
 -99.9141 17.8232 0.643255 0.643255
 -99.7626 18.2677 0.576049 0.576049
 -99.8384 18.2677 0.615105 0.615105
 -99.5354 17.7222 0.594229 0.594229
 -99.8636 18.3283 0.554622 0.554622
 -99.5606 18.4091 0.594640 0.594640
 -99.7626 17.6818 0.676069 0.676069
 -99.8889 18.2677 0.590428 0.590428
 -99.7121 18.3485 0.625848 0.625848
 -99.5606 18.1465 0.648323 0.648323
 -99.7879 18.2677 0.619530 0.619530
 -99.9141 17.7020 0.671686 0.671686
 -99.7626 17.6212 0.687242 0.687242
 -99.6364 18.2879 0.599179 0.599179
 -99.6364 18.1667 0.692910 0.692910
 -99.4596 18.4293 0.621140 0.621140
 -99.8131 18.2475 0.632444 0.632444
 -99.3586 18.1263 0.590958 0.590958
 -99.8131 18.2475 0.585109 0.585109
 -99.7626 18.2475 0.618758 0.618758
 -99.5101 18.4091 0.639153 0.639153
 -99.5859 18.0859 0.607840 0.607840
 -99.6364 17.6212 0.662203 0.662203
 -99.2828 18.0859 0.676001 0.676001
 -99.3838 18.2273 0.618741 0.618741
 -99.4343 18.1465 0.629942 0.629942
 -99.4091 18.1263 0.596104 0.596104
 -99.4091 18.1869 0.640586 0.640586
 -99.2828 18.1061 0.676653 0.676653
 -99.8889 18.3889 0.570104 0.570104
 -99.4343 18.2677 0.587861 0.587861
 -99.9141 18.3889 0.599725 0.599725
 -99.7374 18.3889 0.624121 0.624121
 -99.5354 18.3485 0.580822 0.580822
 -99.3333 18.2677 0.611361 0.611361
 -99.0808 18.1869 0.626199 0.626199
 -99.8131 18.1061 0.596550 0.596550
 -99.2323 18.2273 0.602478 0.602478
 -99.2576 18.1667 0.618240 0.618240
 -99.7121 18.1667 0.599635 0.599635
 -99.5354 18.3687 0.798430 0.798430
 -99.8384 18.2273 0.621916 0.621916
 -99.9646 17.7626 0.604053 0.604053
 -99.3838 18.4091 0.655135 0.655135
 -99.1818 18.3687 0.578286 0.578286
 -99.7626 18.3687 0.585600 0.585600
 -99.8384 18.5101 0.628279 0.628279
 -99.8384 18.2475 0.615893 0.615893
 -99.5606 18.2475 0.626164 0.626164
 -99.6111 18.1667 0.664503 0.664503
 -99.5859 18.1263 0.626291 0.626291
 -99.8636 18.2879 0.592530 0.592530
 -99.7626 18.3283 0.648867 0.648867
 -99.8384 18.1869 0.624524 0.624524
 -99.9394 17.8030 0.564784 0.564784
 -99.7121 18.0253 0.624705 0.624705
 -99.7626 17.8434 0.563528 0.563528
 -99.6364 18.2071 0.583474 0.583474
 -99.7374 18.0253 0.597783 0.597783
 -99.5354 18.0859 0.641985 0.641985
 -99.7374 18.2475 0.574698 0.574698
 -99.8384 18.3081 0.638853 0.638853
-100.4192 18.0051 0.561023 0.561023
 -99.6111 18.4091 0.601320 0.601320
 -99.7626 17.6010 0.650545 0.650545
 -99.5354 18.1667 0.607268 0.607268
 -99.9394 18.4495 0.550374 0.550374
 -99.6111 18.1465 0.634313 0.634313
 -99.7626 18.0051 0.604529 0.604529
 -99.7626 18.1465 0.682021 0.682021
 -99.7879 18.0859 0.669358 0.669358
 -99.4343 18.2071 0.629286 0.629286
 -99.6616 18.1061 0.610322 0.610322
 -99.7121 18.2879 0.628284 0.628284
 -99.5354 18.1263 0.626468 0.626468
 -98.6010 18.2475 0.800894 0.800894
 -99.5101 18.2273 0.603848 0.603848
 -99.5606 18.4697 0.616792 0.616792
 -99.4848 18.4495 0.634156 0.634156
 -99.5354 18.4697 0.604719 0.604719
 -99.4091 18.3081 0.606310 0.606310
 -99.3586 18.2475 0.647946 0.647946
 -99.6111 18.3485 0.628334 0.628334
 -99.7374 18.4697 0.537495 0.537495
 -99.7374 18.3283 0.602826 0.602826
 -99.6616 17.8838 0.570664 0.570664
 -99.7121 17.7020 0.698944 0.698944
 -99.7121 17.7626 0.632930 0.632930
 -99.7374 18.4091 0.574282 0.574282
 -99.9646 18.3485 0.614739 0.614739
 -99.4848 17.8232 0.668996 0.668996
 -99.6616 18.2475 0.664703 0.664703
 -99.6616 18.2071 0.650567 0.650567
 -99.7626 18.2475 0.597659 0.597659
 -99.5101 18.3485 0.659774 0.659774
 -99.6869 18.2273 0.648128 0.648128
 -99.6364 18.0657 0.626034 0.626034
 -99.8636 18.0253 0.650890 0.650890
 -99.7374 18.0253 0.636162 0.636162
 -99.3838 18.1465 0.656501 0.656501
 -99.9141 18.4697 0.564946 0.564946
 -99.7879 18.3687 0.578903 0.578903
 -99.8636 18.4495 0.589654 0.589654
-100.7727 17.7828 0.515598 0.515598
 -99.6364 18.4495 0.619057 0.619057
 -99.6869 18.4697 0.620513 0.620513
 -99.7121 18.3889 0.629862 0.629862
 -99.6616 18.3889 0.597564 0.597564
 -99.7626 18.4293 0.577570 0.577570
 -99.5606 18.3283 0.624629 0.624629
 -99.5859 18.3283 0.578575 0.578575
 -99.6111 18.3081 0.588367 0.588367
 -99.6111 18.3081 0.622289 0.622289
 -99.6111 18.2071 0.602966 0.602966
 -99.9141 17.7828 0.586659 0.586659
 -99.6111 18.2071 0.592423 0.592423
 -99.6869 18.0859 0.674090 0.674090
 -99.4343 18.0657 0.562430 0.562430
 -99.1313 18.2475 0.626057 0.626057
 -99.2323 18.2273 0.598194 0.598194
 -99.6111 18.1061 0.587356 0.587356
 -99.4091 18.1869 0.628849 0.628849
 -99.6364 18.2071 0.598808 0.598808
 -99.5859 18.0657 0.649139 0.649139
 -99.5606 18.1263 0.652833 0.652833
 -99.3333 18.2475 0.638785 0.638785
 -99.2071 18.2071 0.664465 0.664465
 -99.3838 18.1667 0.663964 0.663964
 -99.6111 18.1667 0.616786 0.616786
 -99.5859 18.2273 0.648453 0.648453
 -99.5859 18.2273 0.605718 0.605718
 -99.5859 18.2071 0.612926 0.612926
 -99.6616 18.2677 0.598151 0.598151
 -99.5101 18.3485 0.608484 0.608484
 -99.5606 18.3283 0.638605 0.638605
 -99.7626 18.0051 0.641348 0.641348
 -99.5354 18.2879 0.671464 0.671464
 -99.3081 18.2475 0.621067 0.621067
 -99.5859 18.1667 0.614807 0.614807
-100.3434 18.3687 0.618199 0.618199
 -99.6111 18.2879 0.638712 0.638712
 -99.9646 18.2677 0.587878 0.587878
-100.4949 18.0455 0.648057 0.648057
 -99.6364 18.2475 0.648358 0.648358
 -99.5859 18.1465 0.628396 0.628396
-100.2172 18.0859 0.617976 0.617976
 -99.7374 18.0657 0.637705 0.637705
 -99.7374 18.4091 0.582715 0.582715
 -99.5101 18.4899 0.642928 0.642928
 -99.4343 18.4697 0.630157 0.630157
 -99.9394 18.1465 0.610918 0.610918
 -99.5859 18.4091 0.555693 0.555693
 -99.7374 18.4091 0.588933 0.588933
 -99.7121 18.3889 0.573105 0.573105
 -99.5354 18.2879 0.529051 0.529051
 -99.7374 18.3889 0.616832 0.616832
 -99.5606 18.3081 0.596010 0.596010
 -99.8131 17.6616 0.638921 0.638921
 -99.9141 17.6414 0.663318 0.663318
 -99.8889 17.6212 0.718775 0.718775
 -99.7374 18.2273 0.605910 0.605910
 -99.7374 18.1465 0.630421 0.630421
 -99.7879 17.7424 0.684408 0.684408
 -99.6869 17.8434 0.627236 0.627236
 -99.7879 17.6818 0.670566 0.670566
 -99.7121 17.7626 0.669415 0.669415
 -99.7626 18.1465 0.570032 0.570032
 -99.8636 18.2475 0.604658 0.604658
 -99.9141 17.6212 0.666371 0.666371
 -99.5859 18.3687 0.581943 0.581943
 -99.4343 17.8838 0.594622 0.594622
 -99.7626 17.6010 0.669732 0.669732
 -99.5606 18.4091 0.583995 0.583995
 -99.4091 18.4293 0.580137 0.580137
 -99.4343 18.3283 0.579451 0.579451
 -99.4596 18.4495 0.666529 0.666529
 -99.4091 18.4293 0.628334 0.628334
 -99.4848 18.4293 0.565251 0.565251
 -99.9899 18.1667 0.604052 0.604052
 -99.7626 18.0051 0.584091 0.584091
 -99.8636 18.1263 0.568592 0.568592
 -99.8131 18.2475 0.638687 0.638687
 -99.7121 18.2879 0.614209 0.614209
 -99.5859 18.2273 0.630144 0.630144
 -99.6364 18.1465 0.636499 0.636499
 -99.6111 18.4091 0.560923 0.560923
 -99.6111 18.2273 0.634883 0.634883
 -99.3586 18.1667 0.654771 0.654771
 -99.5101 18.3081 0.662806 0.662806
 -99.6869 18.2273 0.563999 0.563999
 -99.3838 18.1263 0.630737 0.630737
 -99.7121 18.1667 0.619108 0.619108
 -99.3586 18.2071 0.600903 0.600903
 -99.3081 18.2273 0.654742 0.654742
 -99.3081 18.2475 0.647056 0.647056
 -99.6364 18.2071 0.608291 0.608291
 -99.7879 18.2879 0.565796 0.565796
 -99.7374 18.4293 0.574964 0.574964
 -99.9394 18.0051 0.544773 0.544773
 -99.6364 18.2475 0.653021 0.653021
 -99.3586 18.0859 0.612492 0.612492
 -99.4596 17.8838 0.583921 0.583921
 -99.6111 18.1667 0.635480 0.635480
 -99.6616 18.1667 0.616504 0.616504
 -99.4848 18.4091 0.566197 0.566197
 -99.5606 18.2273 0.652902 0.652902
 -99.7879 18.0051 0.630275 0.630275
 -99.5101 18.4495 0.589842 0.589842
 -99.2576 18.1263 0.599558 0.599558
 -99.5354 18.4697 0.635323 0.635323
 -99.1818 18.1061 0.652896 0.652896
 -99.4343 18.4495 0.652222 0.652222
 -99.2576 18.1263 0.645296 0.645296
 -99.4596 18.4495 0.674783 0.674783
 -99.3081 18.3485 0.585990 0.585990
 -99.3081 18.1869 0.623910 0.623910
 -99.2576 18.1263 0.610583 0.610583
 -99.3081 18.1869 0.592404 0.592404
 -99.5101 18.2677 0.632839 0.632839
 -99.4848 18.3081 0.602739 0.602739
 -99.2576 18.3485 0.622818 0.622818
 -99.1566 18.2475 0.657367 0.657367
 -99.5859 18.1667 0.663638 0.663638
 -99.2323 18.1263 0.684364 0.684364
 -99.5606 18.1869 0.627310 0.627310
 -99.2071 18.2677 0.589159 0.589159
 -99.2828 18.1465 0.657535 0.657535
 -99.2071 18.2071 0.599555 0.599555
 -99.2071 18.0253 0.546436 0.546436
 -99.6869 18.1465 0.620956 0.620956
 -99.3333 18.1061 0.605499 0.605499
 -99.2828 18.1869 0.633188 0.633188
 -99.7121 18.1465 0.665102 0.665102
 -99.0556 17.7424 0.655302 0.655302
 -99.2576 18.3485 0.629656 0.629656
 -99.9141 18.4697 0.596503 0.596503
 -99.9646 18.4293 0.592256 0.592256
 -99.8384 18.4495 0.585651 0.585651
 -99.6869 18.2071 0.622473 0.622473
 -99.6364 18.1667 0.625518 0.625518
 -99.3838 18.3485 0.624503 0.624503
 -99.6616 18.1667 0.656179 0.656179
 -99.1566 18.3283 0.553636 0.553636
 -99.1566 18.3283 0.624083 0.624083
 -99.7121 18.4091 0.623438 0.623438
 -99.5101 18.4293 0.601300 0.601300
-100.1414 18.2879 0.636254 0.636254
 -99.7121 18.3283 0.617772 0.617772
 -99.5859 18.1263 0.600733 0.600733
 -99.8131 18.2475 0.629150 0.629150
 -99.8636 18.3081 0.546403 0.546403
 -99.6111 18.3889 0.613879 0.613879
 -99.7121 18.2475 0.630646 0.630646
 -99.6869 18.2475 0.647006 0.647006
 -99.7879 18.3283 0.606090 0.606090
 -99.6616 18.2677 0.573415 0.573415
 -99.6364 18.1869 0.689179 0.689179
 -99.4848 18.1061 0.655941 0.655941
 -99.6111 18.3081 0.599002 0.599002
 -99.7879 18.2879 0.550484 0.550484
 -99.5101 18.2677 0.542763 0.542763
 -99.9899 18.3081 0.619978 0.619978
 -99.7374 18.0253 0.591197 0.591197
 -99.9141 18.4091 0.553508 0.553508
 -99.6364 18.2071 0.674401 0.674401
 -99.7626 18.0051 0.587852 0.587852
 -99.5606 18.2475 0.552783 0.552783
 -99.6364 18.2273 0.639549 0.639549
 -99.7879 18.0051 0.595242 0.595242
 -99.7626 18.0051 0.608229 0.608229
 -99.5859 18.2071 0.633100 0.633100
 -99.3081 18.1263 0.560705 0.560705
 -99.5354 18.2071 0.598190 0.598190
 -99.5354 18.2879 0.653347 0.653347
 -99.2828 18.1061 0.644696 0.644696
 -99.5606 18.3081 0.647074 0.647074
 -99.5354 18.3485 0.586704 0.586704
 -99.6111 18.2071 0.596953 0.596953
 -99.2828 18.0859 0.604942 0.604942
 -99.7879 17.6818 0.651605 0.651605
 -99.1818 17.9646 0.650375 0.650375
 -99.7879 18.0051 0.595519 0.595519
 -99.6616 17.6212 0.649506 0.649506
 -99.5101 18.1465 0.608844 0.608844
 -99.6869 18.2071 0.612875 0.612875
 -99.3838 18.0657 0.643178 0.643178
 -99.3081 18.0253 0.607466 0.607466
 -99.8384 18.2071 0.615872 0.615872
 -99.5606 18.1869 0.683560 0.683560
 -99.3586 18.1263 0.589540 0.589540
 -99.3838 18.1869 0.563821 0.563821
 -99.7879 17.6212 0.702014 0.702014
 -99.5606 18.2071 0.597888 0.597888
 -99.5606 18.2273 0.562025 0.562025
 -99.6364 18.2677 0.625898 0.625898
 -99.9646 18.1869 0.565660 0.565660
 -99.6616 18.1061 0.629485 0.629485
 -99.5859 18.1263 0.697879 0.697879
 -99.8636 17.7424 0.676527 0.676527
 -99.9899 17.7020 0.649683 0.649683
 -99.9646 17.7626 0.622133 0.622133
 -99.3333 18.1263 0.633841 0.633841
 -99.6111 18.2273 0.677190 0.677190
 -99.3838 18.1465 0.638515 0.638515
 -99.6364 18.1667 0.654931 0.654931
 -99.3838 18.1667 0.601904 0.601904
 -99.5859 18.2475 0.594212 0.594212
 -99.7879 18.2071 0.589074 0.589074
 -99.7626 17.6212 0.664780 0.664780
 -99.7121 17.6818 0.684662 0.684662
 -99.7626 18.3283 0.619977 0.619977
 -99.9394 18.3283 0.585788 0.585788
-100.0909 18.2071 0.589520 0.589520
 -99.7374 17.7222 0.629820 0.629820
 -99.4091 18.4091 0.650364 0.650364
 -99.6364 18.1667 0.619043 0.619043
 -99.7374 18.0253 0.599671 0.599671
 -99.0808 17.7424 0.667072 0.667072
 -99.7121 18.1465 0.624697 0.624697
 -99.7879 17.6818 0.661946 0.661946
 -99.4848 18.3485 0.619587 0.619587
 -99.7121 18.3687 0.621512 0.621512
 -99.6111 18.2677 0.656202 0.656202
 -99.6616 18.4495 0.641843 0.641843
 -99.5606 18.3485 0.579649 0.579649
 -99.6111 18.3081 0.606431 0.606431
 -99.4343 18.4495 0.651973 0.651973
 -99.6869 18.2273 0.669615 0.669615
 -99.6869 18.3889 0.581295 0.581295
 -99.5101 18.3081 0.609453 0.609453
 -99.6616 18.2071 0.553287 0.553287
 -99.4343 18.4495 0.600567 0.600567
 -99.6111 18.2475 0.578671 0.578671
 -99.2323 18.3081 0.673749 0.673749
 -99.0808 18.2273 0.655245 0.655245
 -99.2828 18.2879 0.668677 0.668677
 -99.2576 18.1263 0.608126 0.608126
 -99.1313 18.3283 0.629273 0.629273
 -99.8889 18.4697 0.563467 0.563467
 -99.3333 18.1465 0.626061 0.626061
 -99.2323 18.1263 0.669984 0.669984
 -99.1313 18.2071 0.602675 0.602675
 -99.3333 18.1869 0.624631 0.624631
 -99.5354 18.4697 0.610715 0.610715
 -99.4091 18.1869 0.585009 0.585009
 -99.3586 18.1869 0.609011 0.609011
 -99.5101 18.3081 0.576736 0.576736
 -99.5859 18.4899 0.586217 0.586217
 -99.5354 18.4495 0.588872 0.588872
 -99.9646 18.3889 0.621215 0.621215
 -99.6111 18.4697 0.590959 0.590959
 -99.7374 18.4091 0.628718 0.628718
 -99.5606 18.3687 0.567806 0.567806
 -99.7374 18.4899 0.610116 0.610116
 -99.7879 18.5101 0.557862 0.557862
 -99.5354 18.3081 0.641013 0.641013
 -99.7121 18.3889 0.627988 0.627988
 -99.6111 18.2475 0.625874 0.625874
 -99.1818 18.3283 0.683585 0.683585
 -99.1061 18.2475 0.584788 0.584788
 -99.5354 18.2677 0.574088 0.574088
 -99.5101 18.1061 0.664190 0.664190
 -99.6616 18.2677 0.629648 0.629648
 -99.7121 18.2677 0.633481 0.633481
 -99.6869 18.3283 0.600707 0.600707
 -99.7374 18.2071 0.651988 0.651988
 -99.5101 18.2677 0.628677 0.628677
 -99.7121 18.3889 0.582942 0.582942
 -99.5606 18.1263 0.635967 0.635967
 -99.5101 18.2677 0.597751 0.597751
 -99.5859 18.4091 0.600804 0.600804
 -99.5101 18.1061 0.652261 0.652261
-100.1919 18.4899 0.606902 0.606902
 -99.7626 18.3687 0.594608 0.594608
 -99.7879 17.9848 0.604141 0.604141
 -99.4343 18.4495 0.615934 0.615934
 -99.7626 18.4091 0.642240 0.642240
 -99.7626 18.0051 0.651939 0.651939
 -99.5101 18.1465 0.592817 0.592817
 -99.7121 18.0253 0.593814 0.593814
 -99.8889 17.8030 0.599796 0.599796
 -99.6364 18.1263 0.631294 0.631294
 -99.5606 18.2273 0.568260 0.568260
 -99.7374 18.0859 0.640799 0.640799
 -99.3586 18.0455 0.585292 0.585292
 -99.3333 18.1667 0.642345 0.642345
 -99.5859 18.1667 0.654368 0.654368
 -99.3838 18.1667 0.585814 0.585814
 -99.6111 18.1667 0.660803 0.660803
 -99.5606 18.2677 0.608351 0.608351
 -99.2828 18.0859 0.681031 0.681031
 -99.2828 18.0657 0.673947 0.673947
 -99.5354 18.2071 0.609258 0.609258
 -99.3838 18.0657 0.620742 0.620742
 -99.4343 18.1465 0.618908 0.618908
 -99.5606 18.3485 0.618742 0.618742
 -99.2323 18.1667 0.649809 0.649809
 -99.3333 18.2475 0.579720 0.579720
 -99.3333 18.2475 0.661424 0.661424
 -99.5101 18.3081 0.616616 0.616616
 -99.3586 18.1061 0.675237 0.675237
 -99.5606 18.1667 0.663081 0.663081
 -99.3586 18.2273 0.647158 0.647158
 -99.5859 18.4091 0.609451 0.609451
 -99.4343 18.4293 0.610821 0.610821
 -99.1818 18.3687 0.605813 0.605813
 -99.6111 18.3889 0.584256 0.584256
 -99.4091 18.2475 0.626005 0.626005
 -99.3586 18.2475 0.650484 0.650484
 -99.3838 18.4293 0.587932 0.587932
 -99.6869 17.9848 0.639305 0.639305
 -99.6364 18.4293 0.639289 0.639289
 -99.7626 18.3889 0.576663 0.576663
 -99.6869 18.2071 0.681446 0.681446
 -99.6616 18.2475 0.588631 0.588631
 -99.4343 18.3485 0.588334 0.588334
 -99.9141 18.4697 0.599117 0.599117
 -99.6111 18.1465 0.509095 0.509095
 -99.5354 18.4697 0.595675 0.595675
 -99.5606 18.4899 0.606833 0.606833
 -99.4091 18.4495 0.633870 0.633870
 -99.5859 18.3889 0.625918 0.625918
 -99.6616 18.4495 0.637622 0.637622
 -99.5859 18.4091 0.648419 0.648419
 -99.5101 18.3687 0.557131 0.557131
 -99.5606 18.3283 0.581085 0.581085
 -99.8384 18.4293 0.589016 0.589016
 -99.4596 18.4495 0.624939 0.624939
 -99.6869 18.3889 0.620815 0.620815
 -99.9141 18.3081 0.614089 0.614089
-100.0152 18.3081 0.635798 0.635798
 -99.8636 18.4697 0.552513 0.552513
 -99.4091 18.1869 0.609886 0.609886
 -99.7879 18.2677 0.627238 0.627238
 -99.8131 18.2273 0.561675 0.561675
 -99.6616 18.2677 0.641427 0.641427
 -99.5606 18.2273 0.589115 0.589115
 -99.6364 18.2475 0.586128 0.586128
 -99.5606 18.2879 0.556371 0.556371
 -99.6616 18.1667 0.632918 0.632918
 -99.6616 18.1263 0.596096 0.596096
 -99.4848 18.1263 0.580149 0.580149
 -99.8636 18.3081 0.620946 0.620946
 -99.8131 18.2677 0.596948 0.596948
 -99.8889 18.3687 0.580587 0.580587
 -99.8889 18.3485 0.586520 0.586520
 -99.8889 18.3687 0.564936 0.564936
 -99.4091 18.2879 0.608040 0.608040
 -99.7879 18.4091 0.605576 0.605576
 -99.2828 18.3687 0.622022 0.622022
 -99.3838 18.4091 0.598838 0.598838
 -99.5354 18.1667 0.595829 0.595829
 -99.5101 18.3889 0.636126 0.636126
 -99.2323 18.2273 0.609782 0.609782
 -99.1818 18.3485 0.581445 0.581445
 -99.3333 18.3283 0.637404 0.637404
 -99.2576 18.3485 0.645083 0.645083
 -99.2828 18.1869 0.604501 0.604501
 -99.5354 18.3687 0.559811 0.559811
 -99.0808 18.2879 0.676589 0.676589
 -99.4091 18.2879 0.552409 0.552409
 -99.3333 18.1869 0.657513 0.657513
 -99.3586 18.1263 0.691397 0.691397
 -99.5606 18.1465 0.597227 0.597227
 -99.3081 18.0859 0.649443 0.649443
 -99.2071 18.2071 0.623575 0.623575
 -99.5606 18.3687 0.605152 0.605152
 -99.7374 18.4495 0.576272 0.576272
 -99.2828 18.1465 0.688133 0.688133
 -99.5354 18.3283 0.627159 0.627159
 -99.4091 18.1869 0.664543 0.664543
 -99.5606 18.2071 0.570990 0.570990
 -99.5101 18.4293 0.561205 0.561205
 -99.5859 18.3485 0.578473 0.578473
 -99.2071 18.2677 0.607925 0.607925
 -99.3333 18.2273 0.658744 0.658744
 -99.6364 18.2879 0.622558 0.622558
 -99.6616 18.1465 0.677075 0.677075
 -99.8131 17.9848 0.606947 0.606947
 -99.5101 18.1869 0.562225 0.562225
 -99.6616 18.0657 0.560727 0.560727
 -99.6364 18.1061 0.622592 0.622592
 -99.0808 18.2071 0.674942 0.674942
 -99.6616 18.1263 0.655207 0.655207
 -99.8889 18.2475 0.627273 0.627273
 -99.5606 18.4495 0.616884 0.616884
 -99.5606 18.2677 0.617179 0.617179
 -99.5354 18.4091 0.621528 0.621528
 -99.3838 18.1869 0.656719 0.656719
 -99.7374 18.1465 0.595413 0.595413
 -99.3838 18.0859 0.621632 0.621632
 -99.7879 17.9848 0.585671 0.585671