 -99.5606 18.4697 0.216064 0.216064
 -99.3838 18.4293 0.132095 0.132095
 -99.4343 18.4495 0.183156 0.183156
 -99.3586 18.3081 0.155298 0.155298
 -99.1313 18.3283 0.246908 0.246908
 -99.1818 18.3687 0.247628 0.247628
 -99.1061 18.2071 0.082934 0.082934
 -99.1818 18.2071 0.168385 0.168385
 -99.5859 18.1869 0.261153 0.261153
 -99.5606 18.4293 0.194912 0.194912
 -99.5606 18.2677 0.195743 0.195743
 -99.6364 18.4293 0.222295 0.222295
 -99.6111 18.3081 0.155939 0.155939
 -99.6111 18.3485 0.125945 0.125945
 -99.7626 18.3889 0.296834 0.296834
 -99.2071 18.2071 0.172301 0.172301
 -99.1566 18.2677 0.045824 0.045824
 -99.1061 18.3081 0.121823 0.121823
 -99.1566 18.3283 0.175360 0.175360
 -99.2576 18.2677 0.216751 0.216751
 -99.3081 18.1869 0.167876 0.167876
 -99.2323 17.9848 0.132851 0.132851
 -99.3081 18.2475 0.142002 0.142002
 -99.2576 18.0657 0.129125 0.129125
 -99.2576 18.1667 0.136534 0.136534
 -99.3081 18.2071 0.158735 0.158735
 -99.3586 18.1869 0.098885 0.098885
 -99.5101 18.3283 0.126745 0.126745
 -99.3586 18.1869 0.191326 0.191326
 -99.5101 18.2879 0.263444 0.263444
 -99.2576 18.1263 0.079821 0.079821
 -99.5606 18.1667 0.178899 0.178899
 -99.5354 18.4697 0.214539 0.214539
 -99.2071 18.2475 0.073305 0.073305
 -99.2576 18.0051 0.131711 0.131711
 -99.2828 18.0657 0.184147 0.184147
 -99.3333 18.1667 0.112873 0.112873
 -99.3586 18.2071 0.150912 0.150912
 -99.2828 18.1465 0.093776 0.093776
 -99.2576 18.1263 0.069038 0.069038
 -99.1061 18.2879 0.186087 0.186087
 -99.1313 18.3283 0.082186 0.082186
 -99.5859 18.0051 0.088009 0.088009
 -99.3081 18.1263 0.269890 0.269890
 -99.3838 18.1667 0.125108 0.125108
 -99.3586 18.0455 0.076840 0.076840
 -99.3081 18.0455 0.073745 0.073745
 -99.2828 18.0455 0.033845 0.033845
 -99.6111 18.0859 0.098531 0.098531
 -99.2071 18.2475 0.142838 0.142838
 -99.3333 18.1061 0.102183 0.102183
 -99.1818 18.2071 0.166012 0.166012
 -99.4091 18.0455 0.055099 0.055099
 -99.4848 18.2475 0.402412 0.402412
 -99.2576 18.1263 0.259052 0.259052
 -99.9394 18.4293 0.413717 0.413717
 -99.6869 18.4293 0.172129 0.172129
 -99.6616 18.3283 0.272852 0.272852
-100.5455 17.5808 0.221652 0.221652
 -99.6364 18.2879 0.236446 0.236446
 -99.5859 18.2879 0.068896 0.068896
-100.1162 18.2273 0.144930 0.144930
 -99.6111 18.2273 0.278854 0.278854
 -99.9899 18.6313 0.177901 0.177901
 -99.5354 18.3687 0.223059 0.223059
 -99.5606 18.3081 0.163375 0.163375
 -99.8636 18.2071 0.161666 0.161666
 -99.5859 18.1465 0.184017 0.184017
 -99.5859 18.1667 0.294948 0.294948
 -99.9646 18.3485 0.476959 0.476959
 -99.7879 18.2071 0.125644 0.125644
 -99.6869 18.2071 0.316504 0.316504
 -99.6616 18.2677 0.165177 0.165177
 -99.5606 18.2475 0.098753 0.098753
 -99.4091 18.1667 0.064773 0.064773
 -99.7626 18.0051 0.182675 0.182675
 -99.7374 18.2273 0.110941 0.110941
 -99.6869 18.2273 0.114965 0.114965
 -99.7374 18.3889 0.197999 0.197999
 -99.7121 18.3889 0.310833 0.310833
 -99.3586 18.1869 0.066383 0.066383
 -99.4343 18.1667 0.116590 0.116590
 -99.4091 18.1667 0.131727 0.131727
 -99.5859 18.2677 0.180320 0.180320
 -99.7374 18.1465 0.199781 0.199781
 -99.5606 18.4293 0.250080 0.250080
 -99.3838 18.0859 0.156019 0.156019
 -99.5101 18.2071 0.101495 0.101495
 -99.6616 18.1869 0.162738 0.162738
 -99.3081 18.1263 0.177955 0.177955
 -99.5606 18.2677 0.134579 0.134579
 -99.6111 18.2071 0.083286 0.083286
 -99.5859 18.2475 0.183099 0.183099
 -99.3081 18.0859 0.164942 0.164942
 -99.6616 18.1061 0.031083 0.031083
 -99.3838 18.0859 0.067353 0.067353
 -99.5859 18.1465 0.089164 0.089164
 -99.8636 18.4697 0.209682 0.209682
 -99.7121 18.0859 0.053164 0.053164
 -99.2828 18.2273 0.116282 0.116282
 -99.3333 18.2273 0.217254 0.217254
 -99.7374 18.4899 0.157895 0.157895
 -99.4848 18.2677 0.182523 0.182523
 -99.3838 18.1061 0.220846 0.220846
 -99.3838 18.1667 0.172581 0.172581
 -99.3333 18.1869 0.168575 0.168575
 -99.2576 18.2677 0.192618 0.192618
 -99.3081 18.2475 0.143158 0.143158
 -99.6364 18.2677 0.259331 0.259331
 -99.2576 18.2677 0.225842 0.225842
 -99.1313 18.3081 0.117637 0.117637
 -99.5859 18.1869 0.129495 0.129495
 -99.6616 18.1263 0.220056 0.220056
 -99.1313 18.3283 0.094756 0.094756
 -99.8636 18.2677 0.264537 0.264537
 -99.5354 18.3485 0.337007 0.337007
 -99.1061 18.2475 0.062004 0.062004
 -99.5354 18.4293 0.250196 0.250196
 -99.2828 18.1869 0.241047 0.241047
 -99.3838 18.4091 0.159312 0.159312
 -99.7626 18.4899 0.224631 0.224631
 -99.7121 17.7020 0.186004 0.186004
 -99.8636 17.7020 0.136617 0.136617
 -99.8384 17.9848 0.172013 0.172013
 -99.6616 18.3687 0.263147 0.263147
 -99.4343 18.0859 0.065080 0.065080
 -99.5101 18.2677 0.289022 0.289022
 -99.6111 18.2273 0.142475 0.142475
 -99.6364 18.2677 0.285504 0.285504
 -99.7626 17.5404 0.068448 0.068448
 -99.6869 18.1667 0.240163 0.240163
 -99.8384 17.8232 0.129286 0.129286
 -99.6111 17.6818 0.089514 0.089514
 -99.2576 18.1263 0.098619 0.098619
 -99.7121 17.6414 0.147474 0.147474
 -99.6616 17.6818 0.140473 0.140473
 -99.8384 18.3081 0.435218 0.435218
-100.0152 18.3485 0.307843 0.307843
 -99.9899 18.3081 0.426273 0.426273
 -99.7879 18.2677 0.126914 0.126914
 -99.2071 18.2071 0.109686 0.109686
 -99.8131 18.4697 0.269161 0.269161
 -99.4848 18.4697 0.267421 0.267421
 -99.7626 18.4899 0.226628 0.226628
 -99.7374 18.2475 0.259783 0.259783
 -99.7374 18.2273 0.187513 0.187513
 -99.8636 18.4495 0.295836 0.295836
 -99.8384 18.4697 0.132300 0.132300
-100.0152 18.3687 0.192653 0.192653
 -99.2071 18.3283 0.056475 0.056475
 -99.1061 18.2677 0.090610 0.090610
 -99.9646 18.3283 0.074742 0.074742
 -99.4596 18.2475 0.419061 0.419061
 -99.7121 18.4293 0.415808 0.415808
 -99.5606 18.3687 0.247415 0.247415
 -99.6111 18.4495 0.172201 0.172201
 -99.5354 18.4293 0.165997 0.165997
 -99.4848 18.1667 0.181599 0.181599
 -99.8384 18.4495 0.314636 0.314636
-100.0152 18.5101 0.244848 0.244848
 -99.8131 18.2273 0.106586 0.106586
 -99.7626 17.6010 0.121092 0.121092
 -99.2323 18.3081 0.193270 0.193270
-100.0657 18.4091 0.160175 0.160175
-100.1919 18.3889 0.239559 0.239559
-100.0909 18.1263 0.278317 0.278317
-100.4192 18.3889 0.080555 0.080555
 -99.7374 18.2475 0.095641 0.095641
-100.1919 18.3485 0.088216 0.088216
 -99.4848 18.4495 0.276658 0.276658
 -99.4091 18.2071 0.344851 0.344851
 -99.6364 18.1263 0.170344 0.170344
-100.0152 18.3081 0.271223 0.271223
 -99.9394 18.2273 0.064590 0.064590
 -99.9646 18.4091 0.074045 0.074045
 -99.2323 18.0657 0.189333 0.189333
 -99.6364 18.3687 0.285632 0.285632
 -99.5859 18.1667 0.154897 0.154897
 -99.7121 18.3081 0.007426 0.007426
 -99.4091 18.4293 0.096101 0.096101
 -99.5354 18.3889 0.226073 0.226073
 -99.5354 18.4293 0.201562 0.201562
 -98.9040 17.6616 0.098565 0.098565
 -99.4848 18.1263 0.184759 0.184759
 -99.3838 18.4091 0.250181 0.250181
 -99.9899 18.3485 0.346935 0.346935
 -99.5354 18.3283 0.119423 0.119423
 -99.5354 18.3687 0.219142 0.219142
 -99.5101 18.4495 0.264884 0.264884
 -99.4848 18.4495 0.289110 0.289110
 -99.1313 18.3283 0.149516 0.149516
 -99.1313 18.3283 0.156705 0.156705
 -99.4091 18.2879 0.075070 0.075070
 -99.7121 18.3687 0.202058 0.202058
 -99.5354 18.4293 0.105719 0.105719
 -99.5354 18.3889 0.133275 0.133275
 -99.9141 18.3687 0.119955 0.119955
 -99.2323 18.3283 0.107014 0.107014
 -99.2828 18.1465 0.255584 0.255584
 -99.1061 18.3081 0.192196 0.192196
 -99.2828 18.1465 0.123725 0.123725
 -99.0808 18.3081 0.082040 0.082040
 -99.4848 18.3283 0.105812 0.105812
 -99.2071 18.2677 0.063463 0.063463
 -99.2828 18.2879 0.138983 0.138983
 -99.3081 18.2879 0.150265 0.150265
 -99.5354 18.1869 0.145259 0.145259
 -99.2071 18.2475 0.166380 0.166380
 -99.0556 18.0253 0.048350 0.048350
 -99.3081 18.1869 0.131648 0.131648
 -99.2071 18.1667 0.115886 0.115886
 -99.2323 18.3283 0.089961 0.089961
 -99.3081 18.0859 0.083081 0.083081
 -99.2071 18.2071 0.086672 0.086672
 -99.1313 18.3081 0.206678 0.206678
 -99.4848 18.3081 0.108715 0.108715
 -99.5606 18.2071 0.115478 0.115478
 -99.3333 18.2071 0.143655 0.143655
 -99.2576 18.1869 0.104484 0.104484
 -99.5606 18.2677 0.092232 0.092232
 -98.8788 18.1263 0.088041 0.088041
 -99.3838 18.1667 0.059134 0.059134
 -99.3333 18.1667 0.138107 0.138107
 -99.2828 18.1667 0.211373 0.211373
 -99.3333 18.1869 0.174086 0.174086
 -99.5859 18.2071 0.275314 0.275314
 -99.1061 18.2475 0.065152 0.065152
 -99.2071 18.2071 0.179571 0.179571
 -99.7121 18.1465 0.135331 0.135331
 -99.5101 18.4091 0.193348 0.193348
 -99.5859 18.4091 0.067242 0.067242
 -99.5606 18.3889 0.076889 0.076889
 -99.5101 18.3687 0.322646 0.322646
 -99.5859 18.3687 0.115594 0.115594
 -99.7374 18.4495 0.155551 0.155551
 -99.5606 18.4091 0.175066 0.175066
 -99.5859 18.2071 0.140428 0.140428
 -99.5606 18.2475 0.246479 0.246479
 -99.6111 18.3889 0.322735 0.322735
 -99.6111 18.1869 0.337939 0.337939
 -99.5859 18.2677 0.326068 0.326068
 -99.4848 18.3687 0.169563 0.169563
 -99.5606 18.3889 0.408587 0.408587
 -99.5606 18.2273 0.180355 0.180355
 -99.5859 18.3485 0.238283 0.238283
 -99.6364 18.1667 0.203136 0.203136
 -99.5606 18.4091 0.213532 0.213532
 -99.8384 18.2475 0.145331 0.145331
 -99.6616 18.0253 0.211082 0.211082
 -99.6616 18.1465 0.335874 0.335874
 -99.6111 18.0253 0.272752 0.272752
 -99.7374 18.2071 0.103798 0.103798
 -99.5859 18.2677 0.220927 0.220927
 -99.6111 18.1061 0.158577 0.158577
 -99.6616 18.1263 0.329703 0.329703
 -99.6364 18.0859 0.183972 0.183972
 -99.7374 18.1869 0.285085 0.285085
 -99.6869 18.3283 0.083659 0.083659
 -99.6616 18.2677 0.042492 0.042492
 -99.6616 18.2273 0.208167 0.208167
 -99.7626 18.4293 0.092703 0.092703
 -99.7374 18.4293 0.134848 0.134848
 -99.4091 18.4091 0.136928 0.136928
 -99.7879 18.4293 0.435568 0.435568
-100.5707 19.5000 0.083519 0.083519
 -99.7626 18.3485 0.311855 0.311855
 -99.7879 18.4697 0.127288 0.127288
 -99.8384 18.4495 0.290446 0.290446
 -99.8636 18.4697 0.187008 0.187008
 -99.5859 18.4495 0.208732 0.208732
-100.1414 18.3081 0.063493 0.063493
 -99.6616 18.0657 0.105405 0.105405
 -99.5354 18.2879 0.081622 0.081622
 -99.5354 18.3889 0.234831 0.234831
 -99.8131 18.4495 0.177128 0.177128
 -99.7879 18.3283 0.323612 0.323612
 -99.7374 18.4293 0.162495 0.162495
 -99.6616 18.2273 0.251254 0.251254
 -99.7626 18.3889 0.294558 0.294558
 -99.9646 18.2677 0.099487 0.099487
 -99.4848 18.3081 0.309998 0.309998
 -99.8384 18.3485 0.341124 0.341124
 -99.6869 17.9848 0.309134 0.309134
 -99.8889 18.2677 0.167584 0.167584
 -99.6364 18.1667 0.233100 0.233100
 -99.6111 17.9848 0.173380 0.173380
 -99.5354 18.0657 0.126469 0.126469
 -99.6111 18.0657 0.070898 0.070898
 -99.5354 18.2071 0.138241 0.138241
 -99.8889 18.2879 0.330453 0.330453
 -99.5606 18.2677 0.259852 0.259852
 -99.6869 18.1667 0.178796 0.178796
 -99.5101 18.1061 0.141567 0.141567
 -99.5354 18.4495 0.163319 0.163319
 -99.1566 18.3283 0.167203 0.167203
 -99.3838 18.3889 0.215543 0.215543
 -99.2828 18.2879 0.151207 0.151207
 -99.4091 18.4293 0.182987 0.182987
 -99.4091 18.4091 0.236803 0.236803
 -99.5354 18.4091 0.145235 0.145235
 -99.3586 18.3687 0.208383 0.208383
 -99.2323 18.2475 0.091135 0.091135
 -99.1313 18.3081 0.164437 0.164437
 -99.1061 18.2475 0.072002 0.072002
 -99.2323 18.2677 0.099378 0.099378
 -99.1313 18.2475 0.075841 0.075841
 -99.3081 18.2879 0.124927 0.124927
 -99.2323 18.3283 0.180626 0.180626
 -99.2071 18.2071 0.156455 0.156455
 -99.1061 18.2273 0.108995 0.108995
 -99.5606 18.3687 0.289883 0.289883
 -99.7626 18.3485 0.326914 0.326914
 -99.8131 18.3485 0.307102 0.307102
 -99.4848 18.2071 0.216301 0.216301
 -99.8889 18.3687 0.232266 0.232266
-100.1162 18.3081 0.326934 0.326934
 -99.8384 18.3081 0.066766 0.066766
 -99.7879 18.2273 0.354366 0.354366
 -99.8384 18.4899 0.229711 0.229711
 -99.3081 18.1667 0.198437 0.198437
 -99.5101 18.2071 0.099108 0.099108
 -99.7626 18.2475 0.073355 0.073355
 -99.4343 18.1869 0.126908 0.126908
 -99.6364 18.3889 0.097728 0.097728
 -99.7121 18.3687 0.090236 0.090236
 -99.6111 18.3485 0.284341 0.284341
 -99.7879 18.4091 0.180278 0.180278
 -99.6616 18.3283 0.149626 0.149626
 -99.6616 18.3485 0.080251 0.080251
 -99.8636 18.2475 0.084308 0.084308
 -99.7626 18.4091 0.219191 0.219191
 -99.8131 18.3283 0.182772 0.182772
 -99.9646 18.3889 0.197986 0.197986
 -99.5859 18.2879 0.126991 0.126991
 -99.6364 18.3081 0.096547 0.096547
 -99.6869 18.1869 0.135151 0.135151
 -99.5354 18.3485 0.233805 0.233805
 -99.7374 18.4293 0.187057 0.187057
 -99.8384 18.3081 0.149914 0.149914
 -99.7374 18.1465 0.066171 0.066171
 -99.6616 18.4697 0.239614 0.239614
 -99.8384 18.4495 0.084546 0.084546
 -99.7374 18.0657 0.081218 0.081218
 -99.7626 18.3283 0.137804 0.137804
 -99.6111 18.2273 0.218130 0.218130
 -99.5101 18.3283 0.199434 0.199434
 -99.4091 18.3889 0.199863 0.199863
 -99.6869 18.1263 0.143936 0.143936
 -99.7374 18.1465 0.115752 0.115752
 -99.7374 18.3485 0.213744 0.213744
 -99.7626 18.2677 0.119105 0.119105
 -99.7879 18.4091 0.151481 0.151481
 -99.9394 18.3889 0.284808 0.284808
 -99.5859 18.0859 0.145558 0.145558
 -99.6616 18.3485 0.458894 0.458894
 -99.7626 18.3283 0.177260 0.177260
 -99.9141 18.3687 0.275363 0.275363
 -99.4848 18.3283 0.091625 0.091625
 -99.2071 18.2475 0.140734 0.140734
 -99.3081 18.2475 0.104528 0.104528
 -99.3586 18.1869 0.146375 0.146375
 -99.2323 18.3283 0.221799 0.221799
 -99.1061 18.3081 0.196810 0.196810
 -99.1061 18.2071 0.113279 0.113279
 -99.3586 18.1667 0.051237 0.051237
 -99.2576 18.1465 0.134740 0.134740
 -99.2071 18.3283 0.157575 0.157575
 -99.2828 18.1667 0.242927 0.242927
 -99.1566 18.2677 0.060681 0.060681
 -99.3838 18.1667 0.175018 0.175018
 -99.2071 18.2475 0.184536 0.184536
 -99.5859 18.0253 0.079017 0.079017
 -99.2828 18.0859 0.156368 0.156368
 -99.5606 18.1667 0.091261 0.091261
 -99.4343 18.4495 0.152063 0.152063
 -99.5101 18.3485 0.065064 0.065064
 -99.2576 18.2879 0.137601 0.137601
 -99.1818 18.2677 0.088212 0.088212
 -99.9394 18.0455 0.079936 0.079936
 -99.4091 18.1667 0.103787 0.103787
 -99.3333 18.0455 0.107309 0.107309
 -99.4091 18.1263 0.087259 0.087259
 -99.3081 18.1263 0.187943 0.187943
 -99.4343 18.2677 0.172099 0.172099
 -99.7374 18.3889 0.190605 0.190605
 -99.5859 18.3687 0.186339 0.186339
 -99.7626 18.3889 0.209437 0.209437
 -99.4596 18.1869 0.129040 0.129040
 -99.6111 18.2071 0.219813 0.219813
 -99.7626 18.3283 0.139280 0.139280
 -99.5859 18.2677 0.384286 0.384286
 -99.6111 18.1465 0.222149 0.222149
 -99.5606 18.3283 0.269292 0.269292
 -99.5859 18.2879 0.350712 0.350712
 -99.3586 18.0859 0.052914 0.052914
 -99.3333 18.1465 0.094039 0.094039
 -99.5859 18.2273 0.042560 0.042560
 -99.4091 18.1465 0.205598 0.205598
 -99.5859 18.1869 0.207426 0.207426
 -99.9394 18.4899 0.239860 0.239860
 -99.7374 18.2273 0.154345 0.154345
 -99.4091 18.1869 0.131754 0.131754
 -99.6111 18.2273 0.072817 0.072817
 -99.6111 18.2071 0.200374 0.200374
 -99.5354 18.2677 0.328678 0.328678
-100.0404 18.4899 0.335290 0.335290
 -99.2828 18.1061 0.153867 0.153867
 -99.3586 18.1061 0.019268 0.019268
 -99.5606 18.1263 0.114034 0.114034
 -99.7626 18.1667 0.114496 0.114496
 -99.5859 18.3687 0.220200 0.220200
 -99.9394 17.8232 0.088337 0.088337
 -99.8384 18.4495 0.186555 0.186555
 -99.8384 18.3687 0.294656 0.294656
 -99.5101 18.2475 0.271591 0.271591
 -99.9646 18.2071 0.359769 0.359769
 -99.8889 18.4697 0.136611 0.136611
 -99.4343 18.1263 0.102980 0.102980
-100.0404 18.3485 0.156795 0.156795
-100.0152 18.3081 0.193577 0.193577
 -99.9646 18.3283 0.401845 0.401845
 -99.7626 18.4899 0.292948 0.292948
 -99.3333 18.3485 0.103235 0.103235
 -99.3838 18.4091 0.136920 0.136920
 -99.4596 18.4495 0.258574 0.258574
 -99.2071 18.3485 0.103263 0.103263
 -99.6616 18.4091 0.090917 0.090917
 -99.2071 18.3081 0.033316 0.033316
 -99.6111 18.3485 0.127162 0.127162
 -99.4091 18.1869 0.144516 0.144516
 -99.4343 18.4293 0.193405 0.193405
 -99.4596 18.1667 0.056341 0.056341
 -99.2828 18.1667 0.168243 0.168243
 -99.4848 18.4293 0.237791 0.237791
 -99.4091 18.3687 0.170798 0.170798
 -99.7374 18.3485 0.490181 0.490181
 -99.8131 18.5101 0.078014 0.078014
 -99.2071 18.2273 0.097201 0.097201
 -99.2576 18.2677 0.091546 0.091546
 -99.3838 18.2879 0.065063 0.065063
 -99.2576 18.3283 0.113808 0.113808
 -99.2323 18.2273 0.137621 0.137621
 -99.2071 18.2677 0.101024 0.101024
 -99.4343 18.3485 0.170529 0.170529
 -99.5606 18.4293 0.131038 0.131038
 -99.6111 18.4091 0.178304 0.178304
 -99.5101 18.4091 0.160650 0.160650
 -99.6869 18.4495 0.199388 0.199388
 -99.2576 18.2677 0.195574 0.195574
 -99.6616 18.2273 0.355471 0.355471
 -99.6869 18.2475 0.238390 0.238390
 -99.7879 18.2879 0.251825 0.251825
-100.0152 18.3889 0.195901 0.195901
 -99.5101 18.3889 0.230747 0.230747
-100.9747 19.0354 0.090108 0.090108
 -99.7626 18.2475 0.144837 0.144837
 -99.3586 18.1667 0.156124 0.156124
 -99.9394 18.1869 0.333286 0.333286
-100.4949 18.0657 0.234145 0.234145
 -99.7626 18.2879 0.053935 0.053935
 -99.8131 18.4293 0.202123 0.202123
 -99.7374 18.4091 0.313308 0.313308
 -99.2071 18.1667 0.177497 0.177497
 -99.4848 18.3485 0.218075 0.218075
 -99.1313 18.2475 0.170272 0.170272
 -99.1818 18.2475 0.103312 0.103312
 -99.2323 18.2677 0.083449 0.083449
 -99.2323 18.1869 0.049179 0.049179
 -99.2323 18.2677 0.142248 0.142248
 -99.4091 18.1667 0.089218 0.089218
 -99.3081 18.2475 0.109209 0.109209
 -99.2828 18.1465 0.273991 0.273991
 -99.1818 18.2677 0.103492 0.103492
 -99.1061 18.1263 0.154811 0.154811
 -99.3081 18.2273 0.101401 0.101401
 -99.2576 18.4091 0.062018 0.062018
 -99.2828 18.3283 0.134648 0.134648
 -99.1313 18.2475 0.108975 0.108975
 -99.3333 18.2475 0.192694 0.192694
 -99.5354 18.3283 0.107728 0.107728
 -99.6364 18.2071 0.179399 0.179399
 -99.3838 18.4293 0.094788 0.094788
 -99.5101 18.4293 0.154152 0.154152
 -99.1313 18.3485 0.271563 0.271563
 -99.5354 18.3889 0.192946 0.192946
 -99.4343 18.3283 0.173271 0.173271
 -99.3333 18.0859 0.045783 0.045783
 -99.2576 18.3485 0.133693 0.133693
 -99.3838 18.3485 0.209552 0.209552
 -99.5859 18.3485 0.164652 0.164652
 -99.3586 18.3485 0.129290 0.129290
 -99.3333 18.2475 0.113348 0.113348
 -99.5354 18.4293 0.093066 0.093066
 -99.5606 18.1667 0.065685 0.065685
 -99.5101 18.2071 0.185240 0.185240
 -99.2071 18.2071 0.085869 0.085869
 -99.3333 18.2677 0.157451 0.157451
 -99.2071 18.2071 0.077322 0.077322
 -99.3838 18.1465 0.133742 0.133742
 -99.3838 18.2475 0.106329 0.106329
 -99.7374 18.3687 0.298943 0.298943
 -99.5606 18.3687 0.177487 0.177487
 -99.7374 18.4091 0.342001 0.342001
 -99.8131 18.2677 0.265941 0.265941
 -99.7374 18.4091 0.366249 0.366249
 -99.5606 18.2677 0.108349 0.108349
 -99.9141 18.5505 0.287141 0.287141
 -99.7879 18.2879 0.286434 0.286434
 -99.5606 18.2475 0.222952 0.222952
 -99.3586 18.3889 0.140253 0.140253
 -99.5606 18.3485 0.311891 0.311891
 -99.5859 18.3889 0.178429 0.178429
 -99.8889 18.3889 0.218978 0.218978
 -99.7374 18.4293 0.157407 0.157407
 -99.5101 18.4091 0.167244 0.167244
 -99.4596 18.3081 0.130324 0.130324
 -99.7626 18.3283 0.137475 0.137475
 -99.6364 18.3485 0.237521 0.237521
 -99.5606 18.4091 0.199212 0.199212
-100.0152 18.5101 0.251981 0.251981
 -99.5354 18.5101 0.206478 0.206478
 -99.6616 18.3687 0.071024 0.071024
 -99.8636 18.3889 0.326608 0.326608
 -99.8131 18.3687 0.362731 0.362731
 -99.7879 18.5101 0.200459 0.200459
 -99.8384 18.4293 0.354136 0.354136
 -99.9646 18.4091 0.498541 0.498541
 -99.3586 18.1465 0.078342 0.078342
 -99.2323 17.9444 0.059486 0.059486
 -99.6364 18.2273 0.377249 0.377249
 -99.9141 18.2273 0.193730 0.193730
 -99.8131 18.4899 0.231672 0.231672
 -99.7879 18.1263 0.117832 0.117832
 -99.5354 18.3283 0.149945 0.149945
 -99.6111 18.0859 0.325774 0.325774
 -99.6364 18.2879 0.191743 0.191743
 -99.9899 17.7424 0.092185 0.092185
 -99.7121 18.0657 0.131820 0.131820
 -99.6111 18.0859 0.172596 0.172596
 -99.4848 18.1061 0.228965 0.228965
 -99.7374 18.2475 0.280325 0.280325
-100.0152 18.4495 0.119689 0.119689
 -99.5101 18.3283 0.379081 0.379081
 -99.6869 18.2273 0.283055 0.283055
 -99.5859 18.2879 0.056218 0.056218
 -99.7879 18.2677 0.246397 0.246397
 -99.5354 18.1869 0.113871 0.113871
 -99.5606 18.2475 0.263890 0.263890
 -99.5859 18.1667 0.179759 0.179759
 -99.7626 18.1465 0.190604 0.190604
 -99.7626 18.0051 0.129681 0.129681
 -99.7374 18.2879 0.118054 0.118054
 -99.7626 18.3081 0.204164 0.204164
 -99.5354 18.2677 0.185060 0.185060
 -99.5354 18.2677 0.128271 0.128271
 -99.6869 18.2273 0.072826 0.072826
 -99.2576 18.3081 0.205642 0.205642
 -99.7626 18.0051 0.103738 0.103738
 -99.5606 18.2071 0.151838 0.151838
 -99.3586 18.1869 0.166525 0.166525
 -99.8636 17.6010 0.112550 0.112550
 -99.5859 18.2273 0.063552 0.063552
 -99.7879 17.7222 0.142658 0.142658
 -99.6869 17.6818 0.140166 0.140166
 -99.2576 17.9848 0.140681 0.140681
 -99.3838 17.9040 0.054233 0.054233
 -99.3333 18.1061 0.153785 0.153785
 -99.6364 18.1667 0.113720 0.113720
 -99.4343 18.0859 0.106621 0.106621
 -99.6869 18.2273 0.110337 0.110337
 -99.6616 17.7020 0.124899 0.124899
 -99.3586 18.1869 0.182708 0.182708
 -99.5354 18.3081 0.186911 0.186911
 -99.3081 18.1263 0.124557 0.124557
 -99.3333 18.0455 0.100907 0.100907
 -99.6869 18.1061 0.095136 0.095136
 -99.5354 18.2475 0.085234 0.085234
 -99.4091 18.0657 0.107458 0.107458
 -99.8636 17.6818 0.238258 0.238258
 -99.5859 18.3687 0.190144 0.190144
 -99.7374 18.4293 0.194285 0.194285
 -99.6869 18.3889 0.187258 0.187258
 -99.6364 18.4091 0.232490 0.232490
 -99.3586 18.1061 0.047045 0.047045
 -99.4091 18.1667 0.146699 0.146699
 -99.3586 18.1667 0.074214 0.074214
 -99.3838 18.1667 0.153274 0.153274
 -99.5101 18.3081 0.145128 0.145128
 -99.5606 18.3687 0.184756 0.184756
 -99.3586 18.1465 0.072757 0.072757
 -99.6869 18.3283 0.124699 0.124699
 -99.4848 18.3283 0.183299 0.183299
 -99.4091 18.1263 0.124201 0.124201
 -99.9394 18.3889 0.219185 0.219185
 -99.5606 18.2475 0.181293 0.181293
 -99.1566 18.2677 0.196381 0.196381
 -99.4596 18.4293 0.109924 0.109924
 -99.5606 18.1263 0.068693 0.068693
 -99.8384 17.6414 0.098443 0.098443
 -99.6869 18.1869 0.214506 0.214506
 -99.6364 18.1465 0.199184 0.199184
 -99.6111 18.1869 0.198495 0.198495
 -99.6111 18.2677 0.182045 0.182045
 -99.7121 18.1869 0.246333 0.246333
 -99.4848 18.1465 0.265465 0.265465
 -99.8131 18.3485 0.425004 0.425004
 -99.6616 18.1061 0.121726 0.121726
 -99.5606 18.4091 0.307953 0.307953
 -99.6364 18.2475 0.121849 0.121849
 -99.6364 18.2273 0.125181 0.125181
 -99.5101 18.4293 0.150892 0.150892
 -99.7374 18.4495 0.259736 0.259736
 -99.5606 18.3687 0.113147 0.113147
 -99.1061 18.2879 0.112735 0.112735
 -99.1061 18.3081 0.207663 0.207663
 -99.4091 18.2677 0.161284 0.161284
 -99.6616 18.1061 0.273842 0.273842
 -99.6364 18.1263 0.232928 0.232928
 -99.2323 18.3283 0.202388 0.202388
-100.0404 18.3889 0.150393 0.150393
 -99.8889 17.8030 0.149982 0.149982
-100.1919 18.2475 0.149190 0.149190
 -99.6364 18.3283 0.217983 0.217983
 -99.7121 18.2273 0.116947 0.116947
 -99.7121 18.1667 0.289874 0.289874
 -99.6364 18.2677 0.211301 0.211301
 -99.6869 17.7424 0.022141 0.022141
 -99.9394 17.8030 0.028997 0.028997
 -99.9141 17.8232 0.112596 0.112596
 -99.7626 18.2677 0.073419 0.073419
 -99.8384 18.2677 0.204793 0.204793
 -99.5354 17.7222 0.025116 0.025116
 -99.8636 18.3283 0.051306 0.051306
 -99.5606 18.4091 0.233649 0.233649
 -99.7626 17.6818 0.126789 0.126789
 -99.8889 18.2677 0.263850 0.263850
 -99.7121 18.3485 0.184675 0.184675
 -99.5606 18.1465 0.250217 0.250217
 -99.7879 18.2677 0.164904 0.164904
 -99.9141 17.7020 0.107060 0.107060
 -99.7626 17.6212 0.187893 0.187893
 -99.6364 18.2879 0.126851 0.126851
 -99.6364 18.1667 0.172850 0.172850
 -99.4596 18.4293 0.193165 0.193165
 -99.8131 18.2475 0.271227 0.271227
 -99.3586 18.1263 0.069432 0.069432
 -99.8131 18.2475 0.068588 0.068588
 -99.7626 18.2475 0.156832 0.156832
 -99.5101 18.4091 0.228301 0.228301
 -99.5859 18.0859 0.122026 0.122026
 -99.6364 17.6212 0.095480 0.095480
 -99.2828 18.0859 0.155430 0.155430
 -99.3838 18.2273 0.156080 0.156080
 -99.4343 18.1465 0.107144 0.107144
 -99.4091 18.1263 0.063491 0.063491
 -99.4091 18.1869 0.230724 0.230724
 -99.2828 18.1061 0.182220 0.182220
 -99.8889 18.3889 0.211249 0.211249
 -99.4343 18.2677 0.110983 0.110983
 -99.9141 18.3889 0.418272 0.418272
 -99.7374 18.3889 0.320768 0.320768
 -99.5354 18.3485 0.187379 0.187379
 -99.3333 18.2677 0.101936 0.101936
 -99.0808 18.1869 0.098943 0.098943
 -99.8131 18.1061 0.053403 0.053403
 -99.2323 18.2273 0.107425 0.107425
 -99.2576 18.1667 0.126572 0.126572
 -99.7121 18.1667 0.055315 0.055315
 -99.5354 18.3687 0.023784 0.023784
 -99.8384 18.2273 0.199572 0.199572
 -99.9646 17.7626 0.061917 0.061917
 -99.3838 18.4091 0.253838 0.253838
 -99.1818 18.3687 0.171349 0.171349
 -99.7626 18.3687 0.381924 0.381924
 -99.8384 18.5101 0.234768 0.234768
 -99.8384 18.2475 0.213735 0.213735
 -99.5606 18.2475 0.241134 0.241134
 -99.6111 18.1667 0.244452 0.244452
 -99.5859 18.1263 0.194915 0.194915
 -99.8636 18.2879 0.265107 0.265107
 -99.7626 18.3283 0.271880 0.271880
 -99.8384 18.1869 0.239443 0.239443
 -99.9394 17.8030 0.018811 0.018811
 -99.7121 18.0253 0.162623 0.162623
 -99.7626 17.8434 0.050622 0.050622
 -99.6364 18.2071 0.111636 0.111636
 -99.7374 18.0253 0.112562 0.112562
 -99.5354 18.0859 0.167310 0.167310
 -99.7374 18.2475 0.092177 0.092177
 -99.8384 18.3081 0.173172 0.173172
-100.4192 18.0051 0.063094 0.063094
 -99.6111 18.4091 0.243111 0.243111
 -99.7626 17.6010 0.117369 0.117369
 -99.5354 18.1667 0.365767 0.365767
 -99.9394 18.4495 0.115127 0.115127
 -99.6111 18.1465 0.209385 0.209385
 -99.7626 18.0051 0.138245 0.138245
 -99.7626 18.1465 0.331277 0.331277
 -99.7879 18.0859 0.289797 0.289797
 -99.4343 18.2071 0.196755 0.196755
 -99.6616 18.1061 0.122440 0.122440
 -99.7121 18.2879 0.203539 0.203539
 -99.5354 18.1263 0.144097 0.144097
 -98.6010 18.2475 0.013148 0.013148
 -99.5101 18.2273 0.192340 0.192340
 -99.5606 18.4697 0.233967 0.233967
 -99.4848 18.4495 0.262728 0.262728
 -99.5354 18.4697 0.197941 0.197941
 -99.4091 18.3081 0.123558 0.123558
 -99.3586 18.2475 0.196323 0.196323
 -99.6111 18.3485 0.145346 0.145346
 -99.7374 18.4697 0.167191 0.167191
 -99.7374 18.3283 0.437338 0.437338
 -99.6616 17.8838 0.010619 0.010619
 -99.7121 17.7020 0.223583 0.223583
 -99.7121 17.7626 0.109371 0.109371
 -99.7374 18.4091 0.205778 0.205778
 -99.9646 18.3485 0.149823 0.149823
 -99.4848 17.8232 0.155781 0.155781
 -99.6616 18.2475 0.348312 0.348312
 -99.6616 18.2071 0.267885 0.267885
 -99.7626 18.2475 0.179588 0.179588
 -99.5101 18.3485 0.095455 0.095455
 -99.6869 18.2273 0.233201 0.233201
 -99.6364 18.0657 0.223240 0.223240
 -99.8636 18.0253 0.229051 0.229051
 -99.7374 18.0253 0.199292 0.199292
 -99.3838 18.1465 0.165284 0.165284
 -99.9141 18.4697 0.185350 0.185350
 -99.7879 18.3687 0.296589 0.296589
 -99.8636 18.4495 0.275484 0.275484
-100.7727 17.7828 0.008124 0.008124
 -99.6364 18.4495 0.233665 0.233665
 -99.6869 18.4697 0.192526 0.192526
 -99.7121 18.3889 0.235936 0.235936
 -99.6616 18.3889 0.157048 0.157048
 -99.7626 18.4293 0.111670 0.111670
 -99.5606 18.3283 0.122327 0.122327
 -99.5859 18.3283 0.073711 0.073711
 -99.6111 18.3081 0.097074 0.097074
 -99.6111 18.3081 0.130734 0.130734
 -99.6111 18.2071 0.243248 0.243248
 -99.9141 17.7828 0.037454 0.037454
 -99.6111 18.2071 0.144381 0.144381
 -99.6869 18.0859 0.278029 0.278029
 -99.4343 18.0657 0.031665 0.031665
 -99.1313 18.2475 0.122800 0.122800
 -99.2323 18.2273 0.102612 0.102612
 -99.6111 18.1061 0.115459 0.115459
 -99.4091 18.1869 0.101358 0.101358
 -99.6364 18.2071 0.061809 0.061809
 -99.5859 18.0657 0.224804 0.224804
 -99.5606 18.1263 0.215559 0.215559
 -99.3333 18.2475 0.152691 0.152691
 -99.2071 18.2071 0.179365 0.179365
 -99.3838 18.1667 0.138962 0.138962
 -99.6111 18.1667 0.088732 0.088732
 -99.5859 18.2273 0.236889 0.236889
 -99.5859 18.2273 0.216132 0.216132
 -99.5859 18.2071 0.119228 0.119228
 -99.6616 18.2677 0.161764 0.161764
 -99.5101 18.3485 0.358010 0.358010
 -99.5606 18.3283 0.155225 0.155225
 -99.7626 18.0051 0.201041 0.201041
 -99.5354 18.2879 0.215321 0.215321
 -99.3081 18.2475 0.103479 0.103479
 -99.5859 18.1667 0.102811 0.102811
-100.3434 18.3687 0.122169 0.122169
 -99.6111 18.2879 0.215495 0.215495
 -99.9646 18.2677 0.137988 0.137988
-100.4949 18.0455 0.253061 0.253061
 -99.6364 18.2475 0.309150 0.309150
 -99.5859 18.1465 0.234311 0.234311
-100.2172 18.0859 0.102491 0.102491
 -99.7374 18.0657 0.211888 0.211888
 -99.7374 18.4091 0.217788 0.217788
 -99.5101 18.4899 0.439908 0.439908
 -99.4343 18.4697 0.272147 0.272147
 -99.9394 18.1465 0.050584 0.050584
 -99.5859 18.4091 0.179131 0.179131
 -99.7374 18.4091 0.174147 0.174147
 -99.7121 18.3889 0.135935 0.135935
 -99.5354 18.2879 0.037808 0.037808
 -99.7374 18.3889 0.321259 0.321259
 -99.5606 18.3081 0.154123 0.154123
 -99.8131 17.6616 0.114427 0.114427
 -99.9141 17.6414 0.106600 0.106600
 -99.8889 17.6212 0.228263 0.228263
 -99.7374 18.2273 0.201110 0.201110
 -99.7374 18.1465 0.152999 0.152999
 -99.7879 17.7424 0.205990 0.205990
 -99.6869 17.8434 0.096286 0.096286
 -99.7879 17.6818 0.138850 0.138850
 -99.7121 17.7626 0.127869 0.127869
 -99.7626 18.1465 0.072731 0.072731
 -99.8636 18.2475 0.146332 0.146332
 -99.9141 17.6212 0.112459 0.112459
 -99.5859 18.3687 0.206154 0.206154
 -99.4343 17.8838 0.048227 0.048227
 -99.7626 17.6010 0.156504 0.156504
 -99.5606 18.4091 0.162126 0.162126
 -99.4091 18.4293 0.126630 0.126630
 -99.4343 18.3283 0.108301 0.108301
 -99.4596 18.4495 0.256397 0.256397
 -99.4091 18.4293 0.211193 0.211193
 -99.4848 18.4293 0.126090 0.126090
 -99.9899 18.1667 0.139508 0.139508
 -99.7626 18.0051 0.100145 0.100145
 -99.8636 18.1263 0.073287 0.073287
 -99.8131 18.2475 0.279197 0.279197
 -99.7121 18.2879 0.179558 0.179558
 -99.5859 18.2273 0.231376 0.231376
 -99.6364 18.1465 0.183646 0.183646
 -99.6111 18.4091 0.181352 0.181352
 -99.6111 18.2273 0.191223 0.191223
 -99.3586 18.1667 0.208372 0.208372
 -99.5101 18.3081 0.214102 0.214102
 -99.6869 18.2273 0.069181 0.069181
 -99.3838 18.1263 0.067081 0.067081
 -99.7121 18.1667 0.168266 0.168266
 -99.3586 18.2071 0.126793 0.126793
 -99.3081 18.2273 0.184170 0.184170
 -99.3081 18.2475 0.163364 0.163364
 -99.6364 18.2071 0.193681 0.193681
 -99.7879 18.2879 0.160267 0.160267
 -99.7374 18.4293 0.182611 0.182611
 -99.9394 18.0051 0.031503 0.031503
 -99.6364 18.2475 0.315022 0.315022
 -99.3586 18.0859 0.063668 0.063668
 -99.4596 17.8838 0.097204 0.097204
 -99.6111 18.1667 0.126775 0.126775
 -99.6616 18.1667 0.067752 0.067752
 -99.4848 18.4091 0.075037 0.075037
 -99.5606 18.2273 0.113347 0.113347
 -99.7879 18.0051 0.184103 0.184103
 -99.5101 18.4495 0.167682 0.167682
 -99.2576 18.1263 0.048345 0.048345
 -99.5354 18.4697 0.158853 0.158853
 -99.1818 18.1061 0.104732 0.104732
 -99.4343 18.4495 0.241267 0.241267
 -99.2576 18.1263 0.096668 0.096668
 -99.4596 18.4495 0.280735 0.280735
 -99.3081 18.3485 0.057930 0.057930
 -99.3081 18.1869 0.133765 0.133765
 -99.2576 18.1263 0.054005 0.054005
 -99.3081 18.1869 0.074199 0.074199
 -99.5101 18.2677 0.118906 0.118906
 -99.4848 18.3081 0.105228 0.105228
 -99.2576 18.3485 0.141358 0.141358
 -99.1566 18.2475 0.132035 0.132035
 -99.5859 18.1667 0.154860 0.154860
 -99.2323 18.1263 0.279726 0.279726
 -99.5606 18.1869 0.074619 0.074619
 -99.2071 18.2677 0.041873 0.041873
 -99.2828 18.1465 0.116940 0.116940
 -99.2071 18.2071 0.057544 0.057544
 -99.2071 18.0253 0.021903 0.021903
 -99.6869 18.1465 0.085415 0.085415
 -99.3333 18.1061 0.062295 0.062295
 -99.2828 18.1869 0.131890 0.131890
 -99.7121 18.1465 0.297920 0.297920
 -99.0556 17.7424 0.140491 0.140491
 -99.2576 18.3485 0.219237 0.219237
 -99.9141 18.4697 0.294706 0.294706
 -99.9646 18.4293 0.293076 0.293076
 -99.8384 18.4495 0.270286 0.270286
 -99.6869 18.2071 0.371758 0.371758
 -99.6364 18.1667 0.292518 0.292518
 -99.3838 18.3485 0.136718 0.136718
 -99.6616 18.1667 0.282907 0.282907
 -99.1566 18.3283 0.106004 0.106004
 -99.1566 18.3283 0.237895 0.237895
 -99.7121 18.4091 0.283287 0.283287
 -99.5101 18.4293 0.144409 0.144409
-100.1414 18.2879 0.436626 0.436626
 -99.7121 18.3283 0.513273 0.513273
 -99.5859 18.1263 0.130429 0.130429
 -99.8131 18.2475 0.307596 0.307596
 -99.8636 18.3081 0.026985 0.026985
 -99.6111 18.3889 0.212155 0.212155
 -99.7121 18.2475 0.191234 0.191234
 -99.6869 18.2475 0.279076 0.279076
 -99.7879 18.3283 0.166610 0.166610
 -99.6616 18.2677 0.188491 0.188491
 -99.6364 18.1869 0.416810 0.416810
 -99.4848 18.1061 0.246617 0.246617
 -99.6111 18.3081 0.174333 0.174333
 -99.7879 18.2879 0.072914 0.072914
 -99.5101 18.2677 0.056405 0.056405
 -99.9899 18.3081 0.347803 0.347803
 -99.7374 18.0253 0.124913 0.124913
 -99.9141 18.4091 0.261029 0.261029
 -99.6364 18.2071 0.353466 0.353466
 -99.7626 18.0051 0.092422 0.092422
 -99.5606 18.2475 0.047635 0.047635
 -99.6364 18.2273 0.281888 0.281888
 -99.7879 18.0051 0.129093 0.129093
 -99.7626 18.0051 0.105365 0.105365
 -99.5859 18.2071 0.171484 0.171484
 -99.3081 18.1263 0.075036 0.075036
 -99.5354 18.2071 0.169025 0.169025
 -99.5354 18.2879 0.349625 0.349625
 -99.2828 18.1061 0.124007 0.124007
 -99.5606 18.3081 0.341277 0.341277
 -99.5354 18.3485 0.184805 0.184805
 -99.6111 18.2071 0.095692 0.095692
 -99.2828 18.0859 0.051106 0.051106
 -99.7879 17.6818 0.134302 0.134302
 -99.1818 17.9646 0.093634 0.093634
 -99.7879 18.0051 0.105571 0.105571
 -99.6616 17.6212 0.091764 0.091764
 -99.5101 18.1465 0.087035 0.087035
 -99.6869 18.2071 0.098929 0.098929
 -99.3838 18.0657 0.085833 0.085833
 -99.3081 18.0253 0.078378 0.078378
 -99.8384 18.2071 0.156428 0.156428
 -99.5606 18.1869 0.254854 0.254854
 -99.3586 18.1263 0.037566 0.037566
 -99.3838 18.1869 0.055350 0.055350
 -99.7879 17.6212 0.187394 0.187394
 -99.5606 18.2071 0.187005 0.187005
 -99.5606 18.2273 0.060270 0.060270
 -99.6364 18.2677 0.214588 0.214588
 -99.9646 18.1869 0.048062 0.048062
 -99.6616 18.1061 0.138175 0.138175
 -99.5859 18.1263 0.394224 0.394224
 -99.8636 17.7424 0.176302 0.176302
 -99.9899 17.7020 0.069647 0.069647
 -99.9646 17.7626 0.076188 0.076188
 -99.3333 18.1263 0.120730 0.120730
 -99.6111 18.2273 0.205735 0.205735
 -99.3838 18.1465 0.119321 0.119321
 -99.6364 18.1667 0.271796 0.271796
 -99.3838 18.1667 0.129836 0.129836
 -99.5859 18.2475 0.187447 0.187447
 -99.7879 18.2071 0.113859 0.113859
 -99.7626 17.6212 0.150337 0.150337
 -99.7121 17.6818 0.166384 0.166384
 -99.7626 18.3283 0.371490 0.371490
 -99.9394 18.3283 0.191219 0.191219
-100.0909 18.2071 0.269750 0.269750
 -99.7374 17.7222 0.092447 0.092447
 -99.4091 18.4091 0.251812 0.251812
 -99.6364 18.1667 0.132640 0.132640
 -99.7374 18.0253 0.208081 0.208081
 -99.0808 17.7424 0.148971 0.148971
 -99.7121 18.1465 0.131127 0.131127
 -99.7879 17.6818 0.119913 0.119913
 -99.4848 18.3485 0.389801 0.389801
 -99.7121 18.3687 0.234096 0.234096
 -99.6111 18.2677 0.335931 0.335931
 -99.6616 18.4495 0.264638 0.264638
 -99.5606 18.3485 0.361273 0.361273
 -99.6111 18.3081 0.377265 0.377265
 -99.4343 18.4495 0.255634 0.255634
 -99.6869 18.2273 0.318093 0.318093
 -99.6869 18.3889 0.177632 0.177632
 -99.5101 18.3081 0.244659 0.244659
 -99.6616 18.2071 0.216847 0.216847
 -99.4343 18.4495 0.288630 0.288630
 -99.6111 18.2475 0.139412 0.139412
 -99.2323 18.3081 0.174446 0.174446
 -99.0808 18.2273 0.127765 0.127765
 -99.2828 18.2879 0.209091 0.209091
 -99.2576 18.1263 0.069112 0.069112
 -99.1313 18.3283 0.139170 0.139170
 -99.8889 18.4697 0.164886 0.164886
 -99.3333 18.1465 0.087863 0.087863
 -99.2323 18.1263 0.205838 0.205838
 -99.1313 18.2071 0.075591 0.075591
 -99.3333 18.1869 0.131147 0.131147
 -99.5354 18.4697 0.149803 0.149803
 -99.4091 18.1869 0.075011 0.075011
 -99.3586 18.1869 0.075129 0.075129
 -99.5101 18.3081 0.033413 0.033413
 -99.5859 18.4899 0.153671 0.153671
 -99.5354 18.4495 0.190513 0.190513
 -99.9646 18.3889 0.197649 0.197649
 -99.6111 18.4697 0.247127 0.247127
 -99.7374 18.4091 0.186231 0.186231
 -99.5606 18.3687 0.120023 0.120023
 -99.7374 18.4899 0.153520 0.153520
 -99.7879 18.5101 0.196741 0.196741
 -99.5354 18.3081 0.302133 0.302133
 -99.7121 18.3889 0.202394 0.202394
 -99.6111 18.2475 0.172912 0.172912
 -99.1818 18.3283 0.217052 0.217052
 -99.1061 18.2475 0.037689 0.037689
 -99.5354 18.2677 0.097369 0.097369
 -99.5101 18.1061 0.283255 0.283255
 -99.6616 18.2677 0.152796 0.152796
 -99.7121 18.2677 0.198036 0.198036
 -99.6869 18.3283 0.116130 0.116130
 -99.7374 18.2071 0.262343 0.262343
 -99.5101 18.2677 0.279721 0.279721
 -99.7121 18.3889 0.198266 0.198266
 -99.5606 18.1263 0.166838 0.166838
 -99.5101 18.2677 0.139916 0.139916
 -99.5859 18.4091 0.165458 0.165458
 -99.5101 18.1061 0.216820 0.216820
-100.1919 18.4899 0.335313 0.335313
 -99.7626 18.3687 0.130617 0.130617
 -99.7879 17.9848 0.103651 0.103651
 -99.4343 18.4495 0.164511 0.164511
 -99.7626 18.4091 0.261551 0.261551
 -99.7626 18.0051 0.251364 0.251364
 -99.5101 18.1465 0.064357 0.064357
 -99.7121 18.0253 0.099551 0.099551
 -99.8889 17.8030 0.051865 0.051865
 -99.6364 18.1263 0.145618 0.145618
 -99.5606 18.2273 0.072515 0.072515
 -99.7374 18.0859 0.159856 0.159856
 -99.3586 18.0455 0.043514 0.043514
 -99.3333 18.1667 0.137991 0.137991
 -99.5859 18.1667 0.148505 0.148505
 -99.3838 18.1667 0.042668 0.042668
 -99.6111 18.1667 0.100995 0.100995
 -99.5606 18.2677 0.195223 0.195223
 -99.2828 18.0859 0.182087 0.182087
 -99.2828 18.0657 0.148692 0.148692
 -99.5354 18.2071 0.177689 0.177689
 -99.3838 18.0657 0.082364 0.082364
 -99.4343 18.1465 0.112203 0.112203
 -99.5606 18.3485 0.216165 0.216165
 -99.2323 18.1667 0.144120 0.144120
 -99.3333 18.2475 0.043589 0.043589
 -99.3333 18.2475 0.181050 0.181050
 -99.5101 18.3081 0.126924 0.126924
 -99.3586 18.1061 0.155670 0.155670
 -99.5606 18.1667 0.189246 0.189246
 -99.3586 18.2273 0.151262 0.151262
 -99.5859 18.4091 0.139758 0.139758
 -99.4343 18.4293 0.205380 0.205380
 -99.1818 18.3687 0.255097 0.255097
 -99.6111 18.3889 0.224625 0.224625
 -99.4091 18.2475 0.134147 0.134147
 -99.3586 18.2475 0.175833 0.175833
 -99.3838 18.4293 0.073637 0.073637
 -99.6869 17.9848 0.214297 0.214297
 -99.6364 18.4293 0.250674 0.250674
 -99.7626 18.3889 0.110383 0.110383
 -99.6869 18.2071 0.322886 0.322886
 -99.6616 18.2475 0.182367 0.182367
 -99.4343 18.3485 0.211824 0.211824
 -99.9141 18.4697 0.191771 0.191771
 -99.6111 18.1465 0.002304 0.002304
 -99.5354 18.4697 0.174628 0.174628
 -99.5606 18.4899 0.119253 0.119253
 -99.4091 18.4495 0.158838 0.158838
 -99.5859 18.3889 0.289368 0.289368
 -99.6616 18.4495 0.238597 0.238597
 -99.5859 18.4091 0.281240 0.281240
 -99.5101 18.3687 0.132034 0.132034
 -99.5606 18.3283 0.125241 0.125241
 -99.8384 18.4293 0.122556 0.122556
 -99.4596 18.4495 0.392906 0.392906
 -99.6869 18.3889 0.172500 0.172500
 -99.9141 18.3081 0.271619 0.271619
-100.0152 18.3081 0.296738 0.296738
 -99.8636 18.4697 0.093049 0.093049
 -99.4091 18.1869 0.081218 0.081218
 -99.7879 18.2677 0.178600 0.178600
 -99.8131 18.2273 0.091705 0.091705
 -99.6616 18.2677 0.266929 0.266929
 -99.5606 18.2273 0.130733 0.130733
 -99.6364 18.2475 0.124133 0.124133
 -99.5606 18.2879 0.100708 0.100708
 -99.6616 18.1667 0.232854 0.232854
 -99.6616 18.1263 0.106794 0.106794
 -99.4848 18.1263 0.062267 0.062267
 -99.8636 18.3081 0.311642 0.311642
 -99.8131 18.2677 0.384760 0.384760
 -99.8889 18.3687 0.170405 0.170405
 -99.8889 18.3485 0.211698 0.211698
 -99.8889 18.3687 0.171138 0.171138
 -99.4091 18.2879 0.371598 0.371598
 -99.7879 18.4091 0.377430 0.377430
 -99.2828 18.3687 0.174811 0.174811
 -99.3838 18.4091 0.098475 0.098475
 -99.5354 18.1667 0.049661 0.049661
 -99.5101 18.3889 0.191700 0.191700
 -99.2323 18.2273 0.079740 0.079740
 -99.1818 18.3485 0.146928 0.146928
 -99.3333 18.3283 0.194764 0.194764
 -99.2576 18.3485 0.143487 0.143487
 -99.2828 18.1869 0.137155 0.137155
 -99.5354 18.3687 0.074273 0.074273
 -99.0808 18.2879 0.261839 0.261839
 -99.4091 18.2879 0.083821 0.083821
 -99.3333 18.1869 0.202876 0.202876
 -99.3586 18.1263 0.221538 0.221538
 -99.5606 18.1465 0.069000 0.069000
 -99.3081 18.0859 0.108778 0.108778
 -99.2071 18.2071 0.124872 0.124872
 -99.5606 18.3687 0.344894 0.344894
 -99.7374 18.4495 0.231971 0.231971
 -99.2828 18.1465 0.294603 0.294603
 -99.5354 18.3283 0.146138 0.146138
 -99.4091 18.1869 0.145420 0.145420
 -99.5606 18.2071 0.041663 0.041663
 -99.5101 18.4293 0.136810 0.136810
 -99.5859 18.3485 0.173772 0.173772
 -99.2071 18.2677 0.088838 0.088838
 -99.3333 18.2273 0.189598 0.189598
 -99.6364 18.2879 0.232912 0.232912
 -99.6616 18.1465 0.339420 0.339420
 -99.8131 17.9848 0.118846 0.118846
 -99.5101 18.1869 0.031809 0.031809
 -99.6616 18.0657 0.083216 0.083216
 -99.6364 18.1061 0.151245 0.151245
 -99.0808 18.2071 0.205354 0.205354
 -99.6616 18.1263 0.251550 0.251550
 -99.8889 18.2475 0.241349 0.241349
 -99.5606 18.4495 0.312393 0.312393
 -99.5606 18.2677 0.208259 0.208259
 -99.5354 18.4091 0.272894 0.272894
 -99.3838 18.1869 0.185412 0.185412
 -99.7374 18.1465 0.052517 0.052517
 -99.3838 18.0859 0.041106 0.041106
 -99.7879 17.9848 0.093038 0.093038