 -99.5606 18.4697 0.199145 0.199145
 -99.3838 18.4293 0.155233 0.155233
 -99.4343 18.4495 0.160962 0.160962
 -99.3586 18.3081 0.152787 0.152787
 -99.1313 18.3283 0.218551 0.218551
 -99.1818 18.3687 0.195488 0.195488
 -99.1061 18.2071 0.118010 0.118010
 -99.1818 18.2071 0.209633 0.209633
 -99.5859 18.1869 0.205291 0.205291
 -99.5606 18.4293 0.171629 0.171629
 -99.5606 18.2677 0.169150 0.169150
 -99.6364 18.4293 0.153206 0.153206
 -99.6111 18.3081 0.158169 0.158169
 -99.6111 18.3485 0.144850 0.144850
 -99.7626 18.3889 0.249580 0.249580
 -99.2071 18.2071 0.208707 0.208707
 -99.1566 18.2677 0.104877 0.104877
 -99.1061 18.3081 0.143938 0.143938
 -99.1566 18.3283 0.158519 0.158519
 -99.2576 18.2677 0.218826 0.218826
 -99.3081 18.1869 0.183609 0.183609
 -99.2323 17.9848 0.148352 0.148352
 -99.3081 18.2475 0.166266 0.166266
 -99.2576 18.0657 0.156583 0.156583
 -99.2576 18.1667 0.152120 0.152120
 -99.3081 18.2071 0.161914 0.161914
 -99.3586 18.1869 0.116922 0.116922
 -99.5101 18.3283 0.150027 0.150027
 -99.3586 18.1869 0.180164 0.180164
 -99.5101 18.2879 0.237177 0.237177
 -99.2576 18.1263 0.127344 0.127344
 -99.5606 18.1667 0.156406 0.156406
 -99.5354 18.4697 0.210817 0.210817
 -99.2071 18.2475 0.127538 0.127538
 -99.2576 18.0051 0.153465 0.153465
 -99.2828 18.0657 0.213699 0.213699
 -99.3333 18.1667 0.126981 0.126981
 -99.3586 18.2071 0.151112 0.151112
 -99.2828 18.1465 0.138095 0.138095
 -99.2576 18.1263 0.115082 0.115082
 -99.1061 18.2879 0.196030 0.196030
 -99.1313 18.3283 0.101071 0.101071
 -99.5859 18.0051 0.127653 0.127653
 -99.3081 18.1263 0.244082 0.244082
 -99.3838 18.1667 0.148150 0.148150
 -99.3586 18.0455 0.122127 0.122127
 -99.3081 18.0455 0.109908 0.109908
 -99.2828 18.0455 0.076152 0.076152
 -99.6111 18.0859 0.128399 0.128399
 -99.2071 18.2475 0.173280 0.173280
 -99.3333 18.1061 0.114298 0.114298
 -99.1818 18.2071 0.201952 0.201952
 -99.4091 18.0455 0.116718 0.116718
 -99.4848 18.2475 0.215114 0.215114
 -99.2576 18.1263 0.149639 0.149639
 -99.9394 18.4293 0.236319 0.236319
 -99.6869 18.4293 0.103047 0.103047
 -99.6616 18.3283 0.176278 0.176278
-100.5455 17.5808 0.192664 0.192664
 -99.6364 18.2879 0.187580 0.187580
 -99.5859 18.2879 0.082403 0.082403
-100.1162 18.2273 0.139696 0.139696
 -99.6111 18.2273 0.199792 0.199792
 -99.9899 18.6313 0.136342 0.136342
 -99.5354 18.3687 0.155823 0.155823
 -99.5606 18.3081 0.123814 0.123814
 -99.8636 18.2071 0.151217 0.151217
 -99.5859 18.1465 0.140517 0.140517
 -99.5859 18.1667 0.221926 0.221926
 -99.9646 18.3485 0.270854 0.270854
 -99.7879 18.2071 0.134314 0.134314
 -99.6869 18.2071 0.249325 0.249325
 -99.6616 18.2677 0.137056 0.137056
 -99.5606 18.2475 0.116663 0.116663
 -99.4091 18.1667 0.088530 0.088530
 -99.7626 18.0051 0.167202 0.167202
 -99.7374 18.2273 0.124439 0.124439
 -99.6869 18.2273 0.128231 0.128231
 -99.7374 18.3889 0.140897 0.140897
 -99.7121 18.3889 0.189273 0.189273
 -99.3586 18.1869 0.084015 0.084015
 -99.4343 18.1667 0.120660 0.120660
 -99.4091 18.1667 0.141366 0.141366
 -99.5859 18.2677 0.157364 0.157364
 -99.7374 18.1465 0.150567 0.150567
 -99.5606 18.4293 0.179700 0.179700
 -99.3838 18.0859 0.194928 0.194928
 -99.5101 18.2071 0.092982 0.092982
 -99.6616 18.1869 0.166867 0.166867
 -99.3081 18.1263 0.158555 0.158555
 -99.5606 18.2677 0.105127 0.105127
 -99.6111 18.2071 0.115823 0.115823
 -99.5859 18.2475 0.169182 0.169182
 -99.3081 18.0859 0.191440 0.191440
 -99.6616 18.1061 0.073933 0.073933
 -99.3838 18.0859 0.130855 0.130855
 -99.5859 18.1465 0.121869 0.121869
 -99.8636 18.4697 0.131898 0.131898
 -99.7121 18.0859 0.084214 0.084214
 -99.2828 18.2273 0.134567 0.134567
 -99.3333 18.2273 0.210736 0.210736
 -99.7374 18.4899 0.148220 0.148220
 -99.4848 18.2677 0.174011 0.174011
 -99.3838 18.1061 0.227495 0.227495
 -99.3838 18.1667 0.168922 0.168922
 -99.3333 18.1869 0.153999 0.153999
 -99.2576 18.2677 0.209770 0.209770
 -99.3081 18.2475 0.169733 0.169733
 -99.6364 18.2677 0.183427 0.183427
 -99.2576 18.2677 0.229373 0.229373
 -99.1313 18.3081 0.138113 0.138113
 -99.5859 18.1869 0.132763 0.132763
 -99.6616 18.1263 0.196539 0.196539
 -99.1313 18.3283 0.100689 0.100689
 -99.8636 18.2677 0.185568 0.185568
 -99.5354 18.3485 0.204670 0.204670
 -99.1061 18.2475 0.140900 0.140900
 -99.5354 18.4293 0.189340 0.189340
 -99.2828 18.1869 0.220800 0.220800
 -99.3838 18.4091 0.163935 0.163935
 -99.7626 18.4899 0.144853 0.144853
 -99.7121 17.7020 0.165013 0.165013
 -99.8636 17.7020 0.139428 0.139428
 -99.8384 17.9848 0.143734 0.143734
 -99.6616 18.3687 0.243458 0.243458
 -99.4343 18.0859 0.122813 0.122813
 -99.5101 18.2677 0.199648 0.199648
 -99.6111 18.2273 0.112769 0.112769
 -99.6364 18.2677 0.231394 0.231394
 -99.7626 17.5404 0.090138 0.090138
 -99.6869 18.1667 0.177693 0.177693
 -99.8384 17.8232 0.143875 0.143875
 -99.6111 17.6818 0.102531 0.102531
 -99.2576 18.1263 0.140244 0.140244
 -99.7121 17.6414 0.159469 0.159469
 -99.6616 17.6818 0.142921 0.142921
 -99.8384 18.3081 0.274985 0.274985
-100.0152 18.3485 0.183329 0.183329
 -99.9899 18.3081 0.263203 0.263203
 -99.7879 18.2677 0.112052 0.112052
 -99.2071 18.2071 0.124665 0.124665
 -99.8131 18.4697 0.172671 0.172671
 -99.4848 18.4697 0.191021 0.191021
 -99.7626 18.4899 0.160606 0.160606
 -99.7374 18.2475 0.214314 0.214314
 -99.7374 18.2273 0.169820 0.169820
 -99.8636 18.4495 0.192932 0.192932
 -99.8384 18.4697 0.087659 0.087659
-100.0152 18.3687 0.159430 0.159430
 -99.2071 18.3283 0.067427 0.067427
 -99.1061 18.2677 0.101149 0.101149
 -99.9646 18.3283 0.084474 0.084474
 -99.4596 18.2475 0.241778 0.241778
 -99.7121 18.4293 0.254569 0.254569
 -99.5606 18.3687 0.168513 0.168513
 -99.6111 18.4495 0.146415 0.146415
 -99.5354 18.4293 0.147893 0.147893
 -99.4848 18.1667 0.136708 0.136708
 -99.8384 18.4495 0.255426 0.255426
-100.0152 18.5101 0.216186 0.216186
 -99.8131 18.2273 0.109066 0.109066
 -99.7626 17.6010 0.143207 0.143207
 -99.2323 18.3081 0.182596 0.182596
-100.0657 18.4091 0.119863 0.119863
-100.1919 18.3889 0.203405 0.203405
-100.0909 18.1263 0.188522 0.188522
-100.4192 18.3889 0.097622 0.097622
 -99.7374 18.2475 0.085137 0.085137
-100.1919 18.3485 0.101493 0.101493
 -99.4848 18.4495 0.229578 0.229578
 -99.4091 18.2071 0.208611 0.208611
 -99.6364 18.1263 0.131480 0.131480
-100.0152 18.3081 0.177604 0.177604
 -99.9394 18.2273 0.070658 0.070658
 -99.9646 18.4091 0.047111 0.047111
 -99.2323 18.0657 0.176840 0.176840
 -99.6364 18.3687 0.184108 0.184108
 -99.5859 18.1667 0.139558 0.139558
 -99.7121 18.3081 0.010593 0.010593
 -99.4091 18.4293 0.111098 0.111098
 -99.5354 18.3889 0.205103 0.205103
 -99.5354 18.4293 0.190960 0.190960
 -98.9040 17.6616 0.127847 0.127847
 -99.4848 18.1263 0.170392 0.170392
 -99.3838 18.4091 0.245104 0.245104
 -99.9899 18.3485 0.201867 0.201867
 -99.5354 18.3283 0.146265 0.146265
 -99.5354 18.3687 0.157193 0.157193
 -99.5101 18.4495 0.193252 0.193252
 -99.4848 18.4495 0.236938 0.236938
 -99.1313 18.3283 0.138596 0.138596
 -99.1313 18.3283 0.137297 0.137297
 -99.4091 18.2879 0.109291 0.109291
 -99.7121 18.3687 0.120684 0.120684
 -99.5354 18.4293 0.135857 0.135857
 -99.5354 18.3889 0.153048 0.153048
 -99.9141 18.3687 0.135064 0.135064
 -99.2323 18.3283 0.109586 0.109586
 -99.2828 18.1465 0.220222 0.220222
 -99.1061 18.3081 0.205114 0.205114
 -99.2828 18.1465 0.144884 0.144884
 -99.0808 18.3081 0.115367 0.115367
 -99.4848 18.3283 0.127153 0.127153
 -99.2071 18.2677 0.109800 0.109800
 -99.2828 18.2879 0.171633 0.171633
 -99.3081 18.2879 0.167911 0.167911
 -99.5354 18.1869 0.136784 0.136784
 -99.2071 18.2475 0.224813 0.224813
 -99.0556 18.0253 0.069101 0.069101
 -99.3081 18.1869 0.133542 0.133542
 -99.2071 18.1667 0.139342 0.139342
 -99.2323 18.3283 0.113949 0.113949
 -99.3081 18.0859 0.114077 0.114077
 -99.2071 18.2071 0.107828 0.107828
 -99.1313 18.3081 0.211984 0.211984
 -99.4848 18.3081 0.121685 0.121685
 -99.5606 18.2071 0.128675 0.128675
 -99.3333 18.2071 0.150035 0.150035
 -99.2576 18.1869 0.117101 0.117101
 -99.5606 18.2677 0.096531 0.096531
 -98.8788 18.1263 0.105368 0.105368
 -99.3838 18.1667 0.067264 0.067264
 -99.3333 18.1667 0.138539 0.138539
 -99.2828 18.1667 0.183934 0.183934
 -99.3333 18.1869 0.168689 0.168689
 -99.5859 18.2071 0.245388 0.245388
 -99.1061 18.2475 0.137883 0.137883
 -99.2071 18.2071 0.189380 0.189380
 -99.7121 18.1465 0.134694 0.134694
 -99.5101 18.4091 0.135792 0.135792
 -99.5859 18.4091 0.061016 0.061016
 -99.5606 18.3889 0.056438 0.056438
 -99.5101 18.3687 0.211096 0.211096
 -99.5859 18.3687 0.084285 0.084285
 -99.7374 18.4495 0.120499 0.120499
 -99.5606 18.4091 0.141741 0.141741
 -99.5859 18.2071 0.150409 0.150409
 -99.5606 18.2475 0.211981 0.211981
 -99.6111 18.3889 0.226814 0.226814
 -99.6111 18.1869 0.253619 0.253619
 -99.5859 18.2677 0.235849 0.235849
 -99.4848 18.3687 0.142820 0.142820
 -99.5606 18.3889 0.242516 0.242516
 -99.5606 18.2273 0.144443 0.144443
 -99.5859 18.3485 0.173900 0.173900
 -99.6364 18.1667 0.156766 0.156766
 -99.5606 18.4091 0.141148 0.141148
 -99.8384 18.2475 0.127639 0.127639
 -99.6616 18.0253 0.152935 0.152935
 -99.6616 18.1465 0.251008 0.251008
 -99.6111 18.0253 0.213053 0.213053
 -99.7374 18.2071 0.124509 0.124509
 -99.5859 18.2677 0.190974 0.190974
 -99.6111 18.1061 0.137135 0.137135
 -99.6616 18.1263 0.245203 0.245203
 -99.6364 18.0859 0.137362 0.137362
 -99.7374 18.1869 0.220515 0.220515
 -99.6869 18.3283 0.086968 0.086968
 -99.6616 18.2677 0.059395 0.059395
 -99.6616 18.2273 0.158559 0.158559
 -99.7626 18.4293 0.104543 0.104543
 -99.7374 18.4293 0.125734 0.125734
 -99.4091 18.4091 0.157838 0.157838
 -99.7879 18.4293 0.249385 0.249385
-100.5707 19.5000 0.067484 0.067484
 -99.7626 18.3485 0.185991 0.185991
 -99.7879 18.4697 0.083083 0.083083
 -99.8384 18.4495 0.181441 0.181441
 -99.8636 18.4697 0.114166 0.114166
 -99.5859 18.4495 0.187554 0.187554
-100.1414 18.3081 0.083820 0.083820
 -99.6616 18.0657 0.111978 0.111978
 -99.5354 18.2879 0.075031 0.075031
 -99.5354 18.3889 0.200612 0.200612
 -99.8131 18.4495 0.140287 0.140287
 -99.7879 18.3283 0.246235 0.246235
 -99.7374 18.4293 0.135433 0.135433
 -99.6616 18.2273 0.175849 0.175849
 -99.7626 18.3889 0.249811 0.249811
 -99.9646 18.2677 0.110330 0.110330
 -99.4848 18.3081 0.172460 0.172460
 -99.8384 18.3485 0.192867 0.192867
 -99.6869 17.9848 0.210969 0.210969
 -99.8889 18.2677 0.117869 0.117869
 -99.6364 18.1667 0.198157 0.198157
 -99.6111 17.9848 0.130513 0.130513
 -99.5354 18.0657 0.135478 0.135478
 -99.6111 18.0657 0.086611 0.086611
 -99.5354 18.2071 0.138956 0.138956
 -99.8889 18.2879 0.202811 0.202811
 -99.5606 18.2677 0.190447 0.190447
 -99.6869 18.1667 0.148457 0.148457
 -99.5101 18.1061 0.129567 0.129567
 -99.5354 18.4495 0.171559 0.171559
 -99.1566 18.3283 0.155913 0.155913
 -99.3838 18.3889 0.205276 0.205276
 -99.2828 18.2879 0.158864 0.158864
 -99.4091 18.4293 0.156454 0.156454
 -99.4091 18.4091 0.207386 0.207386
 -99.5354 18.4091 0.158799 0.158799
 -99.3586 18.3687 0.209425 0.209425
 -99.2323 18.2475 0.128560 0.128560
 -99.1313 18.3081 0.145170 0.145170
 -99.1061 18.2475 0.117171 0.117171
 -99.2323 18.2677 0.133248 0.133248
 -99.1313 18.2475 0.094685 0.094685
 -99.3081 18.2879 0.119521 0.119521
 -99.2323 18.3283 0.188664 0.188664
 -99.2071 18.2071 0.136588 0.136588
 -99.1061 18.2273 0.141643 0.141643
 -99.5606 18.3687 0.192849 0.192849
 -99.7626 18.3485 0.188190 0.188190
 -99.8131 18.3485 0.163966 0.163966
 -99.4848 18.2071 0.133020 0.133020
 -99.8889 18.3687 0.127507 0.127507
-100.1162 18.3081 0.208199 0.208199
 -99.8384 18.3081 0.069750 0.069750
 -99.7879 18.2273 0.214313 0.214313
 -99.8384 18.4899 0.131407 0.131407
 -99.3081 18.1667 0.175122 0.175122
 -99.5101 18.2071 0.086446 0.086446
 -99.7626 18.2475 0.069557 0.069557
 -99.4343 18.1869 0.122438 0.122438
 -99.6364 18.3889 0.114854 0.114854
 -99.7121 18.3687 0.113631 0.113631
 -99.6111 18.3485 0.239725 0.239725
 -99.7879 18.4091 0.180064 0.180064
 -99.6616 18.3283 0.127353 0.127353
 -99.6616 18.3485 0.111243 0.111243
 -99.8636 18.2475 0.102803 0.102803
 -99.7626 18.4091 0.204580 0.204580
 -99.8131 18.3283 0.163841 0.163841
 -99.9646 18.3889 0.133664 0.133664
 -99.5859 18.2879 0.113072 0.113072
 -99.6364 18.3081 0.105809 0.105809
 -99.6869 18.1869 0.126594 0.126594
 -99.5354 18.3485 0.162771 0.162771
 -99.7374 18.4293 0.145848 0.145848
 -99.8384 18.3081 0.137456 0.137456
 -99.7374 18.1465 0.087850 0.087850
 -99.6616 18.4697 0.229638 0.229638
 -99.8384 18.4495 0.090444 0.090444
 -99.7374 18.0657 0.082430 0.082430
 -99.7626 18.3283 0.104107 0.104107
 -99.6111 18.2273 0.172984 0.172984
 -99.5101 18.3283 0.146659 0.146659
 -99.4091 18.3889 0.158947 0.158947
 -99.6869 18.1263 0.146805 0.146805
 -99.7374 18.1465 0.125778 0.125778
 -99.7374 18.3485 0.162482 0.162482
 -99.7626 18.2677 0.124088 0.124088
 -99.7879 18.4091 0.109719 0.109719
 -99.9394 18.3889 0.168922 0.168922
 -99.5859 18.0859 0.124825 0.124825
 -99.6616 18.3485 0.248151 0.248151
 -99.7626 18.3283 0.137201 0.137201
 -99.9141 18.3687 0.162093 0.162093
 -99.4848 18.3283 0.114319 0.114319
 -99.2071 18.2475 0.178623 0.178623
 -99.3081 18.2475 0.128401 0.128401
 -99.3586 18.1869 0.157929 0.157929
 -99.2323 18.3283 0.226886 0.226886
 -99.1061 18.3081 0.189343 0.189343
 -99.1061 18.2071 0.158222 0.158222
 -99.3586 18.1667 0.084326 0.084326
 -99.2576 18.1465 0.127796 0.127796
 -99.2071 18.3283 0.170454 0.170454
 -99.2828 18.1667 0.219279 0.219279
 -99.1566 18.2677 0.117866 0.117866
 -99.3838 18.1667 0.164408 0.164408
 -99.2071 18.2475 0.239222 0.239222
 -99.5859 18.0253 0.095543 0.095543
 -99.2828 18.0859 0.168366 0.168366
 -99.5606 18.1667 0.102185 0.102185
 -99.4343 18.4495 0.155908 0.155908
 -99.5101 18.3485 0.086468 0.086468
 -99.2576 18.2879 0.172931 0.172931
 -99.1818 18.2677 0.117273 0.117273
 -99.9394 18.0455 0.115170 0.115170
 -99.4091 18.1667 0.117095 0.117095
 -99.3333 18.0455 0.122730 0.122730
 -99.4091 18.1263 0.141744 0.141744
 -99.3081 18.1263 0.165788 0.165788
 -99.4343 18.2677 0.155757 0.155757
 -99.7374 18.3889 0.151333 0.151333
 -99.5859 18.3687 0.124577 0.124577
 -99.7626 18.3889 0.143853 0.143853
 -99.4596 18.1869 0.131666 0.131666
 -99.6111 18.2071 0.160038 0.160038
 -99.7626 18.3283 0.135847 0.135847
 -99.5859 18.2677 0.272597 0.272597
 -99.6111 18.1465 0.173905 0.173905
 -99.5606 18.3283 0.180198 0.180198
 -99.5859 18.2879 0.253972 0.253972
 -99.3586 18.0859 0.107044 0.107044
 -99.3333 18.1465 0.108182 0.108182
 -99.5859 18.2273 0.063709 0.063709
 -99.4091 18.1465 0.204610 0.204610
 -99.5859 18.1869 0.153082 0.153082
 -99.9394 18.4899 0.155358 0.155358
 -99.7374 18.2273 0.117678 0.117678
 -99.4091 18.1869 0.133981 0.133981
 -99.6111 18.2273 0.071571 0.071571
 -99.6111 18.2071 0.187581 0.187581
 -99.5354 18.2677 0.242099 0.242099
-100.0404 18.4899 0.220434 0.220434
 -99.2828 18.1061 0.157082 0.157082
 -99.3586 18.1061 0.040072 0.040072
 -99.5606 18.1263 0.100535 0.100535
 -99.7626 18.1667 0.112326 0.112326
 -99.5859 18.3687 0.141224 0.141224
 -99.9394 17.8232 0.120577 0.120577
 -99.8384 18.4495 0.162674 0.162674
 -99.8384 18.3687 0.179501 0.179501
 -99.5101 18.2475 0.182303 0.182303
 -99.9646 18.2071 0.231094 0.231094
 -99.8889 18.4697 0.090452 0.090452
 -99.4343 18.1263 0.097563 0.097563
-100.0404 18.3485 0.114491 0.114491
-100.0152 18.3081 0.115221 0.115221
 -99.9646 18.3283 0.222586 0.222586
 -99.7626 18.4899 0.183146 0.183146
 -99.3333 18.3485 0.125271 0.125271
 -99.3838 18.4091 0.152843 0.152843
 -99.4596 18.4495 0.237746 0.237746
 -99.2071 18.3485 0.114658 0.114658
 -99.6616 18.4091 0.061848 0.061848
 -99.2071 18.3081 0.057020 0.057020
 -99.6111 18.3485 0.156164 0.156164
 -99.4091 18.1869 0.140683 0.140683
 -99.4343 18.4293 0.173165 0.173165
 -99.4596 18.1667 0.055796 0.055796
 -99.2828 18.1667 0.148524 0.148524
 -99.4848 18.4293 0.215313 0.215313
 -99.4091 18.3687 0.114064 0.114064
 -99.7374 18.3485 0.263513 0.263513
 -99.8131 18.5101 0.064117 0.064117
 -99.2071 18.2273 0.142554 0.142554
 -99.2576 18.2677 0.143551 0.143551
 -99.3838 18.2879 0.100534 0.100534
 -99.2576 18.3283 0.129174 0.129174
 -99.2323 18.2273 0.181274 0.181274
 -99.2071 18.2677 0.129214 0.129214
 -99.4343 18.3485 0.138378 0.138378
 -99.5606 18.4293 0.151262 0.151262
 -99.6111 18.4091 0.136172 0.136172
 -99.5101 18.4091 0.158406 0.158406
 -99.6869 18.4495 0.145428 0.145428
 -99.2576 18.2677 0.204400 0.204400
 -99.6616 18.2273 0.258083 0.258083
 -99.6869 18.2475 0.165536 0.165536
 -99.7879 18.2879 0.175593 0.175593
-100.0152 18.3889 0.161413 0.161413
 -99.5101 18.3889 0.170419 0.170419
-100.9747 19.0354 0.106183 0.106183
 -99.7626 18.2475 0.136339 0.136339
 -99.3586 18.1667 0.146630 0.146630
 -99.9394 18.1869 0.229752 0.229752
-100.4949 18.0657 0.177460 0.177460
 -99.7626 18.2879 0.055101 0.055101
 -99.8131 18.4293 0.132325 0.132325
 -99.7374 18.4091 0.252635 0.252635
 -99.2071 18.1667 0.168766 0.168766
 -99.4848 18.3485 0.139018 0.139018
 -99.1313 18.2475 0.224186 0.224186
 -99.1818 18.2475 0.149435 0.149435
 -99.2323 18.2677 0.140669 0.140669
 -99.2323 18.1869 0.056010 0.056010
 -99.2323 18.2677 0.184315 0.184315
 -99.4091 18.1667 0.084334 0.084334
 -99.3081 18.2475 0.136923 0.136923
 -99.2828 18.1465 0.251502 0.251502
 -99.1818 18.2677 0.126675 0.126675
 -99.1061 18.1263 0.165173 0.165173
 -99.3081 18.2273 0.118104 0.118104
 -99.2576 18.4091 0.057852 0.057852
 -99.2828 18.3283 0.188492 0.188492
 -99.1313 18.2475 0.128393 0.128393
 -99.3333 18.2475 0.196183 0.196183
 -99.5354 18.3283 0.130537 0.130537
 -99.6364 18.2071 0.142512 0.142512
 -99.3838 18.4293 0.118945 0.118945
 -99.5101 18.4293 0.131543 0.131543
 -99.1313 18.3485 0.233551 0.233551
 -99.5354 18.3889 0.152032 0.152032
 -99.4343 18.3283 0.165481 0.165481
 -99.3333 18.0859 0.072827 0.072827
 -99.2576 18.3485 0.137744 0.137744
 -99.3838 18.3485 0.199791 0.199791
 -99.5859 18.3485 0.187147 0.187147
 -99.3586 18.3485 0.145693 0.145693
 -99.3333 18.2475 0.130637 0.130637
 -99.5354 18.4293 0.117405 0.117405
 -99.5606 18.1667 0.102142 0.102142
 -99.5101 18.2071 0.176449 0.176449
 -99.2071 18.2071 0.079542 0.079542
 -99.3333 18.2677 0.156238 0.156238
 -99.2071 18.2071 0.113196 0.113196
 -99.3838 18.1465 0.149853 0.149853
 -99.3838 18.2475 0.148884 0.148884
 -99.7374 18.3687 0.172831 0.172831
 -99.5606 18.3687 0.108818 0.108818
 -99.7374 18.4091 0.213580 0.213580
 -99.8131 18.2677 0.176831 0.176831
 -99.7374 18.4091 0.229880 0.229880
 -99.5606 18.2677 0.076940 0.076940
 -99.9141 18.5505 0.170613 0.170613
 -99.7879 18.2879 0.220599 0.220599
 -99.5606 18.2475 0.163465 0.163465
 -99.3586 18.3889 0.129464 0.129464
 -99.5606 18.3485 0.187628 0.187628
 -99.5859 18.3889 0.104174 0.104174
 -99.8889 18.3889 0.117378 0.117378
 -99.7374 18.4293 0.142880 0.142880
 -99.5101 18.4091 0.172282 0.172282
 -99.4596 18.3081 0.134707 0.134707
 -99.7626 18.3283 0.117816 0.117816
 -99.6364 18.3485 0.208946 0.208946
 -99.5606 18.4091 0.169838 0.169838
-100.0152 18.5101 0.221414 0.221414
 -99.5354 18.5101 0.181324 0.181324
 -99.6616 18.3687 0.060665 0.060665
 -99.8636 18.3889 0.187592 0.187592
 -99.8131 18.3687 0.218727 0.218727
 -99.7879 18.5101 0.126517 0.126517
 -99.8384 18.4293 0.221331 0.221331
 -99.9646 18.4091 0.275483 0.275483
 -99.3586 18.1465 0.084039 0.084039
 -99.2323 17.9444 0.051480 0.051480
 -99.6364 18.2273 0.274383 0.274383
 -99.9141 18.2273 0.156410 0.156410
 -99.8131 18.4899 0.138612 0.138612
 -99.7879 18.1263 0.116171 0.116171
 -99.5354 18.3283 0.116094 0.116094
 -99.6111 18.0859 0.240877 0.240877
 -99.6364 18.2879 0.149320 0.149320
 -99.9899 17.7424 0.115556 0.115556
 -99.7121 18.0657 0.100625 0.100625
 -99.6111 18.0859 0.134706 0.134706
 -99.4848 18.1061 0.189846 0.189846
 -99.7374 18.2475 0.218545 0.218545
-100.0152 18.4495 0.097325 0.097325
 -99.5101 18.3283 0.245541 0.245541
 -99.6869 18.2273 0.219164 0.219164
 -99.5859 18.2879 0.077170 0.077170
 -99.7879 18.2677 0.208995 0.208995
 -99.5354 18.1869 0.131937 0.131937
 -99.5606 18.2475 0.190147 0.190147
 -99.5859 18.1667 0.146769 0.146769
 -99.7626 18.1465 0.154594 0.154594
 -99.7626 18.0051 0.129290 0.129290
 -99.7374 18.2879 0.125822 0.125822
 -99.7626 18.3081 0.141102 0.141102
 -99.5354 18.2677 0.129644 0.129644
 -99.5354 18.2677 0.091628 0.091628
 -99.6869 18.2273 0.091552 0.091552
 -99.2576 18.3081 0.128054 0.128054
 -99.7626 18.0051 0.093553 0.093553
 -99.5606 18.2071 0.155500 0.155500
 -99.3586 18.1869 0.166836 0.166836
 -99.8636 17.6010 0.094895 0.094895
 -99.5859 18.2273 0.069416 0.069416
 -99.7879 17.7222 0.138661 0.138661
 -99.6869 17.6818 0.146157 0.146157
 -99.2576 17.9848 0.149574 0.149574
 -99.3838 17.9040 0.072751 0.072751
 -99.3333 18.1061 0.169642 0.169642
 -99.6364 18.1667 0.176625 0.176625
 -99.4343 18.0859 0.106674 0.106674
 -99.6869 18.2273 0.125435 0.125435
 -99.6616 17.7020 0.132430 0.132430
 -99.3586 18.1869 0.174751 0.174751
 -99.5354 18.3081 0.178271 0.178271
 -99.3081 18.1263 0.124536 0.124536
 -99.3333 18.0455 0.139853 0.139853
 -99.6869 18.1061 0.128321 0.128321
 -99.5354 18.2475 0.074613 0.074613
 -99.4091 18.0657 0.129563 0.129563
 -99.8636 17.6818 0.205387 0.205387
 -99.5859 18.3687 0.145883 0.145883
 -99.7374 18.4293 0.142019 0.142019
 -99.6869 18.3889 0.125999 0.125999
 -99.6364 18.4091 0.168564 0.168564
 -99.3586 18.1061 0.108778 0.108778
 -99.4091 18.1667 0.148002 0.148002
 -99.3586 18.1667 0.088241 0.088241
 -99.3838 18.1667 0.155233 0.155233
 -99.5101 18.3081 0.113582 0.113582
 -99.5606 18.3687 0.122572 0.122572
 -99.3586 18.1465 0.109631 0.109631
 -99.6869 18.3283 0.122247 0.122247
 -99.4848 18.3283 0.199280 0.199280
 -99.4091 18.1263 0.157110 0.157110
 -99.9394 18.3889 0.139798 0.139798
 -99.5606 18.2475 0.133227 0.133227
 -99.1566 18.2677 0.220240 0.220240
 -99.4596 18.4293 0.118892 0.118892
 -99.5606 18.1263 0.107691 0.107691
 -99.8384 17.6414 0.111154 0.111154
 -99.6869 18.1869 0.180945 0.180945
 -99.6364 18.1465 0.164130 0.164130
 -99.6111 18.1869 0.158631 0.158631
 -99.6111 18.2677 0.146085 0.146085
 -99.7121 18.1869 0.177656 0.177656
 -99.4848 18.1465 0.160669 0.160669
 -99.8131 18.3485 0.224469 0.224469
 -99.6616 18.1061 0.121775 0.121775
 -99.5606 18.4091 0.203915 0.203915
 -99.6364 18.2475 0.104841 0.104841
 -99.6364 18.2273 0.109380 0.109380
 -99.5101 18.4293 0.131307 0.131307
 -99.7374 18.4495 0.171028 0.171028
 -99.5606 18.3687 0.076083 0.076083
 -99.1061 18.2879 0.134063 0.134063
 -99.1061 18.3081 0.203346 0.203346
 -99.4091 18.2677 0.207612 0.207612
 -99.6616 18.1061 0.217641 0.217641
 -99.6364 18.1263 0.186088 0.186088
 -99.2323 18.3283 0.208003 0.208003
-100.0404 18.3889 0.123954 0.123954
 -99.8889 17.8030 0.141380 0.141380
-100.1919 18.2475 0.119688 0.119688
 -99.6364 18.3283 0.146518 0.146518
 -99.7121 18.2273 0.117247 0.117247
 -99.7121 18.1667 0.220533 0.220533
 -99.6364 18.2677 0.167105 0.167105
 -99.6869 17.7424 0.025001 0.025001
 -99.9394 17.8030 0.025082 0.025082
 -99.9141 17.8232 0.127279 0.127279
 -99.7626 18.2677 0.073763 0.073763
 -99.8384 18.2677 0.138135 0.138135
 -99.5354 17.7222 0.034642 0.034642
 -99.8636 18.3283 0.059623 0.059623
 -99.5606 18.4091 0.141346 0.141346
 -99.7626 17.6818 0.139874 0.139874
 -99.8889 18.2677 0.151276 0.151276
 -99.7121 18.3485 0.144944 0.144944
 -99.5606 18.1465 0.185308 0.185308
 -99.7879 18.2677 0.138356 0.138356
 -99.9141 17.7020 0.126645 0.126645
 -99.7626 17.6212 0.160603 0.160603
 -99.6364 18.2879 0.118860 0.118860
 -99.6364 18.1667 0.209811 0.209811
 -99.4596 18.4293 0.183521 0.183521
 -99.8131 18.2475 0.199995 0.199995
 -99.3586 18.1263 0.077419 0.077419
 -99.8131 18.2475 0.076021 0.076021
 -99.7626 18.2475 0.140849 0.140849
 -99.5101 18.4091 0.162045 0.162045
 -99.5859 18.0859 0.116366 0.116366
 -99.6364 17.6212 0.105007 0.105007
 -99.2828 18.0859 0.189627 0.189627
 -99.3838 18.2273 0.141117 0.141117
 -99.4343 18.1465 0.127680 0.127680
 -99.4091 18.1263 0.099257 0.099257
 -99.4091 18.1869 0.186635 0.186635
 -99.2828 18.1061 0.197661 0.197661
 -99.8889 18.3889 0.143885 0.143885
 -99.4343 18.2677 0.108219 0.108219
 -99.9141 18.3889 0.237208 0.237208
 -99.7374 18.3889 0.207639 0.207639
 -99.5354 18.3485 0.138080 0.138080
 -99.3333 18.2677 0.133537 0.133537
 -99.0808 18.1869 0.154838 0.154838
 -99.8131 18.1061 0.088729 0.088729
 -99.2323 18.2273 0.132146 0.132146
 -99.2576 18.1667 0.135644 0.135644
 -99.7121 18.1667 0.081545 0.081545
 -99.5354 18.3687 0.146639 0.146639
 -99.8384 18.2273 0.155736 0.155736
 -99.9646 17.7626 0.055705 0.055705
 -99.3838 18.4091 0.247333 0.247333
 -99.1818 18.3687 0.142253 0.142253
 -99.7626 18.3687 0.205957 0.205957
 -99.8384 18.5101 0.207170 0.207170
 -99.8384 18.2475 0.160957 0.160957
 -99.5606 18.2475 0.177006 0.177006
 -99.6111 18.1667 0.205305 0.205305
 -99.5859 18.1263 0.144984 0.144984
 -99.8636 18.2879 0.145387 0.145387
 -99.7626 18.3283 0.196829 0.196829
 -99.8384 18.1869 0.169737 0.169737
 -99.9394 17.8030 0.033334 0.033334
 -99.7121 18.0253 0.125811 0.125811
 -99.7626 17.8434 0.053538 0.053538
 -99.6364 18.2071 0.082494 0.082494
 -99.7374 18.0253 0.095231 0.095231
 -99.5354 18.0859 0.153475 0.153475
 -99.7374 18.2475 0.078828 0.078828
 -99.8384 18.3081 0.158151 0.158151
-100.4192 18.0051 0.073558 0.073558
 -99.6111 18.4091 0.179474 0.179474
 -99.7626 17.6010 0.110140 0.110140
 -99.5354 18.1667 0.209588 0.209588
 -99.9394 18.4495 0.074079 0.074079
 -99.6111 18.1465 0.145657 0.145657
 -99.7626 18.0051 0.116550 0.116550
 -99.7626 18.1465 0.247507 0.247507
 -99.7879 18.0859 0.213645 0.213645
 -99.4343 18.2071 0.157855 0.157855
 -99.6616 18.1061 0.107943 0.107943
 -99.7121 18.2879 0.169832 0.169832
 -99.5354 18.1263 0.132731 0.132731
 -98.6010 18.2475 0.106370 0.106370
 -99.5101 18.2273 0.132857 0.132857
 -99.5606 18.4697 0.190692 0.190692
 -99.4848 18.4495 0.232330 0.232330
 -99.5354 18.4697 0.168925 0.168925
 -99.4091 18.3081 0.136992 0.136992
 -99.3586 18.2475 0.209795 0.209795
 -99.6111 18.3485 0.160945 0.160945
 -99.7374 18.4697 0.109810 0.109810
 -99.7374 18.3283 0.244390 0.244390
 -99.6616 17.8838 0.025909 0.025909
 -99.7121 17.7020 0.198940 0.198940
 -99.7121 17.7626 0.113036 0.113036
 -99.7374 18.4091 0.129477 0.129477
 -99.9646 18.3485 0.119281 0.119281
 -99.4848 17.8232 0.160686 0.160686
 -99.6616 18.2475 0.266690 0.266690
 -99.6616 18.2071 0.190954 0.190954
 -99.7626 18.2475 0.130589 0.130589
 -99.5101 18.3485 0.090167 0.090167
 -99.6869 18.2273 0.181133 0.181133
 -99.6364 18.0657 0.162112 0.162112
 -99.8636 18.0253 0.188554 0.188554
 -99.7374 18.0253 0.149796 0.149796
 -99.3838 18.1465 0.164594 0.164594
 -99.9141 18.4697 0.116831 0.116831
 -99.7879 18.3687 0.165243 0.165243
 -99.8636 18.4495 0.172771 0.172771
-100.7727 17.7828 0.015065 0.015065
 -99.6364 18.4495 0.193730 0.193730
 -99.6869 18.4697 0.187919 0.187919
 -99.7121 18.3889 0.206631 0.206631
 -99.6616 18.3889 0.144829 0.144829
 -99.7626 18.4293 0.098384 0.098384
 -99.5606 18.3283 0.164399 0.164399
 -99.5859 18.3283 0.080216 0.080216
 -99.6111 18.3081 0.107839 0.107839
 -99.6111 18.3081 0.130255 0.130255
 -99.6111 18.2071 0.158258 0.158258
 -99.9141 17.7828 0.061682 0.061682
 -99.6111 18.2071 0.112628 0.112628
 -99.6869 18.0859 0.219272 0.219272
 -99.4343 18.0657 0.051916 0.051916
 -99.1313 18.2475 0.158737 0.158737
 -99.2323 18.2273 0.121599 0.121599
 -99.6111 18.1061 0.092735 0.092735
 -99.4091 18.1869 0.122272 0.122272
 -99.6364 18.2071 0.080568 0.080568
 -99.5859 18.0657 0.172479 0.172479
 -99.5606 18.1263 0.176195 0.176195
 -99.3333 18.2475 0.155140 0.155140
 -99.2071 18.2071 0.204637 0.204637
 -99.3838 18.1667 0.160928 0.160928
 -99.6111 18.1667 0.096087 0.096087
 -99.5859 18.2273 0.193716 0.193716
 -99.5859 18.2273 0.154978 0.154978
 -99.5859 18.2071 0.110954 0.110954
 -99.6616 18.2677 0.130367 0.130367
 -99.5101 18.3485 0.213810 0.213810
 -99.5606 18.3283 0.171904 0.171904
 -99.7626 18.0051 0.180443 0.180443
 -99.5354 18.2879 0.208816 0.208816
 -99.3081 18.2475 0.127472 0.127472
 -99.5859 18.1667 0.110863 0.110863
-100.3434 18.3687 0.121556 0.121556
 -99.6111 18.2879 0.177693 0.177693
 -99.9646 18.2677 0.097746 0.097746
-100.4949 18.0455 0.193149 0.193149
 -99.6364 18.2475 0.243119 0.243119
 -99.5859 18.1465 0.178904 0.178904
-100.2172 18.0859 0.132682 0.132682
 -99.7374 18.0657 0.168119 0.168119
 -99.7374 18.4091 0.135583 0.135583
 -99.5101 18.4899 0.297638 0.297638
 -99.4343 18.4697 0.208932 0.208932
 -99.9394 18.1465 0.110882 0.110882
 -99.5859 18.4091 0.120338 0.120338
 -99.7374 18.4091 0.116978 0.116978
 -99.7121 18.3889 0.100504 0.100504
 -99.5354 18.2879 0.039321 0.039321
 -99.7374 18.3889 0.194381 0.194381
 -99.5606 18.3081 0.117355 0.117355
 -99.8131 17.6616 0.115459 0.115459
 -99.9141 17.6414 0.113986 0.113986
 -99.8889 17.6212 0.196495 0.196495
 -99.7374 18.2273 0.144156 0.144156
 -99.7374 18.1465 0.147992 0.147992
 -99.7879 17.7424 0.181135 0.181135
 -99.6869 17.8434 0.102181 0.102181
 -99.7879 17.6818 0.139102 0.139102
 -99.7121 17.7626 0.131574 0.131574
 -99.7626 18.1465 0.070906 0.070906
 -99.8636 18.2475 0.128069 0.128069
 -99.9141 17.6212 0.120035 0.120035
 -99.5859 18.3687 0.133512 0.133512
 -99.4343 17.8838 0.083743 0.083743
 -99.7626 17.6010 0.129587 0.129587
 -99.5606 18.4091 0.125164 0.125164
 -99.4091 18.4293 0.131168 0.131168
 -99.4343 18.3283 0.106303 0.106303
 -99.4596 18.4495 0.249574 0.249574
 -99.4091 18.4293 0.204346 0.204346
 -99.4848 18.4293 0.110735 0.110735
 -99.9899 18.1667 0.128761 0.128761
 -99.7626 18.0051 0.082409 0.082409
 -99.8636 18.1263 0.070059 0.070059
 -99.8131 18.2475 0.207359 0.207359
 -99.7121 18.2879 0.156203 0.156203
 -99.5859 18.2273 0.181376 0.181376
 -99.6364 18.1465 0.168755 0.168755
 -99.6111 18.4091 0.119259 0.119259
 -99.6111 18.2273 0.171365 0.171365
 -99.3586 18.1667 0.189030 0.189030
 -99.5101 18.3081 0.205230 0.205230
 -99.6869 18.2273 0.071502 0.071502
 -99.3838 18.1263 0.124386 0.124386
 -99.7121 18.1667 0.139771 0.139771
 -99.3586 18.2071 0.122397 0.122397
 -99.3081 18.2273 0.194328 0.194328
 -99.3081 18.2475 0.181412 0.181412
 -99.6364 18.2071 0.147438 0.147438
 -99.7879 18.2879 0.101099 0.101099
 -99.7374 18.4293 0.122258 0.122258
 -99.9394 18.0051 0.043025 0.043025
 -99.6364 18.2475 0.245728 0.245728
 -99.3586 18.0859 0.104544 0.104544
 -99.4596 17.8838 0.097077 0.097077
 -99.6111 18.1667 0.148661 0.148661
 -99.6616 18.1667 0.108036 0.108036
 -99.4848 18.4091 0.084488 0.084488
 -99.5606 18.2273 0.141643 0.141643
 -99.7879 18.0051 0.144951 0.144951
 -99.5101 18.4495 0.139309 0.139309
 -99.2576 18.1263 0.094399 0.094399
 -99.5354 18.4697 0.175449 0.175449
 -99.1818 18.1061 0.145285 0.145285
 -99.4343 18.4495 0.239456 0.239456
 -99.2576 18.1263 0.150505 0.150505
 -99.4596 18.4495 0.270957 0.270957
 -99.3081 18.3485 0.087757 0.087757
 -99.3081 18.1869 0.127072 0.127072
 -99.2576 18.1263 0.103234 0.103234
 -99.3081 18.1869 0.083434 0.083434
 -99.5101 18.2677 0.136320 0.136320
 -99.4848 18.3081 0.123566 0.123566
 -99.2576 18.3485 0.165176 0.165176
 -99.1566 18.2475 0.196410 0.196410
 -99.5859 18.1667 0.161518 0.161518
 -99.2323 18.1263 0.239055 0.239055
 -99.5606 18.1869 0.106436 0.106436
 -99.2071 18.2677 0.098872 0.098872
 -99.2828 18.1465 0.163971 0.163971
 -99.2071 18.2071 0.091438 0.091438
 -99.2071 18.0253 0.052587 0.052587
 -99.6869 18.1465 0.131241 0.131241
 -99.3333 18.1061 0.101407 0.101407
 -99.2828 18.1869 0.144276 0.144276
 -99.7121 18.1465 0.225277 0.225277
 -99.0556 17.7424 0.173801 0.173801
 -99.2576 18.3485 0.199089 0.199089
 -99.9141 18.4697 0.194808 0.194808
 -99.9646 18.4293 0.178417 0.178417
 -99.8384 18.4495 0.168412 0.168412
 -99.6869 18.2071 0.219076 0.219076
 -99.6364 18.1667 0.173791 0.173791
 -99.3838 18.3485 0.157036 0.157036
 -99.6616 18.1667 0.222833 0.222833
 -99.1566 18.3283 0.092638 0.092638
 -99.1566 18.3283 0.212840 0.212840
 -99.7121 18.4091 0.190578 0.190578
 -99.5101 18.4293 0.139454 0.139454
-100.1414 18.2879 0.262337 0.262337
 -99.7121 18.3283 0.282755 0.282755
 -99.5859 18.1263 0.121547 0.121547
 -99.8131 18.2475 0.198464 0.198464
 -99.8636 18.3081 0.041248 0.041248
 -99.6111 18.3889 0.171603 0.171603
 -99.7121 18.2475 0.173255 0.173255
 -99.6869 18.2475 0.229185 0.229185
 -99.7879 18.3283 0.135876 0.135876
 -99.6616 18.2677 0.129504 0.129504
 -99.6364 18.1869 0.289552 0.289552
 -99.4848 18.1061 0.198368 0.198368
 -99.6111 18.3081 0.142822 0.142822
 -99.7879 18.2879 0.056230 0.056230
 -99.5101 18.2677 0.042284 0.042284
 -99.9899 18.3081 0.208348 0.208348
 -99.7374 18.0253 0.102082 0.102082
 -99.9141 18.4091 0.155455 0.155455
 -99.6364 18.2071 0.258636 0.258636
 -99.7626 18.0051 0.093027 0.093027
 -99.5606 18.2475 0.059065 0.059065
 -99.6364 18.2273 0.207530 0.207530
 -99.7879 18.0051 0.118868 0.118868
 -99.7626 18.0051 0.118676 0.118676
 -99.5859 18.2071 0.169312 0.169312
 -99.3081 18.1263 0.070472 0.070472
 -99.5354 18.2071 0.133133 0.133133
 -99.5354 18.2879 0.249546 0.249546
 -99.2828 18.1061 0.148858 0.148858
 -99.5606 18.3081 0.239498 0.239498
 -99.5354 18.3485 0.138847 0.138847
 -99.6111 18.2071 0.095892 0.095892
 -99.2828 18.0859 0.092677 0.092677
 -99.7879 17.6818 0.126815 0.126815
 -99.1818 17.9646 0.136916 0.136916
 -99.7879 18.0051 0.103653 0.103653
 -99.6616 17.6212 0.102442 0.102442
 -99.5101 18.1465 0.104862 0.104862
 -99.6869 18.2071 0.108393 0.108393
 -99.3838 18.0657 0.125313 0.125313
 -99.3081 18.0253 0.103104 0.103104
 -99.8384 18.2071 0.135518 0.135518
 -99.5606 18.1869 0.238214 0.238214
 -99.3586 18.1263 0.079012 0.079012
 -99.3838 18.1869 0.065980 0.065980
 -99.7879 17.6212 0.164563 0.164563
 -99.5606 18.2071 0.138559 0.138559
 -99.5606 18.2273 0.070800 0.070800
 -99.6364 18.2677 0.170837 0.170837
 -99.9646 18.1869 0.056649 0.056649
 -99.6616 18.1061 0.135969 0.135969
 -99.5859 18.1263 0.281619 0.281619
 -99.8636 17.7424 0.141656 0.141656
 -99.9899 17.7020 0.094839 0.094839
 -99.9646 17.7626 0.078548 0.078548
 -99.3333 18.1263 0.131382 0.131382
 -99.6111 18.2273 0.202292 0.202292
 -99.3838 18.1465 0.134750 0.134750
 -99.6364 18.1667 0.217471 0.217471
 -99.3838 18.1667 0.112429 0.112429
 -99.5859 18.2475 0.132415 0.132415
 -99.7879 18.2071 0.116806 0.116806
 -99.7626 17.6212 0.142022 0.142022
 -99.7121 17.6818 0.156550 0.156550
 -99.7626 18.3283 0.229647 0.229647
 -99.9394 18.3283 0.130224 0.130224
-100.0909 18.2071 0.166802 0.166802
 -99.7374 17.7222 0.093021 0.093021
 -99.4091 18.4091 0.235096 0.235096
 -99.6364 18.1667 0.130125 0.130125
 -99.7374 18.0253 0.128795 0.128795
 -99.0808 17.7424 0.188736 0.188736
 -99.7121 18.1465 0.132521 0.132521
 -99.7879 17.6818 0.122822 0.122822
 -99.4848 18.3485 0.242924 0.242924
 -99.7121 18.3687 0.194888 0.194888
 -99.6111 18.2677 0.246410 0.246410
 -99.6616 18.4495 0.242300 0.242300
 -99.5606 18.3485 0.187323 0.187323
 -99.6111 18.3081 0.225019 0.225019
 -99.4343 18.4495 0.243859 0.243859
 -99.6869 18.2273 0.248470 0.248470
 -99.6869 18.3889 0.106276 0.106276
 -99.5101 18.3081 0.153227 0.153227
 -99.6616 18.2071 0.128646 0.128646
 -99.4343 18.4495 0.169870 0.169870
 -99.6111 18.2475 0.099852 0.099852
 -99.2323 18.3081 0.210436 0.210436
 -99.0808 18.2273 0.181507 0.181507
 -99.2828 18.2879 0.211067 0.211067
 -99.2576 18.1263 0.112748 0.112748
 -99.1313 18.3283 0.148411 0.148411
 -99.8889 18.4697 0.111025 0.111025
 -99.3333 18.1465 0.117429 0.117429
 -99.2323 18.1263 0.196618 0.196618
 -99.1313 18.2071 0.109070 0.109070
 -99.3333 18.1869 0.142237 0.142237
 -99.5354 18.4697 0.150748 0.150748
 -99.4091 18.1869 0.075907 0.075907
 -99.3586 18.1869 0.097677 0.097677
 -99.5101 18.3081 0.066119 0.066119
 -99.5859 18.4899 0.133491 0.133491
 -99.5354 18.4495 0.150323 0.150323
 -99.9646 18.3889 0.158027 0.158027
 -99.6111 18.4697 0.172129 0.172129
 -99.7374 18.4091 0.177210 0.177210
 -99.5606 18.3687 0.092593 0.092593
 -99.7374 18.4899 0.159316 0.159316
 -99.7879 18.5101 0.136553 0.136553
 -99.5354 18.3081 0.210595 0.210595
 -99.7121 18.3889 0.155398 0.155398
 -99.6111 18.2475 0.145180 0.145180
 -99.1818 18.3283 0.240279 0.240279
 -99.1061 18.2475 0.088143 0.088143
 -99.5354 18.2677 0.083210 0.083210
 -99.5101 18.1061 0.205118 0.205118
 -99.6616 18.2677 0.144920 0.144920
 -99.7121 18.2677 0.177217 0.177217
 -99.6869 18.3283 0.120181 0.120181
 -99.7374 18.2071 0.214666 0.214666
 -99.5101 18.2677 0.178207 0.178207
 -99.7121 18.3889 0.134007 0.134007
 -99.5606 18.1263 0.149964 0.149964
 -99.5101 18.2677 0.118494 0.118494
 -99.5859 18.4091 0.145595 0.145595
 -99.5101 18.1061 0.175025 0.175025
-100.1919 18.4899 0.193745 0.193745
 -99.7626 18.3687 0.138420 0.138420
 -99.7879 17.9848 0.102201 0.102201
 -99.4343 18.4495 0.173526 0.173526
 -99.7626 18.4091 0.235986 0.235986
 -99.7626 18.0051 0.177457 0.177457
 -99.5101 18.1465 0.084793 0.084793
 -99.7121 18.0253 0.085964 0.085964
 -99.8889 17.8030 0.085073 0.085073
 -99.6364 18.1263 0.144256 0.144256
 -99.5606 18.2273 0.073854 0.073854
 -99.7374 18.0859 0.152678 0.152678
 -99.3586 18.0455 0.068109 0.068109
 -99.3333 18.1667 0.148817 0.148817
 -99.5859 18.1667 0.161510 0.161510
 -99.3838 18.1667 0.065695 0.065695
 -99.6111 18.1667 0.148424 0.148424
 -99.5606 18.2677 0.138070 0.138070
 -99.2828 18.0859 0.196027 0.196027
 -99.2828 18.0657 0.176126 0.176126
 -99.5354 18.2071 0.132811 0.132811
 -99.3838 18.0657 0.110147 0.110147
 -99.4343 18.1465 0.118492 0.118492
 -99.5606 18.3485 0.153392 0.153392
 -99.2323 18.1667 0.163514 0.163514
 -99.3333 18.2475 0.075832 0.075832
 -99.3333 18.2475 0.188811 0.188811
 -99.5101 18.3081 0.139682 0.139682
 -99.3586 18.1061 0.180189 0.180189
 -99.5606 18.1667 0.179182 0.179182
 -99.3586 18.2273 0.158377 0.158377
 -99.5859 18.4091 0.152896 0.152896
 -99.4343 18.4293 0.177611 0.177611
 -99.1818 18.3687 0.211529 0.211529
 -99.6111 18.3889 0.157992 0.157992
 -99.4091 18.2475 0.151640 0.151640
 -99.3586 18.2475 0.202025 0.202025
 -99.3838 18.4293 0.103233 0.103233
 -99.6869 17.9848 0.154890 0.154890
 -99.6364 18.4293 0.225777 0.225777
 -99.7626 18.3889 0.091378 0.091378
 -99.6869 18.2071 0.257440 0.257440
 -99.6616 18.2475 0.129600 0.129600
 -99.4343 18.3485 0.148573 0.148573
 -99.9141 18.4697 0.168351 0.168351
 -99.6111 18.1465 0.015377 0.015377
 -99.5354 18.4697 0.165255 0.165255
 -99.5606 18.4899 0.138488 0.138488
 -99.4091 18.4495 0.173991 0.173991
 -99.5859 18.3889 0.216520 0.216520
 -99.6616 18.4495 0.220019 0.220019
 -99.5859 18.4091 0.253825 0.253825
 -99.5101 18.3687 0.100689 0.100689
 -99.5606 18.3283 0.119997 0.119997
 -99.8384 18.4293 0.134569 0.134569
 -99.4596 18.4495 0.258733 0.258733
 -99.6869 18.3889 0.162986 0.162986
 -99.9141 18.3081 0.182627 0.182627
-100.0152 18.3081 0.202750 0.202750
 -99.8636 18.4697 0.071383 0.071383
 -99.4091 18.1869 0.103395 0.103395
 -99.7879 18.2677 0.156557 0.156557
 -99.8131 18.2273 0.076458 0.076458
 -99.6616 18.2677 0.191705 0.191705
 -99.5606 18.2273 0.102253 0.102253
 -99.6364 18.2475 0.106192 0.106192
 -99.5606 18.2879 0.086929 0.086929
 -99.6616 18.1667 0.180902 0.180902
 -99.6616 18.1263 0.111460 0.111460
 -99.4848 18.1263 0.065677 0.065677
 -99.8636 18.3081 0.190098 0.190098
 -99.8131 18.2677 0.199285 0.199285
 -99.8889 18.3687 0.131907 0.131907
 -99.8889 18.3485 0.134707 0.134707
 -99.8889 18.3687 0.132796 0.132796
 -99.4091 18.2879 0.211556 0.211556
 -99.7879 18.4091 0.230654 0.230654
 -99.2828 18.3687 0.177765 0.177765
 -99.3838 18.4091 0.109664 0.109664
 -99.5354 18.1667 0.088713 0.088713
 -99.5101 18.3889 0.189418 0.189418
 -99.2323 18.2273 0.117336 0.117336
 -99.1818 18.3485 0.131241 0.131241
 -99.3333 18.3283 0.200511 0.200511
 -99.2576 18.3485 0.177836 0.177836
 -99.2828 18.1869 0.120100 0.120100
 -99.5354 18.3687 0.080551 0.080551
 -99.0808 18.2879 0.258134 0.258134
 -99.4091 18.2879 0.080942 0.080942
 -99.3333 18.1869 0.192163 0.192163
 -99.3586 18.1263 0.220199 0.220199
 -99.5606 18.1465 0.096976 0.096976
 -99.3081 18.0859 0.140544 0.140544
 -99.2071 18.2071 0.154097 0.154097
 -99.5606 18.3687 0.218557 0.218557
 -99.7374 18.4495 0.153535 0.153535
 -99.2828 18.1465 0.252453 0.252453
 -99.5354 18.3283 0.160059 0.160059
 -99.4091 18.1869 0.160348 0.160348
 -99.5606 18.2071 0.060257 0.060257
 -99.5101 18.4293 0.114248 0.114248
 -99.5859 18.3485 0.126090 0.126090
 -99.2071 18.2677 0.111332 0.111332
 -99.3333 18.2273 0.200315 0.200315
 -99.6364 18.2879 0.176704 0.176704
 -99.6616 18.1465 0.254311 0.254311
 -99.8131 17.9848 0.105044 0.105044
 -99.5101 18.1869 0.056591 0.056591
 -99.6616 18.0657 0.075155 0.075155
 -99.6364 18.1061 0.139831 0.139831
 -99.0808 18.2071 0.246223 0.246223
 -99.6616 18.1263 0.196831 0.196831
 -99.8889 18.2475 0.169447 0.169447
 -99.5606 18.4495 0.215820 0.215820
 -99.5606 18.2677 0.155708 0.155708
 -99.5354 18.4091 0.191530 0.191530
 -99.3838 18.1869 0.176694 0.176694
 -99.7374 18.1465 0.078709 0.078709
 -99.3838 18.0859 0.112645 0.112645
 -99.7879 17.9848 0.089794 0.089794