 -99.5606 18.4697  0.311471  0.311471
 -99.3838 18.4293  0.247920  0.247920
 -99.4343 18.4495  0.192098  0.192098
 -99.3586 18.3081  0.308709  0.308709
 -99.1313 18.3283  0.303785  0.303785
 -99.1818 18.3687  0.259610  0.259610
 -99.1061 18.2071  0.171299  0.171299
 -99.1818 18.2071  0.250306  0.250306
 -99.5859 18.1869  0.233806  0.233806
 -99.5606 18.4293  0.221919  0.221919
 -99.5606 18.2677  0.259975  0.259975
 -99.6364 18.4293  0.171102  0.171102
 -99.6111 18.3081  0.122483  0.122483
 -99.6111 18.3485  0.144215  0.144215
 -99.7626 18.3889  0.214475  0.214475
 -99.2071 18.2071  0.250746  0.250746
 -99.1566 18.2677  0.161389  0.161389
 -99.1061 18.3081  0.210656  0.210656
 -99.1566 18.3283  0.220281  0.220281
 -99.2576 18.2677  0.325044  0.325044
 -99.3081 18.1869  0.306201  0.306201
 -99.2323 17.9848  0.299919  0.299919
 -99.3081 18.2475  0.285378  0.285378
 -99.2576 18.0657  0.241703  0.241703
 -99.2576 18.1667  0.328671  0.328671
 -99.3081 18.2071  0.308902  0.308902
 -99.3586 18.1869  0.185510  0.185510
 -99.5101 18.3283  0.257826  0.257826
 -99.3586 18.1869  0.268455  0.268455
 -99.5101 18.2879  0.254265  0.254265
 -99.2576 18.1263  0.234115  0.234115
 -99.5606 18.1667  0.321654  0.321654
 -99.5354 18.4697  0.281511  0.281511
 -99.2071 18.2475  0.188677  0.188677
 -99.2576 18.0051  0.201847  0.201847
 -99.2828 18.0657  0.265084  0.265084
 -99.3333 18.1667  0.128652  0.128652
 -99.3586 18.2071  0.289560  0.289560
 -99.2828 18.1465  0.177850  0.177850
 -99.2576 18.1263  0.201492  0.201492
 -99.1061 18.2879  0.294452  0.294452
 -99.1313 18.3283  0.152619  0.152619
 -99.5859 18.0051  0.236019  0.236019
 -99.3081 18.1263  0.263807  0.263807
 -99.3838 18.1667  0.281981  0.281981
 -99.3586 18.0455  0.221198  0.221198
 -99.3081 18.0455  0.247774  0.247774
 -99.2828 18.0455  0.204878  0.204878
 -99.6111 18.0859  0.258719  0.258719
 -99.2071 18.2475  0.262578  0.262578
 -99.3333 18.1061  0.171934  0.171934
 -99.1818 18.2071  0.237402  0.237402
 -99.4091 18.0455  0.214273  0.214273
 -99.4848 18.2475  0.163953  0.163953
 -99.2576 18.1263  0.122182  0.122182
 -99.9394 18.4293  0.163431  0.163431
 -99.6869 18.4293  0.065349  0.065349
 -99.6616 18.3283  0.143574  0.143574
-100.5455 17.5808  0.181036  0.181036
 -99.6364 18.2879  0.216501  0.216501
 -99.5859 18.2879  0.118432  0.118432
-100.1162 18.2273  0.109218  0.109218
 -99.6111 18.2273  0.257755  0.257755
 -99.9899 18.6313  0.193610  0.193610
 -99.5354 18.3687  0.109955  0.109955
 -99.5606 18.3081  0.131296  0.131296
 -99.8636 18.2071  0.257827  0.257827
 -99.5859 18.1465  0.208616  0.208616
 -99.5859 18.1667  0.197972  0.197972
 -99.9646 18.3485  0.180190  0.180190
 -99.7879 18.2071  0.208149  0.208149
 -99.6869 18.2071  0.250155  0.250155
 -99.6616 18.2677  0.214635  0.214635
 -99.5606 18.2475  0.223159  0.223159
 -99.4091 18.1667  0.169067  0.169067
 -99.7626 18.0051  0.163422  0.163422
 -99.7374 18.2273  0.212500  0.212500
 -99.6869 18.2273  0.189823  0.189823
 -99.7374 18.3889  0.241366  0.241366
 -99.7121 18.3889  0.149373  0.149373
 -99.3586 18.1869  0.161308  0.161308
 -99.4343 18.1667  0.202673  0.202673
 -99.4091 18.1667  0.291091  0.291091
 -99.5859 18.2677  0.202308  0.202308
 -99.7374 18.1465  0.265519  0.265519
 -99.5606 18.4293  0.193864  0.193864
 -99.3838 18.0859  0.295200  0.295200
 -99.5101 18.2071  0.185199  0.185199
 -99.6616 18.1869  0.183460  0.183460
 -99.3081 18.1263  0.262811  0.262811
 -99.5606 18.2677  0.223837  0.223837
 -99.6111 18.2071  0.262588  0.262588
 -99.5859 18.2475  0.318192  0.318192
 -99.3081 18.0859  0.288225  0.288225
 -99.6616 18.1061  0.147835  0.147835
 -99.3838 18.0859  0.174675  0.174675
 -99.5859 18.1465  0.218433  0.218433
 -99.8636 18.4697  0.044713  0.044713
 -99.7121 18.0859  0.154282  0.154282
 -99.2828 18.2273  0.247015  0.247015
 -99.3333 18.2273  0.237295  0.237295
 -99.7374 18.4899  0.199160  0.199160
 -99.4848 18.2677  0.324645  0.324645
 -99.3838 18.1061  0.290903  0.290903
 -99.3838 18.1667  0.349010  0.349010
 -99.3333 18.1869  0.304154  0.304154
 -99.2576 18.2677  0.266040  0.266040
 -99.3081 18.2475  0.216166  0.216166
 -99.6364 18.2677  0.309335  0.309335
 -99.2576 18.2677  0.251810  0.251810
 -99.1313 18.3081  0.231311  0.231311
 -99.5859 18.1869  0.196855  0.196855
 -99.6616 18.1263  0.319313  0.319313
 -99.1313 18.3283  0.129281  0.129281
 -99.8636 18.2677  0.182681  0.182681
 -99.5354 18.3485  0.207504  0.207504
 -99.1061 18.2475  0.179887  0.179887
 -99.5354 18.4293  0.215863  0.215863
 -99.2828 18.1869  0.296331  0.296331
 -99.3838 18.4091  0.171912  0.171912
 -99.7626 18.4899  0.198097  0.198097
 -99.7121 17.7020  0.177601  0.177601
 -99.8636 17.7020  0.133043  0.133043
 -99.8384 17.9848  0.153936  0.153936
 -99.6616 18.3687  0.242110  0.242110
 -99.4343 18.0859  0.246333  0.246333
 -99.5101 18.2677  0.168156  0.168156
 -99.6111 18.2273  0.144774  0.144774
 -99.6364 18.2677  0.192083  0.192083
 -99.7626 17.5404  0.187860  0.187860
 -99.6869 18.1667  0.204266  0.204266
 -99.8384 17.8232  0.122153  0.122153
 -99.6111 17.6818  0.143955  0.143955
 -99.2576 18.1263  0.142774  0.142774
 -99.7121 17.6414  0.238752  0.238752
 -99.6616 17.6818  0.193647  0.193647
 -99.8384 18.3081  0.211924  0.211924
-100.0152 18.3485  0.125443  0.125443
 -99.9899 18.3081  0.197955  0.197955
 -99.7879 18.2677  0.165250  0.165250
 -99.2071 18.2071  0.210580  0.210580
 -99.8131 18.4697  0.136820  0.136820
 -99.4848 18.4697  0.226027  0.226027
 -99.7626 18.4899  0.110573  0.110573
 -99.7374 18.2475  0.179263  0.179263
 -99.7374 18.2273  0.243340  0.243340
 -99.8636 18.4495  0.129714  0.129714
 -99.8384 18.4697  0.050721  0.050721
-100.0152 18.3687  0.204577  0.204577
 -99.2071 18.3283  0.106446  0.106446
 -99.1061 18.2677  0.161161  0.161161
 -99.9646 18.3283  0.079039  0.079039
 -99.4596 18.2475  0.186295  0.186295
 -99.7121 18.4293  0.240381  0.240381
 -99.5606 18.3687  0.146430  0.146430
 -99.6111 18.4495  0.184847  0.184847
 -99.5354 18.4293  0.136282  0.136282
 -99.4848 18.1667  0.205817  0.205817
 -99.8384 18.4495  0.260910  0.260910
-100.0152 18.5101  0.281094  0.281094
 -99.8131 18.2273  0.156739  0.156739
 -99.7626 17.6010  0.239784  0.239784
 -99.2323 18.3081  0.369063  0.369063
-100.0657 18.4091  0.099698  0.099698
-100.1919 18.3889  0.282376  0.282376
-100.0909 18.1263  0.224494  0.224494
-100.4192 18.3889  0.209548  0.209548
 -99.7374 18.2475  0.103428  0.103428
-100.1919 18.3485  0.091424  0.091424
 -99.4848 18.4495  0.276740  0.276740
 -99.4091 18.2071  0.205860  0.205860
 -99.6364 18.1263  0.148160  0.148160
-100.0152 18.3081  0.147483  0.147483
 -99.9394 18.2273  0.033078  0.033078
 -99.9646 18.4091  0.079221  0.079221
 -99.2323 18.0657  0.222169  0.222169
 -99.6364 18.3687  0.244741  0.244741
 -99.5859 18.1667  0.188917  0.188917
 -99.7121 18.3081  0.012193  0.012193
 -99.4091 18.4293  0.178732  0.178732
 -99.5354 18.3889  0.221822  0.221822
 -99.5354 18.4293  0.222165  0.222165
 -98.9040 17.6616  0.226420  0.226420
 -99.4848 18.1263  0.222485  0.222485
 -99.3838 18.4091  0.276321  0.276321
 -99.9899 18.3485  0.198015  0.198015
 -99.5354 18.3283  0.202189  0.202189
 -99.5354 18.3687  0.194418  0.194418
 -99.5101 18.4495  0.247623  0.247623
 -99.4848 18.4495  0.249649  0.249649
 -99.1313 18.3283  0.177707  0.177707
 -99.1313 18.3283  0.185126  0.185126
 -99.4091 18.2879  0.174756  0.174756
 -99.7121 18.3687  0.066180  0.066180
 -99.5354 18.4293  0.191770  0.191770
 -99.5354 18.3889  0.253957  0.253957
 -99.9141 18.3687  0.164733  0.164733
 -99.2323 18.3283  0.208992  0.208992
 -99.2828 18.1465  0.287716  0.287716
 -99.1061 18.3081  0.246025  0.246025
 -99.2828 18.1465  0.285001  0.285001
 -99.0808 18.3081  0.206762  0.206762
 -99.4848 18.3283  0.266883  0.266883
 -99.2071 18.2677  0.160739  0.160739
 -99.2828 18.2879  0.245800  0.245800
 -99.3081 18.2879  0.266131  0.266131
 -99.5354 18.1869  0.257838  0.257838
 -99.2071 18.2475  0.275541  0.275541
 -99.0556 18.0253  0.115862  0.115862
 -99.3081 18.1869  0.170873  0.170873
 -99.2071 18.1667  0.223235  0.223235
 -99.2323 18.3283  0.168212  0.168212
 -99.3081 18.0859  0.177844  0.177844
 -99.2071 18.2071  0.180071  0.180071
 -99.1313 18.3081  0.252938  0.252938
 -99.4848 18.3081  0.154939  0.154939
 -99.5606 18.2071  0.177170  0.177170
 -99.3333 18.2071  0.236485  0.236485
 -99.2576 18.1869  0.234000  0.234000
 -99.5606 18.2677  0.153595  0.153595
 -98.8788 18.1263  0.142015  0.142015
 -99.3838 18.1667  0.184540  0.184540
 -99.3333 18.1667  0.243952  0.243952
 -99.2828 18.1667  0.323004  0.323004
 -99.3333 18.1869  0.185278  0.185278
 -99.5859 18.2071  0.338854  0.338854
 -99.1061 18.2475  0.178633  0.178633
 -99.2071 18.2071  0.225149  0.225149
 -99.7121 18.1465  0.115375  0.115375
 -99.5101 18.4091  0.175924  0.175924
 -99.5859 18.4091  0.105972  0.105972
 -99.5606 18.3889  0.043746  0.043746
 -99.5101 18.3687  0.219671  0.219671
 -99.5859 18.3687  0.111623  0.111623
 -99.7374 18.4495  0.153328  0.153328
 -99.5606 18.4091  0.135599  0.135599
 -99.5859 18.2071  0.192892  0.192892
 -99.5606 18.2475  0.202968  0.202968
 -99.6111 18.3889  0.220941  0.220941
 -99.6111 18.1869  0.232900  0.232900
 -99.5859 18.2677  0.284171  0.284171
 -99.4848 18.3687  0.104208  0.104208
 -99.5606 18.3889  0.228517  0.228517
 -99.5606 18.2273  0.144073  0.144073
 -99.5859 18.3485  0.188229  0.188229
 -99.6364 18.1667  0.130646  0.130646
 -99.5606 18.4091  0.100501  0.100501
 -99.8384 18.2475  0.197925  0.197925
 -99.6616 18.0253  0.196708  0.196708
 -99.6616 18.1465  0.282451  0.282451
 -99.6111 18.0253  0.226779  0.226779
 -99.7374 18.2071  0.178566  0.178566
 -99.5859 18.2677  0.226834  0.226834
 -99.6111 18.1061  0.265731  0.265731
 -99.6616 18.1263  0.253663  0.253663
 -99.6364 18.0859  0.272335  0.272335
 -99.7374 18.1869  0.271007  0.271007
 -99.6869 18.3283  0.125497  0.125497
 -99.6616 18.2677  0.083979  0.083979
 -99.6616 18.2273  0.232426  0.232426
 -99.7626 18.4293  0.127518  0.127518
 -99.7374 18.4293  0.178723  0.178723
 -99.4091 18.4091  0.264447  0.264447
 -99.7879 18.4293  0.160706  0.160706
-100.5707 19.5000  0.086503  0.086503
 -99.7626 18.3485  0.184642  0.184642
 -99.7879 18.4697  0.118189  0.118189
 -99.8384 18.4495  0.115351  0.115351
 -99.8636 18.4697  0.056247  0.056247
 -99.5859 18.4495  0.270166  0.270166
-100.1414 18.3081  0.134272  0.134272
 -99.6616 18.0657  0.276951  0.276951
 -99.5354 18.2879  0.102633  0.102633
 -99.5354 18.3889  0.247359  0.247359
 -99.8131 18.4495  0.132711  0.132711
 -99.7879 18.3283  0.231861  0.231861
 -99.7374 18.4293  0.186284  0.186284
 -99.6616 18.2273  0.363868  0.363868
 -99.7626 18.3889  0.207692  0.207692
 -99.9646 18.2677  0.166285  0.166285
 -99.4848 18.3081  0.096713  0.096713
 -99.8384 18.3485  0.219878  0.219878
 -99.6869 17.9848  0.216090  0.216090
 -99.8889 18.2677  0.129671  0.129671
 -99.6364 18.1667  0.219518  0.219518
 -99.6111 17.9848  0.189772  0.189772
 -99.5354 18.0657  0.306897  0.306897
 -99.6111 18.0657  0.200603  0.200603
 -99.5354 18.2071  0.175086  0.175086
 -99.8889 18.2879  0.126197  0.126197
 -99.5606 18.2677  0.219343  0.219343
 -99.6869 18.1667  0.221114  0.221114
 -99.5101 18.1061  0.198897  0.198897
 -99.5354 18.4495  0.230503  0.230503
 -99.1566 18.3283  0.201903  0.201903
 -99.3838 18.3889  0.292097  0.292097
 -99.2828 18.2879  0.175517  0.175517
 -99.4091 18.4293  0.144237  0.144237
 -99.4091 18.4091  0.264556  0.264556
 -99.5354 18.4091  0.191808  0.191808
 -99.3586 18.3687  0.299367  0.299367
 -99.2323 18.2475  0.196083  0.196083
 -99.1313 18.3081  0.147019  0.147019
 -99.1061 18.2475  0.182403  0.182403
 -99.2323 18.2677  0.172735  0.172735
 -99.1313 18.2475  0.132221  0.132221
 -99.3081 18.2879  0.271567  0.271567
 -99.2323 18.3283  0.275336  0.275336
 -99.2071 18.2071  0.174718  0.174718
 -99.1061 18.2273  0.203535  0.203535
 -99.5606 18.3687  0.122503  0.122503
 -99.7626 18.3485  0.099246  0.099246
 -99.8131 18.3485  0.108719  0.108719
 -99.4848 18.2071  0.087217  0.087217
 -99.8889 18.3687  0.079739  0.079739
-100.1162 18.3081  0.134520  0.134520
 -99.8384 18.3081  0.096556  0.096556
 -99.7879 18.2273  0.148210  0.148210
 -99.8384 18.4899  0.114018  0.114018
 -99.3081 18.1667  0.169119  0.169119
 -99.5101 18.2071  0.114833  0.114833
 -99.7626 18.2475  0.071489  0.071489
 -99.4343 18.1869  0.148999  0.148999
 -99.6364 18.3889  0.102388  0.102388
 -99.7121 18.3687  0.169273  0.169273
 -99.6111 18.3485  0.236392  0.236392
 -99.7879 18.4091  0.178674  0.178674
 -99.6616 18.3283  0.167865  0.167865
 -99.6616 18.3485  0.157514  0.157514
 -99.8636 18.2475  0.149072  0.149072
 -99.7626 18.4091  0.195147  0.195147
 -99.8131 18.3283  0.211277  0.211277
 -99.9646 18.3889  0.237248  0.237248
 -99.5859 18.2879  0.147367  0.147367
 -99.6364 18.3081  0.143240  0.143240
 -99.6869 18.1869  0.196689  0.196689
 -99.5354 18.3485  0.101710  0.101710
 -99.7374 18.4293  0.178469  0.178469
 -99.8384 18.3081  0.126325  0.126325
 -99.7374 18.1465  0.177555  0.177555
 -99.6616 18.4697  0.278695  0.278695
 -99.8384 18.4495  0.136925  0.136925
 -99.7374 18.0657  0.142427  0.142427
 -99.7626 18.3283  0.086415  0.086415
 -99.6111 18.2273  0.228490  0.228490
 -99.5101 18.3283  0.165113  0.165113
 -99.4091 18.3889  0.158361  0.158361
 -99.6869 18.1263  0.272609  0.272609
 -99.7374 18.1465  0.139235  0.139235
 -99.7374 18.3485  0.212479  0.212479
 -99.7626 18.2677  0.135371  0.135371
 -99.7879 18.4091  0.088652  0.088652
 -99.9394 18.3889  0.163987  0.163987
 -99.5859 18.0859  0.138952  0.138952
 -99.6616 18.3485  0.179730  0.179730
 -99.7626 18.3283  0.096403  0.096403
 -99.9141 18.3687  0.160462  0.160462
 -99.4848 18.3283  0.264820  0.264820
 -99.2071 18.2475  0.173738  0.173738
 -99.3081 18.2475  0.212761  0.212761
 -99.3586 18.1869  0.243701  0.243701
 -99.2323 18.3283  0.271980  0.271980
 -99.1061 18.3081  0.269757  0.269757
 -99.1061 18.2071  0.228248  0.228248
 -99.3586 18.1667  0.116228  0.116228
 -99.2576 18.1465  0.250710  0.250710
 -99.2071 18.3283  0.228884  0.228884
 -99.2828 18.1667  0.297287  0.297287
 -99.1566 18.2677  0.207379  0.207379
 -99.3838 18.1667  0.264202  0.264202
 -99.2071 18.2475  0.263317  0.263317
 -99.5859 18.0253  0.213923  0.213923
 -99.2828 18.0859  0.281220  0.281220
 -99.5606 18.1667  0.210582  0.210582
 -99.4343 18.4495  0.214413  0.214413
 -99.5101 18.3485  0.240084  0.240084
 -99.2576 18.2879  0.267721  0.267721
 -99.1818 18.2677  0.219802  0.219802
 -99.9394 18.0455  0.179608  0.179608
 -99.4091 18.1667  0.286303  0.286303
 -99.3333 18.0455  0.271224  0.271224
 -99.4091 18.1263  0.300267  0.300267
 -99.3081 18.1263  0.285338  0.285338
 -99.4343 18.2677  0.336118  0.336118
 -99.7374 18.3889  0.173549  0.173549
 -99.5859 18.3687  0.150770  0.150770
 -99.7626 18.3889  0.260655  0.260655
 -99.4596 18.1869  0.254403  0.254403
 -99.6111 18.2071  0.223920  0.223920
 -99.7626 18.3283  0.230384  0.230384
 -99.5859 18.2677  0.240378  0.240378
 -99.6111 18.1465  0.183893  0.183893
 -99.5606 18.3283  0.143982  0.143982
 -99.5859 18.2879  0.226180  0.226180
 -99.3586 18.0859  0.157100  0.157100
 -99.3333 18.1465  0.229492  0.229492
 -99.5859 18.2273  0.144169  0.144169
 -99.4091 18.1465  0.239918  0.239918
 -99.5859 18.1869  0.150445  0.150445
 -99.9394 18.4899  0.191697  0.191697
 -99.7374 18.2273  0.241199  0.241199
 -99.4091 18.1869  0.248721  0.248721
 -99.6111 18.2273  0.111949  0.111949
 -99.6111 18.2071  0.310497  0.310497
 -99.5354 18.2677  0.219287  0.219287
-100.0404 18.4899  0.182889  0.182889
 -99.2828 18.1061  0.284041  0.284041
 -99.3586 18.1061  0.093479  0.093479
 -99.5606 18.1263  0.172374  0.172374
 -99.7626 18.1667  0.177853  0.177853
 -99.5859 18.3687  0.137470  0.137470
 -99.9394 17.8232  0.156010  0.156010
 -99.8384 18.4495  0.207368  0.207368
 -99.8384 18.3687  0.178211  0.178211
 -99.5101 18.2475  0.210110  0.210110
 -99.9646 18.2071  0.211125  0.211125
 -99.8889 18.4697  0.030819  0.030819
 -99.4343 18.1263  0.183495  0.183495
-100.0404 18.3485  0.144666  0.144666
-100.0152 18.3081  0.131337  0.131337
 -99.9646 18.3283  0.208955  0.208955
 -99.7626 18.4899  0.148828  0.148828
 -99.3333 18.3485  0.137264  0.137264
 -99.3838 18.4091  0.173625  0.173625
 -99.4596 18.4495  0.353930  0.353930
 -99.2071 18.3485  0.111302  0.111302
 -99.6616 18.4091  0.034701  0.034701
 -99.2071 18.3081  0.006916  0.006916
 -99.6111 18.3485  0.206491  0.206491
 -99.4091 18.1869  0.133972  0.133972
 -99.4343 18.4293  0.237108  0.237108
 -99.4596 18.1667  0.083557  0.083557
 -99.2828 18.1667  0.144205  0.144205
 -99.4848 18.4293  0.237301  0.237301
 -99.4091 18.3687  0.177566  0.177566
 -99.7374 18.3485  0.165457  0.165457
 -99.8131 18.5101  0.048358  0.048358
 -99.2071 18.2273  0.276902  0.276902
 -99.2576 18.2677  0.119541  0.119541
 -99.3838 18.2879  0.137211  0.137211
 -99.2576 18.3283  0.174826  0.174826
 -99.2323 18.2273  0.266228  0.266228
 -99.2071 18.2677  0.250125  0.250125
 -99.4343 18.3485  0.123138  0.123138
 -99.5606 18.4293  0.119019  0.119019
 -99.6111 18.4091  0.098418  0.098418
 -99.5101 18.4091  0.197934  0.197934
 -99.6869 18.4495  0.147909  0.147909
 -99.2576 18.2677  0.343047  0.343047
 -99.6616 18.2273  0.252984  0.252984
 -99.6869 18.2475  0.158360  0.158360
 -99.7879 18.2879  0.187798  0.187798
-100.0152 18.3889  0.275862  0.275862
 -99.5101 18.3889  0.226373  0.226373
-100.9747 19.0354  0.107339  0.107339
 -99.7626 18.2475  0.140097  0.140097
 -99.3586 18.1667  0.170834  0.170834
 -99.9394 18.1869  0.229268  0.229268
-100.4949 18.0657  0.191095  0.191095
 -99.7626 18.2879  0.084318  0.084318
 -99.8131 18.4293  0.102045  0.102045
 -99.7374 18.4091  0.217860  0.217860
 -99.2071 18.1667  0.285002  0.285002
 -99.4848 18.3485  0.074697  0.074697
 -99.1313 18.2475  0.228264  0.228264
 -99.1818 18.2475  0.264759  0.264759
 -99.2323 18.2677  0.283138  0.283138
 -99.2323 18.1869  0.089085  0.089085
 -99.2323 18.2677  0.326545  0.326545
 -99.4091 18.1667  0.116774  0.116774
 -99.3081 18.2475  0.260831  0.260831
 -99.2828 18.1465  0.303119  0.303119
 -99.1818 18.2677  0.197144  0.197144
 -99.1061 18.1263  0.209397  0.209397
 -99.3081 18.2273  0.223089  0.223089
 -99.2576 18.4091  0.051317  0.051317
 -99.2828 18.3283  0.261561  0.261561
 -99.1313 18.2475  0.230466  0.230466
 -99.3333 18.2475  0.253824  0.253824
 -99.5354 18.3283  0.282050  0.282050
 -99.6364 18.2071  0.208995  0.208995
 -99.3838 18.4293  0.152388  0.152388
 -99.5101 18.4293  0.131338  0.131338
 -99.1313 18.3485  0.241045  0.241045
 -99.5354 18.3889  0.109192  0.109192
 -99.4343 18.3283  0.217384  0.217384
 -99.3333 18.0859  0.132042  0.132042
 -99.2576 18.3485  0.200322  0.200322
 -99.3838 18.3485  0.259874  0.259874
 -99.5859 18.3485  0.210678  0.210678
 -99.3586 18.3485  0.232476  0.232476
 -99.3333 18.2475  0.130941  0.130941
 -99.5354 18.4293  0.169077  0.169077
 -99.5606 18.1667  0.153932  0.153932
 -99.5101 18.2071  0.265265  0.265265
 -99.2071 18.2071  0.061583  0.061583
 -99.3333 18.2677  0.146780  0.146780
 -99.2071 18.2071  0.200970  0.200970
 -99.3838 18.1465  0.202129  0.202129
 -99.3838 18.2475  0.174822  0.174822
 -99.7374 18.3687  0.112544  0.112544
 -99.5606 18.3687  0.134710  0.134710
 -99.7374 18.4091  0.232012  0.232012
 -99.8131 18.2677  0.212919  0.212919
 -99.7374 18.4091  0.252258  0.252258
 -99.5606 18.2677  0.114315  0.114315
 -99.9141 18.5505  0.154668  0.154668
 -99.7879 18.2879  0.171353  0.171353
 -99.5606 18.2475  0.128412  0.128412
 -99.3586 18.3889  0.096256  0.096256
 -99.5606 18.3485  0.190553  0.190553
 -99.5859 18.3889  0.119312  0.119312
 -99.8889 18.3889  0.043678  0.043678
 -99.7374 18.4293  0.207015  0.207015
 -99.5101 18.4091  0.158367  0.158367
 -99.4596 18.3081  0.101265  0.101265
 -99.7626 18.3283  0.195039  0.195039
 -99.6364 18.3485  0.223713  0.223713
 -99.5606 18.4091  0.206681  0.206681
-100.0152 18.5101  0.264892  0.264892
 -99.5354 18.5101  0.298500  0.298500
 -99.6616 18.3687  0.074460  0.074460
 -99.8636 18.3889  0.230444  0.230444
 -99.8131 18.3687  0.208243  0.208243
 -99.7879 18.5101  0.041753  0.041753
 -99.8384 18.4293  0.184727  0.184727
 -99.9646 18.4091  0.166407  0.166407
 -99.3586 18.1465  0.139008  0.139008
 -99.2323 17.9444  0.084254  0.084254
 -99.6364 18.2273  0.248905  0.248905
 -99.9141 18.2273  0.170826  0.170826
 -99.8131 18.4899  0.116815  0.116815
 -99.7879 18.1263  0.168522  0.168522
 -99.5354 18.3283  0.139891  0.139891
 -99.6111 18.0859  0.215378  0.215378
 -99.6364 18.2879  0.173288  0.173288
 -99.9899 17.7424  0.073667  0.073667
 -99.7121 18.0657  0.160138  0.160138
 -99.6111 18.0859  0.131378  0.131378
 -99.4848 18.1061  0.177042  0.177042
 -99.7374 18.2475  0.176584  0.176584
-100.0152 18.4495  0.117065  0.117065
 -99.5101 18.3283  0.220979  0.220979
 -99.6869 18.2273  0.248068  0.248068
 -99.5859 18.2879  0.146816  0.146816
 -99.7879 18.2677  0.297674  0.297674
 -99.5354 18.1869  0.200970  0.200970
 -99.5606 18.2475  0.197703  0.197703
 -99.5859 18.1667  0.173647  0.173647
 -99.7626 18.1465  0.245370  0.245370
 -99.7626 18.0051  0.096477  0.096477
 -99.7374 18.2879  0.111415  0.111415
 -99.7626 18.3081  0.150727  0.150727
 -99.5354 18.2677  0.139010  0.139010
 -99.5354 18.2677  0.167186  0.167186
 -99.6869 18.2273  0.169429  0.169429
 -99.2576 18.3081  0.146837  0.146837
 -99.7626 18.0051  0.060264  0.060264
 -99.5606 18.2071  0.280525  0.280525
 -99.3586 18.1869  0.223456  0.223456
 -99.8636 17.6010  0.136215  0.136215
 -99.5859 18.2273  0.104608  0.104608
 -99.7879 17.7222  0.176900  0.176900
 -99.6869 17.6818  0.205736  0.205736
 -99.2576 17.9848  0.285577  0.285577
 -99.3838 17.9040  0.088147  0.088147
 -99.3333 18.1061  0.228475  0.228475
 -99.6364 18.1667  0.225529  0.225529
 -99.4343 18.0859  0.124434  0.124434
 -99.6869 18.2273  0.221761  0.221761
 -99.6616 17.7020  0.158463  0.158463
 -99.3586 18.1869  0.256077  0.256077
 -99.5354 18.3081  0.260718  0.260718
 -99.3081 18.1263  0.257551  0.257551
 -99.3333 18.0455  0.235017  0.235017
 -99.6869 18.1061  0.233840  0.233840
 -99.5354 18.2475  0.113157  0.113157
 -99.4091 18.0657  0.216052  0.216052
 -99.8636 17.6818  0.188212  0.188212
 -99.5859 18.3687  0.151745  0.151745
 -99.7374 18.4293  0.223469  0.223469
 -99.6869 18.3889  0.105423  0.105423
 -99.6364 18.4091  0.160749  0.160749
 -99.3586 18.1061  0.212083  0.212083
 -99.4091 18.1667  0.289135  0.289135
 -99.3586 18.1667  0.153639  0.153639
 -99.3838 18.1667  0.212449  0.212449
 -99.5101 18.3081  0.107602  0.107602
 -99.5606 18.3687  0.151199  0.151199
 -99.3586 18.1465  0.232097  0.232097
 -99.6869 18.3283  0.131268  0.131268
 -99.4848 18.3283  0.252323  0.252323
 -99.4091 18.1263  0.277775  0.277775
 -99.9394 18.3889  0.062858  0.062858
 -99.5606 18.2475  0.144016  0.144016
 -99.1566 18.2677  0.347883  0.347883
 -99.4596 18.4293  0.150697  0.150697
 -99.5606 18.1263  0.206143  0.206143
 -99.8384 17.6414  0.124286  0.124286
 -99.6869 18.1869  0.290583  0.290583
 -99.6364 18.1465  0.315761  0.315761
 -99.6111 18.1869  0.189985  0.189985
 -99.6111 18.2677  0.196864  0.196864
 -99.7121 18.1869  0.242025  0.242025
 -99.4848 18.1465  0.165924  0.165924
 -99.8131 18.3485  0.136005  0.136005
 -99.6616 18.1061  0.217306  0.217306
 -99.5606 18.4091  0.228055  0.228055
 -99.6364 18.2475  0.201875  0.201875
 -99.6364 18.2273  0.163215  0.163215
 -99.5101 18.4293  0.192116  0.192116
 -99.7374 18.4495  0.126063  0.126063
 -99.5606 18.3687  0.095904  0.095904
 -99.1061 18.2879  0.271776  0.271776
 -99.1061 18.3081  0.241627  0.241627
 -99.4091 18.2677  0.241271  0.241271
 -99.6616 18.1061  0.295154  0.295154
 -99.6364 18.1263  0.203618  0.203618
 -99.2323 18.3283  0.305379  0.305379
-100.0404 18.3889  0.208613  0.208613
 -99.8889 17.8030  0.142651  0.142651
-100.1919 18.2475  0.079452  0.079452
 -99.6364 18.3283  0.114444  0.114444
 -99.7121 18.2273  0.121400  0.121400
 -99.7121 18.1667  0.254673  0.254673
 -99.6364 18.2677  0.131647  0.131647
 -99.6869 17.7424  0.051393  0.051393
 -99.9394 17.8030  0.039174  0.039174
 -99.9141 17.8232  0.124281  0.124281
 -99.7626 18.2677  0.045012  0.045012
 -99.8384 18.2677  0.109692  0.109692
 -99.5354 17.7222  0.056842  0.056842
 -99.8636 18.3283  0.063771  0.063771
 -99.5606 18.4091 -0.025089 -0.025089
 -99.7626 17.6818  0.106029  0.106029
 -99.8889 18.2677  0.104999  0.104999
 -99.7121 18.3485  0.136076  0.136076
 -99.5606 18.1465  0.208436  0.208436
 -99.7879 18.2677  0.050002  0.050002
 -99.9141 17.7020  0.095885  0.095885
 -99.7626 17.6212  0.125756  0.125756
 -99.6364 18.2879  0.113838  0.113838
 -99.6364 18.1667  0.236180  0.236180
 -99.4596 18.4293  0.265979  0.265979
 -99.8131 18.2475  0.167133  0.167133
 -99.3586 18.1263  0.163724  0.163724
 -99.8131 18.2475  0.030377  0.030377
 -99.7626 18.2475  0.070391  0.070391
 -99.5101 18.4091  0.161203  0.161203
 -99.5859 18.0859  0.162832  0.162832
 -99.6364 17.6212  0.042465  0.042465
 -99.2828 18.0859  0.250623  0.250623
 -99.3838 18.2273  0.194796  0.194796
 -99.4343 18.1465  0.148847  0.148847
 -99.4091 18.1263  0.060856  0.060856
 -99.4091 18.1869  0.178286  0.178286
 -99.2828 18.1061  0.275532  0.275532
 -99.8889 18.3889  0.114431  0.114431
 -99.4343 18.2677  0.118051  0.118051
 -99.9141 18.3889  0.149535  0.149535
 -99.7374 18.3889  0.172428  0.172428
 -99.5354 18.3485  0.127940  0.127940
 -99.3333 18.2677  0.231288  0.231288
 -99.0808 18.1869  0.238299  0.238299
 -99.8131 18.1061  0.158444  0.158444
 -99.2323 18.2273  0.165054  0.165054
 -99.2576 18.1667  0.214129  0.214129
 -99.7121 18.1667  0.172369  0.172369
 -99.5354 18.3687  0.157817  0.157817
 -99.8384 18.2273  0.116970  0.116970
 -99.9646 17.7626  0.075783  0.075783
 -99.3838 18.4091  0.318272  0.318272
 -99.1818 18.3687  0.148311  0.148311
 -99.7626 18.3687  0.169260  0.169260
 -99.8384 18.5101  0.225469  0.225469
 -99.8384 18.2475  0.152519  0.152519
 -99.5606 18.2475  0.123225  0.123225
 -99.6111 18.1667  0.152682  0.152682
 -99.5859 18.1263  0.175542  0.175542
 -99.8636 18.2879  0.054092  0.054092
 -99.7626 18.3283  0.186838  0.186838
 -99.8384 18.1869  0.143082  0.143082
 -99.9394 17.8030  0.073841  0.073841
 -99.7121 18.0253  0.144465  0.144465
 -99.7626 17.8434  0.055805  0.055805
 -99.6364 18.2071  0.011592  0.011592
 -99.7374 18.0253  0.148581  0.148581
 -99.5354 18.0859  0.315543  0.315543
 -99.7374 18.2475  0.186890  0.186890
 -99.8384 18.3081  0.225838  0.225838
-100.4192 18.0051  0.074986  0.074986
 -99.6111 18.4091  0.211340  0.211340
 -99.7626 17.6010  0.110136  0.110136
 -99.5354 18.1667  0.140291  0.140291
 -99.9394 18.4495  0.085918  0.085918
 -99.6111 18.1465  0.147492  0.147492
 -99.7626 18.0051  0.076572  0.076572
 -99.7626 18.1465  0.232568  0.232568
 -99.7879 18.0859  0.215585  0.215585
 -99.4343 18.2071  0.120098  0.120098
 -99.6616 18.1061  0.164911  0.164911
 -99.7121 18.2879  0.153648  0.153648
 -99.5354 18.1263  0.228932  0.228932
 -98.6010 18.2475  0.182293  0.182293
 -99.5101 18.2273  0.087530  0.087530
 -99.5606 18.4697  0.219822  0.219822
 -99.4848 18.4495  0.282787  0.282787
 -99.5354 18.4697  0.296761  0.296761
 -99.4091 18.3081  0.152876  0.152876
 -99.3586 18.2475  0.202841  0.202841
 -99.6111 18.3485  0.241834  0.241834
 -99.7374 18.4697  0.156384  0.156384
 -99.7374 18.3283  0.161041  0.161041
 -99.6616 17.8838  0.077636  0.077636
 -99.7121 17.7020  0.172768  0.172768
 -99.7121 17.7626  0.197031  0.197031
 -99.7374 18.4091  0.092750  0.092750
 -99.9646 18.3485  0.166883  0.166883
 -99.4848 17.8232  0.196468  0.196468
 -99.6616 18.2475  0.242848  0.242848
 -99.6616 18.2071  0.273585  0.273585
 -99.7626 18.2475  0.217590  0.217590
 -99.5101 18.3485  0.120007  0.120007
 -99.6869 18.2273  0.216157  0.216157
 -99.6364 18.0657  0.219877  0.219877
 -99.8636 18.0253  0.188383  0.188383
 -99.7374 18.0253  0.236560  0.236560
 -99.3838 18.1465  0.311511  0.311511
 -99.9141 18.4697  0.049651  0.049651
 -99.7879 18.3687  0.211321  0.211321
 -99.8636 18.4495  0.155957  0.155957
-100.7727 17.7828  0.073024  0.073024
 -99.6364 18.4495  0.182475  0.182475
 -99.6869 18.4697  0.156530  0.156530
 -99.7121 18.3889  0.216440  0.216440
 -99.6616 18.3889  0.233636  0.233636
 -99.7626 18.4293  0.108995  0.108995
 -99.5606 18.3283  0.153191  0.153191
 -99.5859 18.3283  0.101098  0.101098
 -99.6111 18.3081  0.065233  0.065233
 -99.6111 18.3081  0.221039  0.221039
 -99.6111 18.2071  0.261324  0.261324
 -99.9141 17.7828  0.114411  0.114411
 -99.6111 18.2071  0.212252  0.212252
 -99.6869 18.0859  0.248795  0.248795
 -99.4343 18.0657  0.107219  0.107219
 -99.1313 18.2475  0.233170  0.233170
 -99.2323 18.2273  0.194125  0.194125
 -99.6111 18.1061  0.192877  0.192877
 -99.4091 18.1869  0.175547  0.175547
 -99.6364 18.2071  0.216388  0.216388
 -99.5859 18.0657  0.363154  0.363154
 -99.5606 18.1263  0.221164  0.221164
 -99.3333 18.2475  0.227205  0.227205
 -99.2071 18.2071  0.261234  0.261234
 -99.3838 18.1667  0.303100  0.303100
 -99.6111 18.1667  0.246844  0.246844
 -99.5859 18.2273  0.281081  0.281081
 -99.5859 18.2273  0.155708  0.155708
 -99.5859 18.2071  0.323539  0.323539
 -99.6616 18.2677  0.181676  0.181676
 -99.5101 18.3485  0.154839  0.154839
 -99.5606 18.3283  0.225679  0.225679
 -99.7626 18.0051  0.194575  0.194575
 -99.5354 18.2879  0.282144  0.282144
 -99.3081 18.2475  0.224055  0.224055
 -99.5859 18.1667  0.087971  0.087971
-100.3434 18.3687  0.173344  0.173344
 -99.6111 18.2879  0.200338  0.200338
 -99.9646 18.2677  0.100517  0.100517
-100.4949 18.0455  0.159177  0.159177
 -99.6364 18.2475  0.220303  0.220303
 -99.5859 18.1465  0.157383  0.157383
-100.2172 18.0859  0.261405  0.261405
 -99.7374 18.0657  0.211534  0.211534
 -99.7374 18.4091  0.224474  0.224474
 -99.5101 18.4899  0.241234  0.241234
 -99.4343 18.4697  0.240795  0.240795
 -99.9394 18.1465  0.174373  0.174373
 -99.5859 18.4091  0.055643  0.055643
 -99.7374 18.4091  0.191493  0.191493
 -99.7121 18.3889  0.129592  0.129592
 -99.5354 18.2879  0.046669  0.046669
 -99.7374 18.3889  0.195736  0.195736
 -99.5606 18.3081  0.200168  0.200168
 -99.8131 17.6616  0.194376  0.194376
 -99.9141 17.6414  0.114860  0.114860
 -99.8889 17.6212  0.161014  0.161014
 -99.7374 18.2273  0.163246  0.163246
 -99.7374 18.1465  0.229368  0.229368
 -99.7879 17.7424  0.138290  0.138290
 -99.6869 17.8434  0.173808  0.173808
 -99.7879 17.6818  0.090217  0.090217
 -99.7121 17.7626  0.099791  0.099791
 -99.7626 18.1465  0.056973  0.056973
 -99.8636 18.2475  0.129135  0.129135
 -99.9141 17.6212  0.140166  0.140166
 -99.5859 18.3687  0.146813  0.146813
 -99.4343 17.8838  0.232685  0.232685
 -99.7626 17.6010  0.067577  0.067577
 -99.5606 18.4091  0.132213  0.132213
 -99.4091 18.4293  0.027753  0.027753
 -99.4343 18.3283  0.122624  0.122624
 -99.4596 18.4495  0.303834  0.303834
 -99.4091 18.4293  0.261678  0.261678
 -99.4848 18.4293  0.114447  0.114447
 -99.9899 18.1667  0.073852  0.073852
 -99.7626 18.0051  0.129533  0.129533
 -99.8636 18.1263  0.119906  0.119906
 -99.8131 18.2475  0.270310  0.270310
 -99.7121 18.2879  0.157919  0.157919
 -99.5859 18.2273  0.194275  0.194275
 -99.6364 18.1465  0.236989  0.236989
 -99.6111 18.4091  0.089903  0.089903
 -99.6111 18.2273  0.209079  0.209079
 -99.3586 18.1667  0.227846  0.227846
 -99.5101 18.3081  0.238403  0.238403
 -99.6869 18.2273  0.174174  0.174174
 -99.3838 18.1263  0.213023  0.213023
 -99.7121 18.1667  0.140071  0.140071
 -99.3586 18.2071  0.189533  0.189533
 -99.3081 18.2273  0.309215  0.309215
 -99.3081 18.2475  0.238080  0.238080
 -99.6364 18.2071  0.145930  0.145930
 -99.7879 18.2879  0.088982  0.088982
 -99.7374 18.4293  0.076317  0.076317
 -99.9394 18.0051  0.090445  0.090445
 -99.6364 18.2475  0.214750  0.214750
 -99.3586 18.0859  0.204524  0.204524
 -99.4596 17.8838  0.098258  0.098258
 -99.6111 18.1667  0.244306  0.244306
 -99.6616 18.1667  0.159986  0.159986
 -99.4848 18.4091  0.087009  0.087009
 -99.5606 18.2273  0.209155  0.209155
 -99.7879 18.0051  0.219495  0.219495
 -99.5101 18.4495  0.261774  0.261774
 -99.2576 18.1263  0.178908  0.178908
 -99.5354 18.4697  0.217509  0.217509
 -99.1818 18.1061  0.235913  0.235913
 -99.4343 18.4495  0.344522  0.344522
 -99.2576 18.1263  0.267612  0.267612
 -99.4596 18.4495  0.289889  0.289889
 -99.3081 18.3485  0.086303  0.086303
 -99.3081 18.1869  0.203009  0.203009
 -99.2576 18.1263  0.192259  0.192259
 -99.3081 18.1869  0.138472  0.138472
 -99.5101 18.2677  0.215281  0.215281
 -99.4848 18.3081  0.171103  0.171103
 -99.2576 18.3485  0.219545  0.219545
 -99.1566 18.2475  0.305866  0.305866
 -99.5859 18.1667  0.261405  0.261405
 -99.2323 18.1263  0.312426  0.312426
 -99.5606 18.1869  0.213069  0.213069
 -99.2071 18.2677  0.155825  0.155825
 -99.2828 18.1465  0.240163  0.240163
 -99.2071 18.2071  0.200864  0.200864
 -99.2071 18.0253  0.045842  0.045842
 -99.6869 18.1465  0.217860  0.217860
 -99.3333 18.1061  0.134947  0.134947
 -99.2828 18.1869  0.219589  0.219589
 -99.7121 18.1465  0.246558  0.246558
 -99.0556 17.7424  0.193984  0.193984
 -99.2576 18.3485  0.312492  0.312492
 -99.9141 18.4697  0.183590  0.183590
 -99.9646 18.4293  0.128022  0.128022
 -99.8384 18.4495  0.138415  0.138415
 -99.6869 18.2071  0.147243  0.147243
 -99.6364 18.1667  0.224113  0.224113
 -99.3838 18.3485  0.231519  0.231519
 -99.6616 18.1667  0.264217  0.264217
 -99.1566 18.3283  0.097697  0.097697
 -99.1566 18.3283  0.241275  0.241275
 -99.7121 18.4091  0.182238  0.182238
 -99.5101 18.4293  0.149980  0.149980
-100.1414 18.2879  0.166339  0.166339
 -99.7121 18.3283  0.177830  0.177830
 -99.5859 18.1263  0.126513  0.126513
 -99.8131 18.2475  0.196295  0.196295
 -99.8636 18.3081  0.102182  0.102182
 -99.6111 18.3889  0.233980  0.233980
 -99.7121 18.2475  0.119851  0.119851
 -99.6869 18.2475  0.215299  0.215299
 -99.7879 18.3283  0.192729  0.192729
 -99.6616 18.2677  0.117282  0.117282
 -99.6364 18.1869  0.277589  0.277589
 -99.4848 18.1061  0.231329  0.231329
 -99.6111 18.3081  0.170854  0.170854
 -99.7879 18.2879  0.061259  0.061259
 -99.5101 18.2677  0.021004  0.021004
 -99.9899 18.3081  0.155956  0.155956
 -99.7374 18.0253  0.155998  0.155998
 -99.9141 18.4091  0.086827  0.086827
 -99.6364 18.2071  0.220150  0.220150
 -99.7626 18.0051  0.087911  0.087911
 -99.5606 18.2475  0.106934  0.106934
 -99.6364 18.2273  0.232663  0.232663
 -99.7879 18.0051  0.119855  0.119855
 -99.7626 18.0051  0.051461  0.051461
 -99.5859 18.2071  0.212343  0.212343
 -99.3081 18.1263  0.097943  0.097943
 -99.5354 18.2071  0.161159  0.161159
 -99.5354 18.2879  0.229804  0.229804
 -99.2828 18.1061  0.227836  0.227836
 -99.5606 18.3081  0.208879  0.208879
 -99.5354 18.3485  0.186699  0.186699
 -99.6111 18.2071  0.179162  0.179162
 -99.2828 18.0859  0.146870  0.146870
 -99.7879 17.6818  0.118394  0.118394
 -99.1818 17.9646  0.193795  0.193795
 -99.7879 18.0051  0.114080  0.114080
 -99.6616 17.6212  0.115107  0.115107
 -99.5101 18.1465  0.159137  0.159137
 -99.6869 18.2071  0.173487  0.173487
 -99.3838 18.0657  0.168341  0.168341
 -99.3081 18.0253  0.149101  0.149101
 -99.8384 18.2071  0.217206  0.217206
 -99.5606 18.1869  0.305119  0.305119
 -99.3586 18.1263  0.099847  0.099847
 -99.3838 18.1869  0.132231  0.132231
 -99.7879 17.6212  0.153803  0.153803
 -99.5606 18.2071  0.157334  0.157334
 -99.5606 18.2273  0.097101  0.097101
 -99.6364 18.2677  0.134932  0.134932
 -99.9646 18.1869  0.090276  0.090276
 -99.6616 18.1061  0.178990  0.178990
 -99.5859 18.1263  0.268022  0.268022
 -99.8636 17.7424  0.139942  0.139942
 -99.9899 17.7020  0.050547  0.050547
 -99.9646 17.7626  0.041016  0.041016
 -99.3333 18.1263  0.187658  0.187658
 -99.6111 18.2273  0.244303  0.244303
 -99.3838 18.1465  0.300249  0.300249
 -99.6364 18.1667  0.232655  0.232655
 -99.3838 18.1667  0.200534  0.200534
 -99.5859 18.2475  0.184640  0.184640
 -99.7879 18.2071  0.175953  0.175953
 -99.7626 17.6212  0.160036  0.160036
 -99.7121 17.6818  0.126300  0.126300
 -99.7626 18.3283  0.164457  0.164457
 -99.9394 18.3283  0.087567  0.087567
-100.0909 18.2071  0.115432  0.115432
 -99.7374 17.7222  0.119548  0.119548
 -99.4091 18.4091  0.255438  0.255438
 -99.6364 18.1667  0.188866  0.188866
 -99.7374 18.0253  0.155234  0.155234
 -99.0808 17.7424  0.215318  0.215318
 -99.7121 18.1465  0.222518  0.222518
 -99.7879 17.6818  0.135935  0.135935
 -99.4848 18.3485  0.211484  0.211484
 -99.7121 18.3687  0.247600  0.247600
 -99.6111 18.2677  0.232056  0.232056
 -99.6616 18.4495  0.263576  0.263576
 -99.5606 18.3485  0.134973  0.134973
 -99.6111 18.3081  0.145159  0.145159
 -99.4343 18.4495  0.301164  0.301164
 -99.6869 18.2273  0.222573  0.222573
 -99.6869 18.3889  0.080311  0.080311
 -99.5101 18.3081  0.150942  0.150942
 -99.6616 18.2071  0.080406  0.080406
 -99.4343 18.4495  0.123021  0.123021
 -99.6111 18.2475  0.118363  0.118363
 -99.2323 18.3081  0.214002  0.214002
 -99.0808 18.2273  0.232704  0.232704
 -99.2828 18.2879  0.283571  0.283571
 -99.2576 18.1263  0.205529  0.205529
 -99.1313 18.3283  0.217849  0.217849
 -99.8889 18.4697  0.178028  0.178028
 -99.3333 18.1465  0.228914  0.228914
 -99.2323 18.1263  0.271323  0.271323
 -99.1313 18.2071  0.241389  0.241389
 -99.3333 18.1869  0.287406  0.287406
 -99.5354 18.4697  0.181270  0.181270
 -99.4091 18.1869  0.135787  0.135787
 -99.3586 18.1869  0.175079  0.175079
 -99.5101 18.3081  0.142500  0.142500
 -99.5859 18.4899  0.135069  0.135069
 -99.5354 18.4495  0.255688  0.255688
 -99.9646 18.3889  0.240400  0.240400
 -99.6111 18.4697  0.169917  0.169917
 -99.7374 18.4091  0.221802  0.221802
 -99.5606 18.3687  0.144241  0.144241
 -99.7374 18.4899  0.240861  0.240861
 -99.7879 18.5101  0.176182  0.176182
 -99.5354 18.3081  0.209933  0.209933
 -99.7121 18.3889  0.243143  0.243143
 -99.6111 18.2475  0.249744  0.249744
 -99.1818 18.3283  0.308449  0.308449
 -99.1061 18.2475  0.133937  0.133937
 -99.5354 18.2677  0.155108  0.155108
 -99.5101 18.1061  0.327452  0.327452
 -99.6616 18.2677  0.243399  0.243399
 -99.7121 18.2677  0.246756  0.246756
 -99.6869 18.3283  0.121745  0.121745
 -99.7374 18.2071  0.300579  0.300579
 -99.5101 18.2677  0.240381  0.240381
 -99.7121 18.3889  0.142066  0.142066
 -99.5606 18.1263  0.250312  0.250312
 -99.5101 18.2677  0.252028  0.252028
 -99.5859 18.4091  0.161872  0.161872
 -99.5101 18.1061  0.229986  0.229986
-100.1919 18.4899  0.211196  0.211196
 -99.7626 18.3687  0.173387  0.173387
 -99.7879 17.9848  0.151775  0.151775
 -99.4343 18.4495  0.179807  0.179807
 -99.7626 18.4091  0.242871  0.242871
 -99.7626 18.0051  0.211299  0.211299
 -99.5101 18.1465  0.194189  0.194189
 -99.7121 18.0253  0.172000  0.172000
 -99.8889 17.8030  0.158150  0.158150
 -99.6364 18.1263  0.187600  0.187600
 -99.5606 18.2273  0.126590  0.126590
 -99.7374 18.0859  0.309343  0.309343
 -99.3586 18.0455  0.151485  0.151485
 -99.3333 18.1667  0.214870  0.214870
 -99.5859 18.1667  0.279182  0.279182
 -99.3838 18.1667  0.224240  0.224240
 -99.6111 18.1667  0.281428  0.281428
 -99.5606 18.2677  0.195905  0.195905
 -99.2828 18.0859  0.301577  0.301577
 -99.2828 18.0657  0.210488  0.210488
 -99.5354 18.2071  0.164046  0.164046
 -99.3838 18.0657  0.129861  0.129861
 -99.4343 18.1465  0.195000  0.195000
 -99.5606 18.3485  0.204671  0.204671
 -99.2323 18.1667  0.305874  0.305874
 -99.3333 18.2475  0.166870  0.166870
 -99.3333 18.2475  0.312911  0.312911
 -99.5101 18.3081  0.161101  0.161101
 -99.3586 18.1061  0.312244  0.312244
 -99.5606 18.1667  0.291240  0.291240
 -99.3586 18.2273  0.226427  0.226427
 -99.5859 18.4091  0.247978  0.247978
 -99.4343 18.4293  0.278877  0.278877
 -99.1818 18.3687  0.193341  0.193341
 -99.6111 18.3889  0.215928  0.215928
 -99.4091 18.2475  0.205163  0.205163
 -99.3586 18.2475  0.257448  0.257448
 -99.3838 18.4293  0.150831  0.150831
 -99.6869 17.9848  0.270287  0.270287
 -99.6364 18.4293  0.261487  0.261487
 -99.7626 18.3889  0.174803  0.174803
 -99.6869 18.2071  0.260317  0.260317
 -99.6616 18.2475  0.166502  0.166502
 -99.4343 18.3485  0.146525  0.146525
 -99.9141 18.4697  0.251615  0.251615
 -99.6111 18.1465  0.044729  0.044729
 -99.5354 18.4697  0.162674  0.162674
 -99.5606 18.4899  0.198370  0.198370
 -99.4091 18.4495  0.182869  0.182869
 -99.5859 18.3889  0.248454  0.248454
 -99.6616 18.4495  0.291039  0.291039
 -99.5859 18.4091  0.261931  0.261931
 -99.5101 18.3687  0.142332  0.142332
 -99.5606 18.3283  0.126689  0.126689
 -99.8384 18.4293  0.194185  0.194185
 -99.4596 18.4495  0.275466  0.275466
 -99.6869 18.3889  0.133981  0.133981
 -99.9141 18.3081  0.148543  0.148543
-100.0152 18.3081  0.216004  0.216004
 -99.8636 18.4697  0.091588  0.091588
 -99.4091 18.1869  0.166018  0.166018
 -99.7879 18.2677  0.240748  0.240748
 -99.8131 18.2273  0.159623  0.159623
 -99.6616 18.2677  0.237664  0.237664
 -99.5606 18.2273  0.135470  0.135470
 -99.6364 18.2475  0.176471  0.176471
 -99.5606 18.2879  0.124681  0.124681
 -99.6616 18.1667  0.245314  0.245314
 -99.6616 18.1263  0.203505  0.203505
 -99.4848 18.1263  0.131681  0.131681
 -99.8636 18.3081  0.167863  0.167863
 -99.8131 18.2677  0.118053  0.118053
 -99.8889 18.3687  0.122337  0.122337
 -99.8889 18.3485  0.142665  0.142665
 -99.8889 18.3687  0.081589  0.081589
 -99.4091 18.2879  0.160041  0.160041
 -99.7879 18.4091  0.161273  0.161273
 -99.2828 18.3687  0.278143  0.278143
 -99.3838 18.4091  0.140889  0.140889
 -99.5354 18.1667  0.116753  0.116753
 -99.5101 18.3889  0.215035  0.215035
 -99.2323 18.2273  0.227594  0.227594
 -99.1818 18.3485  0.093416  0.093416
 -99.3333 18.3283  0.221334  0.221334
 -99.2576 18.3485  0.278560  0.278560
 -99.2828 18.1869  0.229491  0.229491
 -99.5354 18.3687  0.093183  0.093183
 -99.0808 18.2879  0.239972  0.239972
 -99.4091 18.2879  0.091844  0.091844
 -99.3333 18.1869  0.219678  0.219678
 -99.3586 18.1263  0.337702  0.337702
 -99.5606 18.1465  0.151390  0.151390
 -99.3081 18.0859  0.223479  0.223479
 -99.2071 18.2071  0.168555  0.168555
 -99.5606 18.3687  0.204666  0.204666
 -99.7374 18.4495  0.156674  0.156674
 -99.2828 18.1465  0.327358  0.327358
 -99.5354 18.3283  0.225063  0.225063
 -99.4091 18.1869  0.305403  0.305403
 -99.5606 18.2071  0.133941  0.133941
 -99.5101 18.4293  0.103940  0.103940
 -99.5859 18.3485  0.059643  0.059643
 -99.2071 18.2677  0.233219  0.233219
 -99.3333 18.2273  0.259711  0.259711
 -99.6364 18.2879  0.167234  0.167234
 -99.6616 18.1465  0.267050  0.267050
 -99.8131 17.9848  0.139897  0.139897
 -99.5101 18.1869  0.109995  0.109995
 -99.6616 18.0657  0.092509  0.092509
 -99.6364 18.1061  0.230480  0.230480
 -99.0808 18.2071  0.226207  0.226207
 -99.6616 18.1263  0.228590  0.228590
 -99.8889 18.2475  0.183929  0.183929
 -99.5606 18.4495  0.235806  0.235806
 -99.5606 18.2677  0.137474  0.137474
 -99.5354 18.4091  0.168051  0.168051
 -99.3838 18.1869  0.175070  0.175070
 -99.7374 18.1465  0.120698  0.120698
 -99.3838 18.0859  0.185217  0.185217
 -99.7879 17.9848  0.063856  0.063856