-120.200 35.625  0.052546  0.052546
-120.240 35.680  0.034662  0.034662
-120.655 36.080  0.163831  0.163831
-120.640 36.120  0.056996  0.056996
-120.675 36.135  0.138847  0.138847
-120.340 35.765  0.042857  0.042857
-120.320 35.745  0.035725  0.035725
-120.690 36.135  0.018509  0.018509
-120.105 35.675 -0.014515 -0.014515
-120.280 35.720  0.085465  0.085465
-120.615 36.085  0.039623  0.039623
-120.645 36.095  0.034298  0.034298
-120.645 36.120  0.034253  0.034253
-120.585 36.055  0.008553  0.008553
-120.345 35.820  0.001484  0.001484
-120.220 35.700  0.042336  0.042336
-120.720 36.175  0.028300  0.028300
-120.575 36.005  0.017960  0.017960
-120.330 35.795  0.028985  0.028985
-120.530 36.005  0.046674  0.046674
-120.770 36.220  0.028907  0.028907
-121.080 36.435  0.011816  0.011816
-120.635 36.120  0.008698  0.008698
-120.255 35.695  0.022875  0.022875
-120.255 35.690  0.045163  0.045163
-120.515 35.975  0.029923  0.029923
-120.220 35.685  0.069306  0.069306
-121.065 36.445  0.013045  0.013045
-120.835 36.280  0.027460  0.027460
-120.325 35.790  0.039393  0.039393
-120.565 36.020  0.015702  0.015702
-120.280 35.700  0.127462  0.127462
-120.830 36.290  0.042603  0.042603
-120.550 36.020  0.044504  0.044504
-120.190 35.630  0.014665  0.014665
-120.075 35.530  0.033046  0.033046
-120.320 35.755  0.025289  0.025289
-120.720 36.210  0.020156  0.020156
-120.340 35.790  0.023658  0.023658
-120.745 36.200  0.046395  0.046395
-120.550 36.005  0.036843  0.036843
-120.515 35.980  0.032745  0.032745
-120.515 35.980  0.035464  0.035464
-120.140 35.640  0.059091  0.059091
-120.010 35.440  0.106411  0.106411
-120.325 35.780  0.027928  0.027928
-120.320 35.785  0.043076  0.043076
-120.175 35.665  0.039237  0.039237
-120.110 35.575  0.016671  0.016671
-120.670 36.140  0.023346  0.023346
-120.640 36.120  0.011259  0.011259
-120.175 35.610  0.008486  0.008486
-120.150 35.635  0.060879  0.060879
-120.115 35.505  0.019831  0.019831
-120.805 36.258  0.016537  0.016537
-120.295 35.730  0.157391  0.157391
-120.395 35.877  0.085112  0.085112
-120.110 35.540 -0.002780 -0.002780
-120.525 35.980  0.005984  0.005984
-120.335 35.785  0.025563  0.025563
-120.625 36.085  0.025531  0.025531
-120.735 36.180  0.049735  0.049735
-120.265 35.710  0.073685  0.073685
-120.245 35.670  0.015951  0.015951
-120.390 35.875  0.084819  0.084819
-120.725 36.175  0.046867  0.046867
-120.235 35.665  0.018565  0.018565
-120.790 36.230  0.027852  0.027852
-120.925 36.320  0.017375  0.017375
-120.315 35.735  0.091363  0.091363
-120.362 35.852  0.005402  0.005402
-120.185 35.620  0.014654  0.014654
-120.335 35.740  0.116178  0.116178
-120.325 35.745  0.102529  0.102529
-120.150 35.625  0.123841  0.123841
-120.205 35.635  0.005872  0.005872
-120.215 35.660  0.022623  0.022623
-120.265 35.675  0.084044  0.084044
-120.665 36.140  0.088468  0.088468
-120.360 35.852  0.009636  0.009636
-120.545 36.010  0.028147  0.028147
-120.427 35.845  0.049337  0.049337
-120.595 36.065  0.038667  0.038667
-120.650 36.100  0.191282  0.191282
-120.235 35.660  0.077999  0.077999
-120.630 36.120  0.073194  0.073194
-120.220 35.640  0.011969  0.011969
-120.540 35.995  0.055802  0.055802