-120.200 35.625 -0.104154 -0.104154
-120.240 35.680  0.075263  0.075263
-120.655 36.080  0.050076  0.050076
-120.640 36.120  0.062633  0.062633
-120.675 36.135  0.021307  0.021307
-120.340 35.765  0.205854  0.205854
-120.320 35.745  0.102764  0.102764
-120.690 36.135  0.089047  0.089047
-120.105 35.675  0.004834  0.004834
-120.280 35.720  0.068747  0.068747
-120.615 36.085  0.165718  0.165718
-120.645 36.095  0.058533  0.058533
-120.645 36.120  0.082523  0.082523
-120.585 36.055  0.136106  0.136106
-120.345 35.820  0.114776  0.114776
-120.220 35.700  0.064404  0.064404
-120.720 36.175  0.148922  0.148922
-120.575 36.005  0.221339  0.221339
-120.330 35.795  0.097622  0.097622
-120.530 36.005  0.188821  0.188821
-120.770 36.220  0.098732  0.098732
-121.080 36.435  0.096046  0.096046
-120.635 36.120  0.110269  0.110269
-120.255 35.695  0.057123  0.057123
-120.255 35.690  0.229834  0.229834
-120.515 35.975  0.238867  0.238867
-120.220 35.685  0.082909  0.082909
-121.065 36.445  0.126574  0.126574
-120.835 36.280  0.112361  0.112361
-120.325 35.790  0.078749  0.078749
-120.565 36.020  0.195016  0.195016
-120.280 35.700  0.345747  0.345747
-120.830 36.290  0.077855  0.077855
-120.550 36.020  0.143114  0.143114
-120.190 35.630  0.087222  0.087222
-120.075 35.530  0.112651  0.112651
-120.320 35.755  0.152121  0.152121
-120.720 36.210  0.138344  0.138344
-120.340 35.790  0.071405  0.071405
-120.745 36.200  0.111056  0.111056
-120.550 36.005  0.074638  0.074638
-120.515 35.980  0.250100  0.250100
-120.515 35.980  0.236999  0.236999
-120.140 35.640  0.033061  0.033061
-120.010 35.440  0.327486  0.327486
-120.325 35.780  0.091593  0.091593
-120.320 35.785  0.134776  0.134776
-120.175 35.665  0.059851  0.059851
-120.110 35.575  0.090302  0.090302
-120.670 36.140  0.078267  0.078267
-120.640 36.120  0.126927  0.126927
-120.175 35.610  0.105265  0.105265
-120.150 35.635  0.067964  0.067964
-120.115 35.505  0.158822  0.158822
-120.805 36.258  0.109294  0.109294
-120.295 35.730  0.416509  0.416509
-120.395 35.877  0.115264  0.115264
-120.110 35.540  0.094924  0.094924
-120.525 35.980  0.141676  0.141676
-120.335 35.785  0.143241  0.143241
-120.625 36.085  0.170363  0.170363
-120.735 36.180  0.103289  0.103289
-120.265 35.710  0.111837  0.111837
-120.245 35.670  0.083671  0.083671
-120.390 35.875  0.224218  0.224218
-120.725 36.175  0.144099  0.144099
-120.235 35.665  0.047385  0.047385
-120.790 36.230  0.061982  0.061982
-120.925 36.320  0.156517  0.156517
-120.315 35.735  0.302412  0.302412
-120.362 35.852  0.164458  0.164458
-120.185 35.620  0.165015  0.165015
-120.335 35.740  0.276405  0.276405
-120.325 35.745  0.225274  0.225274
-120.150 35.625  0.020439  0.020439
-120.205 35.635  0.046087  0.046087
-120.215 35.660  0.198518  0.198518
-120.265 35.675  0.340275  0.340275
-120.665 36.140  0.059106  0.059106
-120.360 35.852  0.098138  0.098138
-120.545 36.010  0.120562  0.120562
-120.427 35.845  0.140073  0.140073
-120.595 36.065  0.201251  0.201251
-120.650 36.100  0.052064  0.052064
-120.235 35.660  0.258994  0.258994
-120.630 36.120  0.173150  0.173150
-120.220 35.640  0.148842  0.148842
-120.540 35.995  0.078322  0.078322