-120.200 35.625 0.880412 0.880412
-120.240 35.680 0.767698 0.767698
-120.655 36.080 0.869771 0.869771
-120.640 36.120 0.812601 0.812601
-120.675 36.135 0.819816 0.819816
-120.340 35.765 0.857739 0.857739
-120.320 35.745 0.773525 0.773525
-120.690 36.135 0.818039 0.818039
-120.105 35.675 0.734254 0.734254
-120.280 35.720 0.764829 0.764829
-120.615 36.085 0.815578 0.815578
-120.645 36.095 0.846972 0.846972
-120.645 36.120 0.843044 0.843044
-120.585 36.055 0.816737 0.816737
-120.345 35.820 0.785702 0.785702
-120.220 35.700 0.753098 0.753098
-120.720 36.175 0.798993 0.798993
-120.575 36.005 0.894035 0.894035
-120.330 35.795 0.799697 0.799697
-120.530 36.005 0.877208 0.877208
-120.770 36.220 0.792482 0.792482
-121.080 36.435 0.805036 0.805036
-120.635 36.120 0.782664 0.782664
-120.255 35.695 0.759008 0.759008
-120.255 35.690 0.820040 0.820040
-120.515 35.975 0.853796 0.853796
-120.220 35.685 0.802381 0.802381
-121.065 36.445 0.808204 0.808204
-120.835 36.280 0.782488 0.782488
-120.325 35.790 0.796287 0.796287
-120.565 36.020 0.886892 0.886892
-120.280 35.700 0.854858 0.854858
-120.830 36.290 0.781523 0.781523
-120.550 36.020 0.831714 0.831714
-120.190 35.630 0.737748 0.737748
-120.075 35.530 0.769400 0.769400
-120.320 35.755 0.815633 0.815633
-120.720 36.210 0.803756 0.803756
-120.340 35.790 0.789483 0.789483
-120.745 36.200 0.763999 0.763999
-120.550 36.005 0.815618 0.815618
-120.515 35.980 0.873865 0.873865
-120.515 35.980 0.892161 0.892161
-120.140 35.640 0.734210 0.734210
-120.010 35.440 0.901709 0.901709
-120.325 35.780 0.789530 0.789530
-120.320 35.785 0.805401 0.805401
-120.175 35.665 0.780825 0.780825
-120.110 35.575 0.769713 0.769713
-120.670 36.140 0.793267 0.793267
-120.640 36.120 0.772761 0.772761
-120.175 35.610 0.758842 0.758842
-120.150 35.635 0.758243 0.758243
-120.115 35.505 0.797601 0.797601
-120.805 36.258 0.779524 0.779524
-120.295 35.730 0.871279 0.871279
-120.395 35.877 0.814435 0.814435
-120.110 35.540 0.765423 0.765423
-120.525 35.980 0.854023 0.854023
-120.335 35.785 0.811454 0.811454
-120.625 36.085 0.820506 0.820506
-120.735 36.180 0.785025 0.785025
-120.265 35.710 0.795367 0.795367
-120.245 35.670 0.751509 0.751509
-120.390 35.875 0.874027 0.874027
-120.725 36.175 0.798369 0.798369
-120.235 35.665 0.743362 0.743362
-120.790 36.230 0.804933 0.804933
-120.925 36.320 0.820311 0.820311
-120.315 35.735 0.879250 0.879250
-120.362 35.852 0.808340 0.808340
-120.185 35.620 0.781124 0.781124
-120.335 35.740 0.887500 0.887500
-120.325 35.745 0.881238 0.881238
-120.150 35.625 0.758083 0.758083
-120.205 35.635 0.734612 0.734612
-120.215 35.660 0.871785 0.871785
-120.265 35.675 0.879081 0.879081
-120.665 36.140 0.829243 0.829243
-120.360 35.852 0.788739 0.788739
-120.545 36.010 0.813342 0.813342
-120.427 35.845 0.852224 0.852224
-120.595 36.065 0.868705 0.868705
-120.650 36.100 0.870378 0.870378
-120.235 35.660 0.886794 0.886794
-120.630 36.120 0.830860 0.830860
-120.220 35.640 0.783127 0.783127
-120.540 35.995 0.797689 0.797689