-120.200 35.625 0.644064 0.644064
-120.240 35.680 0.555193 0.555193
-120.655 36.080 0.692698 0.692698
-120.640 36.120 0.627088 0.627088
-120.675 36.135 0.616929 0.616929
-120.340 35.765 0.654952 0.654952
-120.320 35.745 0.564080 0.564080
-120.690 36.135 0.613535 0.613535
-120.105 35.675 0.502113 0.502113
-120.280 35.720 0.550589 0.550589
-120.615 36.085 0.660220 0.660220
-120.645 36.095 0.642650 0.642650
-120.645 36.120 0.637110 0.637110
-120.585 36.055 0.623860 0.623860
-120.345 35.820 0.573171 0.573171
-120.220 35.700 0.521455 0.521455
-120.720 36.175 0.562015 0.562015
-120.575 36.005 0.721924 0.721924
-120.330 35.795 0.572002 0.572002
-120.530 36.005 0.725859 0.725859
-120.770 36.220 0.573680 0.573680
-121.080 36.435 0.545668 0.545668
-120.635 36.120 0.581382 0.581382
-120.255 35.695 0.540495 0.540495
-120.255 35.690 0.602922 0.602922
-120.515 35.975 0.707522 0.707522
-120.220 35.685 0.560854 0.560854
-121.065 36.445 0.553603 0.553603
-120.835 36.280 0.559963 0.559963
-120.325 35.790 0.574971 0.574971
-120.565 36.020 0.725616 0.725616
-120.280 35.700 0.627541 0.627541
-120.830 36.290 0.533513 0.533513
-120.550 36.020 0.636425 0.636425
-120.190 35.630 0.534165 0.534165
-120.075 35.530 0.562647 0.562647
-120.320 35.755 0.602915 0.602915
-120.720 36.210 0.612244 0.612244
-120.340 35.790 0.551849 0.551849
-120.745 36.200 0.543498 0.543498
-120.550 36.005 0.602412 0.602412
-120.515 35.980 0.718744 0.718744
-120.515 35.980 0.750407 0.750407
-120.140 35.640 0.516389 0.516389
-120.010 35.440 0.632108 0.632108
-120.325 35.780 0.588008 0.588008
-120.320 35.785 0.601465 0.601465
-120.175 35.665 0.555112 0.555112
-120.110 35.575 0.557923 0.557923
-120.670 36.140 0.580706 0.580706
-120.640 36.120 0.577712 0.577712
-120.175 35.610 0.559947 0.559947
-120.150 35.635 0.553872 0.553872
-120.115 35.505 0.579206 0.579206
-120.805 36.258 0.549058 0.549058
-120.295 35.730 0.654698 0.654698
-120.395 35.877 0.585535 0.585535
-120.110 35.540 0.568395 0.568395
-120.525 35.980 0.662899 0.662899
-120.335 35.785 0.592970 0.592970
-120.625 36.085 0.650415 0.650415
-120.735 36.180 0.567163 0.567163
-120.265 35.710 0.585936 0.585936
-120.245 35.670 0.535717 0.535717
-120.390 35.875 0.714548 0.714548
-120.725 36.175 0.578360 0.578360
-120.235 35.665 0.519539 0.519539
-120.790 36.230 0.542655 0.542655
-120.925 36.320 0.589513 0.589513
-120.315 35.735 0.672298 0.672298
-120.362 35.852 0.590725 0.590725
-120.185 35.620 0.576220 0.576220
-120.335 35.740 0.676519 0.676519
-120.325 35.745 0.681786 0.681786
-120.150 35.625 0.536817 0.536817
-120.205 35.635 0.523265 0.523265
-120.215 35.660 0.655834 0.655834
-120.265 35.675 0.656608 0.656608
-120.665 36.140 0.626912 0.626912
-120.360 35.852 0.582629 0.582629
-120.545 36.010 0.631089 0.631089
-120.427 35.845 0.678079 0.678079
-120.595 36.065 0.716183 0.716183
-120.650 36.100 0.676452 0.676452
-120.235 35.660 0.650216 0.650216
-120.630 36.120 0.659187 0.659187
-120.220 35.640 0.564106 0.564106
-120.540 35.995 0.596309 0.596309