-120.200 35.625  0.211656  0.211656
-120.240 35.680  0.015112  0.015112
-120.655 36.080  0.233542  0.233542
-120.640 36.120  0.114323  0.114323
-120.675 36.135  0.125716  0.125716
-120.340 35.765  0.147793  0.147793
-120.320 35.745  0.039469  0.039469
-120.690 36.135  0.079504  0.079504
-120.105 35.675 -0.042356 -0.042356
-120.280 35.720  0.044796  0.044796
-120.615 36.085  0.148786  0.148786
-120.645 36.095  0.138914  0.138914
-120.645 36.120  0.131744  0.131744
-120.585 36.055  0.071145  0.071145
-120.345 35.820 -0.003689 -0.003689
-120.220 35.700  0.001208  0.001208
-120.720 36.175  0.032567  0.032567
-120.575 36.005  0.174438  0.174438
-120.330 35.795  0.004216  0.004216
-120.530 36.005  0.186007  0.186007
-120.770 36.220  0.024059  0.024059
-121.080 36.435  0.030470  0.030470
-120.635 36.120  0.028443  0.028443
-120.255 35.695  0.016942  0.016942
-120.255 35.690  0.133106  0.133106
-120.515 35.975  0.120435  0.120435
-120.220 35.685  0.037087  0.037087
-121.065 36.445  0.024774  0.024774
-120.835 36.280  0.023639  0.023639
-120.325 35.790  0.006201  0.006201
-120.565 36.020  0.179657  0.179657
-120.280 35.700  0.194310  0.194310
-120.830 36.290  0.014157  0.014157
-120.550 36.020  0.100302  0.100302
-120.190 35.630  0.014069  0.014069
-120.075 35.530  0.050169  0.050169
-120.320 35.755  0.093366  0.093366
-120.720 36.210  0.067599  0.067599
-120.340 35.790  0.005911  0.005911
-120.745 36.200  0.037876  0.037876
-120.550 36.005  0.055246  0.055246
-120.515 35.980  0.173148  0.173148
-120.515 35.980  0.205385  0.205385
-120.140 35.640  0.000994  0.000994
-120.010 35.440  0.204880  0.204880
-120.325 35.780  0.025006  0.025006
-120.320 35.785  0.031934  0.031934
-120.175 35.665  0.004793  0.004793
-120.110 35.575 -0.006098 -0.006098
-120.670 36.140  0.046443  0.046443
-120.640 36.120  0.029955  0.029955
-120.175 35.610  0.008815  0.008815
-120.150 35.635  0.011763  0.011763
-120.115 35.505  0.043061  0.043061
-120.805 36.258  0.017822  0.017822
-120.295 35.730  0.220237  0.220237
-120.395 35.877  0.030033  0.030033
-120.110 35.540 -0.015521 -0.015521
-120.525 35.980  0.072172  0.072172
-120.335 35.785  0.029788  0.029788
-120.625 36.085  0.134920  0.134920
-120.735 36.180  0.044893  0.044893
-120.265 35.710  0.023999  0.023999
-120.245 35.670  0.024391  0.024391
-120.390 35.875  0.187542  0.187542
-120.725 36.175  0.048161  0.048161
-120.235 35.665  0.014630  0.014630
-120.790 36.230  0.018292  0.018292
-120.925 36.320  0.039390  0.039390
-120.315 35.735  0.225157  0.225157
-120.362 35.852 -0.001670 -0.001670
-120.185 35.620  0.079388  0.079388
-120.335 35.740  0.240666  0.240666
-120.325 35.745  0.227569  0.227569
-120.150 35.625  0.025760  0.025760
-120.205 35.635 -0.003191 -0.003191
-120.215 35.660  0.186238  0.186238
-120.265 35.675  0.218843  0.218843
-120.665 36.140  0.112313  0.112313
-120.360 35.852  0.002120  0.002120
-120.545 36.010  0.086427  0.086427
-120.427 35.845  0.161792  0.161792
-120.595 36.065  0.197164  0.197164
-120.650 36.100  0.223140  0.223140
-120.235 35.660  0.218628  0.218628
-120.630 36.120  0.144768  0.144768
-120.220 35.640  0.058176  0.058176
-120.540 35.995  0.069241  0.069241