-1.228299999999999983e+02 4.809000000000000341e+01 3.513279999999999736e-01
-1.229200000000000017e+02 4.807999999999999829e+01 3.126579999999999915e-01
-1.229000000000000057e+02 4.793999999999999773e+01 2.844729999999999759e-01
-1.232399999999999949e+02 4.770000000000000284e+01 9.396599999999999397e-02
-1.229500000000000028e+02 4.777000000000000313e+01 1.400500000000000078e-01
-1.231899999999999977e+02 4.777000000000000313e+01 1.560229999999999950e-01
-1.228900000000000006e+02 4.790999999999999659e+01 2.292099999999999971e-01
-1.232099999999999937e+02 4.778000000000000114e+01 1.699499999999999900e-01
-1.229800000000000040e+02 4.793999999999999773e+01 2.945639999999999925e-01
-1.229975589999999954e+02 4.791572699999999685e+01 2.181009999999999893e-01
-1.229943360000000041e+02 4.791385100000000108e+01 2.379600000000000048e-01
-1.226400000000000006e+02 4.789000000000000057e+01 4.422809999999999797e-01
-1.232037600000000026e+02 4.793848100000000301e+01 1.211369999999999947e-01
-1.229899999999999949e+02 4.795000000000000284e+01 2.576829999999999954e-01
-1.229800000000000040e+02 4.793999999999999773e+01 3.079319999999999835e-01
-1.229500000000000028e+02 4.800999999999999801e+01 2.885090000000000154e-01
-1.228900000000000006e+02 4.800000000000000000e+01 3.032429999999999848e-01
-1.233499999999999943e+02 4.821000000000000085e+01 9.694500000000000339e-02
-1.229429930000000013e+02 4.792354699999999923e+01 2.427370000000000083e-01
-1.229678550000000001e+02 4.791745999999999839e+01 2.787419999999999898e-01
-1.229879070000000070e+02 4.789626899999999665e+01 2.456820000000000115e-01
-1.229690590000000014e+02 4.798274700000000337e+01 2.646279999999999744e-01
-1.232444090000000045e+02 4.793142100000000028e+01 1.175879999999999981e-01
-1.229291259999999966e+02 4.801527899999999960e+01 2.842009999999999814e-01
-1.232540359999999993e+02 4.795810099999999920e+01 1.888759999999999883e-01
-1.231963700000000017e+02 4.799261899999999770e+01 1.923179999999999890e-01
-1.231745439999999974e+02 4.802348200000000134e+01 1.282590000000000119e-01
-1.231903480000000002e+02 4.800617299999999688e+01 2.187360000000000138e-01
-1.234000000000000057e+02 4.795000000000000284e+01 1.009560000000000041e-01
-1.229921789999999930e+02 4.803511100000000056e+01 2.278999999999999915e-01
-1.232765219999999999e+02 4.801750899999999689e+01 1.276170000000000082e-01
-1.229331789999999955e+02 4.805463499999999755e+01 2.500560000000000005e-01
-1.232156169999999946e+02 4.798483099999999979e+01 1.444179999999999908e-01
-1.230011230000000069e+02 4.791368400000000349e+01 2.166430000000000022e-01
-1.231578039999999987e+02 4.810874799999999851e+01 1.984889999999999988e-01
-1.229500000000000028e+02 4.828999999999999915e+01 2.790920000000000067e-01
-1.231211019999999934e+02 4.813885499999999951e+01 1.599409999999999998e-01
-1.230199999999999960e+02 4.829999999999999716e+01 2.724670000000000147e-01
-1.231461589999999973e+02 4.811612099999999970e+01 1.738790000000000058e-01
-1.231532229999999970e+02 4.810959499999999878e+01 1.914270000000000138e-01
-1.231355389999999943e+02 4.816210499999999683e+01 2.055690000000000017e-01
-1.231587650000000025e+02 4.816783900000000074e+01 1.396890000000000076e-01
-1.231375160000000051e+02 4.811641800000000302e+01 2.060599999999999932e-01
-1.230848139999999944e+02 4.814991899999999703e+01 2.657129999999999770e-01
-1.231199710000000067e+02 4.813898100000000113e+01 1.664710000000000079e-01
-1.230000000000000000e+02 4.796000000000000085e+01 2.743670000000000275e-01
-1.230000000000000000e+02 4.796000000000000085e+01 2.660469999999999779e-01
-1.230000000000000000e+02 4.789999999999999858e+01 2.208559999999999968e-01
-1.230199999999999960e+02 4.795000000000000284e+01 2.874749999999999805e-01
-1.229800000000000040e+02 4.793999999999999773e+01 2.693769999999999776e-01
-1.229200000000000017e+02 4.797999999999999687e+01 2.740429999999999811e-01
-1.232800000000000011e+02 4.772999999999999687e+01 1.412080000000000002e-01
-1.230100000000000051e+02 4.793999999999999773e+01 2.363439999999999985e-01
-1.230199999999999960e+02 4.803999999999999915e+01 1.828059999999999963e-01
-1.234000000000000057e+02 4.821000000000000085e+01 1.057889999999999942e-01
-1.229300000000000068e+02 4.800000000000000000e+01 2.329569999999999974e-01
-1.232500000000000000e+02 4.802000000000000313e+01 1.892479999999999996e-01
-1.228799999999999955e+02 4.800999999999999801e+01 2.906259999999999954e-01
-1.229500000000000028e+02 4.793999999999999773e+01 2.015049999999999897e-01
-1.229200000000000017e+02 4.799000000000000199e+01 3.547890000000000210e-01
-1.229599999999999937e+02 4.795000000000000284e+01 2.840150000000000174e-01
-1.229300000000000068e+02 4.796000000000000085e+01 2.701939999999999897e-01
-1.229699999999999989e+02 4.793999999999999773e+01 2.962080000000000268e-01
-1.228900000000000006e+02 4.796000000000000085e+01 3.708159999999999790e-01
-1.229300000000000068e+02 4.827000000000000313e+01 2.679139999999999855e-01
-1.226299999999999955e+02 4.789000000000000057e+01 4.528139999999999943e-01
-1.226800000000000068e+02 4.786999999999999744e+01 4.478389999999999871e-01
-1.228799999999999955e+02 4.799000000000000199e+01 3.220390000000000197e-01
-1.228900000000000006e+02 4.810000000000000142e+01 3.453620000000000023e-01
