-1.228299999999999983e+02 4.809000000000000341e+01 3.142099999999999893e-01
-1.229200000000000017e+02 4.807999999999999829e+01 3.063699999999999757e-01
-1.229000000000000057e+02 4.793999999999999773e+01 2.823990000000000111e-01
-1.232399999999999949e+02 4.770000000000000284e+01 2.258439999999999892e-01
-1.229500000000000028e+02 4.777000000000000313e+01 2.317120000000000013e-01
-1.231899999999999977e+02 4.777000000000000313e+01 2.583500000000000241e-01
-1.228900000000000006e+02 4.790999999999999659e+01 2.711790000000000034e-01
-1.232099999999999937e+02 4.778000000000000114e+01 2.602610000000000201e-01
-1.229800000000000040e+02 4.793999999999999773e+01 2.790329999999999755e-01
-1.229975589999999954e+02 4.791572699999999685e+01 2.737530000000000241e-01
-1.229943360000000041e+02 4.791385100000000108e+01 2.817970000000000197e-01
-1.226400000000000006e+02 4.789000000000000057e+01 2.545229999999999992e-01
-1.232037600000000026e+02 4.793848100000000301e+01 2.203170000000000128e-01
-1.229899999999999949e+02 4.795000000000000284e+01 2.799400000000000222e-01
-1.229800000000000040e+02 4.793999999999999773e+01 2.842500000000000027e-01
-1.229500000000000028e+02 4.800999999999999801e+01 2.932710000000000039e-01
-1.228900000000000006e+02 4.800000000000000000e+01 2.718709999999999738e-01
-1.233499999999999943e+02 4.821000000000000085e+01 2.295959999999999945e-01
-1.229429930000000013e+02 4.792354699999999923e+01 2.505279999999999729e-01
-1.229678550000000001e+02 4.791745999999999839e+01 2.644889999999999741e-01
-1.229879070000000070e+02 4.789626899999999665e+01 2.726029999999999842e-01
-1.229690590000000014e+02 4.798274700000000337e+01 2.696729999999999960e-01
-1.232444090000000045e+02 4.793142100000000028e+01 2.404709999999999903e-01
-1.229291259999999966e+02 4.801527899999999960e+01 2.820360000000000089e-01
-1.232540359999999993e+02 4.795810099999999920e+01 2.572079999999999922e-01
-1.231963700000000017e+02 4.799261899999999770e+01 2.627120000000000011e-01
-1.231745439999999974e+02 4.802348200000000134e+01 2.353969999999999951e-01
-1.231903480000000002e+02 4.800617299999999688e+01 2.894209999999999838e-01
-1.234000000000000057e+02 4.795000000000000284e+01 1.937029999999999863e-01
-1.229921789999999930e+02 4.803511100000000056e+01 2.295280000000000098e-01
-1.232765219999999999e+02 4.801750899999999689e+01 2.309440000000000104e-01
-1.229331789999999955e+02 4.805463499999999755e+01 2.801549999999999874e-01
-1.232156169999999946e+02 4.798483099999999979e+01 2.557249999999999801e-01
-1.230011230000000069e+02 4.791368400000000349e+01 2.777089999999999836e-01
-1.231578039999999987e+02 4.810874799999999851e+01 2.839940000000000242e-01
-1.229500000000000028e+02 4.828999999999999915e+01 2.750699999999999812e-01
-1.231211019999999934e+02 4.813885499999999951e+01 2.555299999999999794e-01
-1.230199999999999960e+02 4.829999999999999716e+01 2.599529999999999896e-01
-1.231461589999999973e+02 4.811612099999999970e+01 2.812259999999999760e-01
-1.231532229999999970e+02 4.810959499999999878e+01 2.806830000000000158e-01
-1.231355389999999943e+02 4.816210499999999683e+01 2.195729999999999904e-01
-1.231587650000000025e+02 4.816783900000000074e+01 2.181009999999999893e-01
-1.231375160000000051e+02 4.811641800000000302e+01 2.836480000000000112e-01
-1.230848139999999944e+02 4.814991899999999703e+01 2.611490000000000200e-01
-1.231199710000000067e+02 4.813898100000000113e+01 2.540839999999999765e-01
-1.230000000000000000e+02 4.796000000000000085e+01 2.792830000000000035e-01
-1.230000000000000000e+02 4.796000000000000085e+01 2.757200000000000206e-01
-1.230000000000000000e+02 4.789999999999999858e+01 2.496500000000000108e-01
-1.230199999999999960e+02 4.795000000000000284e+01 2.864059999999999939e-01
-1.229800000000000040e+02 4.793999999999999773e+01 2.720339999999999980e-01
-1.229200000000000017e+02 4.797999999999999687e+01 2.425319999999999976e-01
-1.232800000000000011e+02 4.772999999999999687e+01 2.162719999999999920e-01
-1.230100000000000051e+02 4.793999999999999773e+01 2.679980000000000140e-01
-1.230199999999999960e+02 4.803999999999999915e+01 2.109409999999999896e-01
-1.234000000000000057e+02 4.821000000000000085e+01 2.186879999999999935e-01
-1.229300000000000068e+02 4.800000000000000000e+01 2.531499999999999861e-01
-1.232500000000000000e+02 4.802000000000000313e+01 2.332309999999999939e-01
-1.228799999999999955e+02 4.800999999999999801e+01 2.608240000000000003e-01
-1.229500000000000028e+02 4.793999999999999773e+01 2.309879999999999989e-01
-1.229200000000000017e+02 4.799000000000000199e+01 2.878450000000000175e-01
-1.229599999999999937e+02 4.795000000000000284e+01 2.761919999999999931e-01
-1.229300000000000068e+02 4.796000000000000085e+01 2.872140000000000248e-01
-1.229699999999999989e+02 4.793999999999999773e+01 2.737290000000000001e-01
-1.228900000000000006e+02 4.796000000000000085e+01 3.020470000000000099e-01
-1.229300000000000068e+02 4.827000000000000313e+01 2.457809999999999995e-01
-1.226299999999999955e+02 4.789000000000000057e+01 2.560419999999999918e-01
-1.226800000000000068e+02 4.786999999999999744e+01 2.540200000000000236e-01
-1.228799999999999955e+02 4.799000000000000199e+01 2.893490000000000228e-01
-1.228900000000000006e+02 4.810000000000000142e+01 3.351580000000000115e-01
