-1.228299999999999983e+02 4.809000000000000341e+01 9.798649999999999860e-01
-1.229200000000000017e+02 4.807999999999999829e+01 9.824920000000000320e-01
-1.229000000000000057e+02 4.793999999999999773e+01 9.787200000000000344e-01
-1.232399999999999949e+02 4.770000000000000284e+01 9.858320000000000416e-01
-1.229500000000000028e+02 4.777000000000000313e+01 9.894680000000000142e-01
-1.231899999999999977e+02 4.777000000000000313e+01 9.885469999999999535e-01
-1.228900000000000006e+02 4.790999999999999659e+01 9.840119999999999978e-01
-1.232099999999999937e+02 4.778000000000000114e+01 9.888179999999999747e-01
-1.229800000000000040e+02 4.793999999999999773e+01 9.821990000000000443e-01
-1.229975589999999954e+02 4.791572699999999685e+01 9.857719999999999816e-01
-1.229943360000000041e+02 4.791385100000000108e+01 9.855380000000000251e-01
-1.226400000000000006e+02 4.789000000000000057e+01 9.320760000000000156e-01
-1.232037600000000026e+02 4.793848100000000301e+01 9.837580000000000213e-01
-1.229899999999999949e+02 4.795000000000000284e+01 9.765930000000000444e-01
-1.229800000000000040e+02 4.793999999999999773e+01 9.777780000000000360e-01
-1.229500000000000028e+02 4.800999999999999801e+01 9.800590000000000135e-01
-1.228900000000000006e+02 4.800000000000000000e+01 9.749560000000000448e-01
-1.233499999999999943e+02 4.821000000000000085e+01 9.772600000000000176e-01
-1.229429930000000013e+02 4.792354699999999923e+01 9.851579999999999782e-01
-1.229678550000000001e+02 4.791745999999999839e+01 9.856669999999999598e-01
-1.229879070000000070e+02 4.789626899999999665e+01 9.873290000000000122e-01
-1.229690590000000014e+02 4.798274700000000337e+01 9.826369999999999827e-01
-1.232444090000000045e+02 4.793142100000000028e+01 9.874509999999999676e-01
-1.229291259999999966e+02 4.801527899999999960e+01 9.832980000000000054e-01
-1.232540359999999993e+02 4.795810099999999920e+01 9.883269999999999555e-01
-1.231963700000000017e+02 4.799261899999999770e+01 9.875289999999999901e-01
-1.231745439999999974e+02 4.802348200000000134e+01 9.856479999999999686e-01
-1.231903480000000002e+02 4.800617299999999688e+01 9.856380000000000141e-01
-1.234000000000000057e+02 4.795000000000000284e+01 9.816589999999999483e-01
-1.229921789999999930e+02 4.803511100000000056e+01 9.799330000000000540e-01
-1.232765219999999999e+02 4.801750899999999689e+01 9.856040000000000356e-01
-1.229331789999999955e+02 4.805463499999999755e+01 9.854690000000000394e-01
-1.232156169999999946e+02 4.798483099999999979e+01 9.865369999999999973e-01
-1.230011230000000069e+02 4.791368400000000349e+01 9.860959999999999726e-01
-1.231578039999999987e+02 4.810874799999999851e+01 9.829780000000000184e-01
-1.229500000000000028e+02 4.828999999999999915e+01 9.762659999999999672e-01
-1.231211019999999934e+02 4.813885499999999951e+01 9.835610000000000186e-01
-1.230199999999999960e+02 4.829999999999999716e+01 9.765939999999999621e-01
-1.231461589999999973e+02 4.811612099999999970e+01 9.836529999999999996e-01
-1.231532229999999970e+02 4.810959499999999878e+01 9.834699999999999553e-01
-1.231355389999999943e+02 4.816210499999999683e+01 9.718729999999999869e-01
-1.231587650000000025e+02 4.816783900000000074e+01 9.763389999999999569e-01
-1.231375160000000051e+02 4.811641800000000302e+01 9.843899999999999872e-01
-1.230848139999999944e+02 4.814991899999999703e+01 9.808350000000000124e-01
-1.231199710000000067e+02 4.813898100000000113e+01 9.841999999999999638e-01
-1.230000000000000000e+02 4.796000000000000085e+01 9.823439999999999950e-01
-1.230000000000000000e+02 4.796000000000000085e+01 9.825490000000000057e-01
-1.230000000000000000e+02 4.789999999999999858e+01 9.863469999999999738e-01
-1.230199999999999960e+02 4.795000000000000284e+01 9.829510000000000192e-01
-1.229800000000000040e+02 4.793999999999999773e+01 9.817310000000000203e-01
-1.229200000000000017e+02 4.797999999999999687e+01 9.787360000000000504e-01
-1.232800000000000011e+02 4.772999999999999687e+01 9.859949999999999548e-01
-1.230100000000000051e+02 4.793999999999999773e+01 9.843859999999999832e-01
-1.230199999999999960e+02 4.803999999999999915e+01 9.763730000000000464e-01
-1.234000000000000057e+02 4.821000000000000085e+01 9.763260000000000272e-01
-1.229300000000000068e+02 4.800000000000000000e+01 9.811370000000000369e-01
-1.232500000000000000e+02 4.802000000000000313e+01 9.836080000000000378e-01
-1.228799999999999955e+02 4.800999999999999801e+01 9.759710000000000329e-01
-1.229500000000000028e+02 4.793999999999999773e+01 9.754389999999999450e-01
-1.229200000000000017e+02 4.799000000000000199e+01 9.971320000000000183e-01
-1.229599999999999937e+02 4.795000000000000284e+01 9.798130000000000450e-01
-1.229300000000000068e+02 4.796000000000000085e+01 9.766960000000000086e-01
-1.229699999999999989e+02 4.793999999999999773e+01 9.814720000000000111e-01
-1.228900000000000006e+02 4.796000000000000085e+01 9.754880000000000217e-01
-1.229300000000000068e+02 4.827000000000000313e+01 9.603939999999999699e-01
-1.226299999999999955e+02 4.789000000000000057e+01 9.289269999999999472e-01
-1.226800000000000068e+02 4.786999999999999744e+01 9.330619999999999470e-01
-1.228799999999999955e+02 4.799000000000000199e+01 9.738170000000000437e-01
-1.228900000000000006e+02 4.810000000000000142e+01 9.806550000000000544e-01
