-1.228299999999999983e+02 4.809000000000000341e+01 9.464939999999999465e-01
-1.229200000000000017e+02 4.807999999999999829e+01 1.108490000000000031e-01
-1.229000000000000057e+02 4.793999999999999773e+01 1.005410000000000054e-01
-1.232399999999999949e+02 4.770000000000000284e+01 5.930940000000000101e-01
-1.229500000000000028e+02 4.777000000000000313e+01 1.229128999999999916e+00
-1.231899999999999977e+02 4.777000000000000313e+01 9.840050000000000185e-01
-1.228900000000000006e+02 4.790999999999999659e+01 1.523450000000000082e-01
-1.232099999999999937e+02 4.778000000000000114e+01 1.308583999999999969e+00
-1.229800000000000040e+02 4.793999999999999773e+01 1.303940000000000099e-01
-1.229975589999999954e+02 4.791572699999999685e+01 5.339499999999999802e-02
-1.229943360000000041e+02 4.791385100000000108e+01 3.873999999999999666e-02
-1.226400000000000006e+02 4.789000000000000057e+01 1.400839999999999863e-01
-1.232037600000000026e+02 4.793848100000000301e+01 4.624170000000000225e-01
-1.229899999999999949e+02 4.795000000000000284e+01 1.409910000000000052e-01
-1.229800000000000040e+02 4.793999999999999773e+01 1.205910000000000037e-01
-1.229500000000000028e+02 4.800999999999999801e+01 3.826299999999999840e-02
-1.228900000000000006e+02 4.800000000000000000e+01 1.166880000000000001e-01
-1.233499999999999943e+02 4.821000000000000085e+01 3.600800000000000112e-01
-1.229429930000000013e+02 4.792354699999999923e+01 2.322000000000000106e-02
-1.229678550000000001e+02 4.791745999999999839e+01 -8.227999999999999203e-03
-1.229879070000000070e+02 4.789626899999999665e+01 1.143990000000000007e-01
-1.229690590000000014e+02 4.798274700000000337e+01 1.748820000000000097e-01
-1.232444090000000045e+02 4.793142100000000028e+01 3.854719999999999813e-01
-1.229291259999999966e+02 4.801527899999999960e+01 3.834599999999999814e-02
-1.232540359999999993e+02 4.795810099999999920e+01 3.022880000000000011e-01
-1.231963700000000017e+02 4.799261899999999770e+01 1.133415999999999979e+00
-1.231745439999999974e+02 4.802348200000000134e+01 4.645819999999999950e-01
-1.231903480000000002e+02 4.800617299999999688e+01 8.171929999999999472e-01
-1.234000000000000057e+02 4.795000000000000284e+01 6.837539999999999729e-01
-1.229921789999999930e+02 4.803511100000000056e+01 4.440040000000000098e-01
-1.232765219999999999e+02 4.801750899999999689e+01 5.358359999999999790e-01
-1.229331789999999955e+02 4.805463499999999755e+01 5.874399999999999761e-02
-1.232156169999999946e+02 4.798483099999999979e+01 3.950250000000000150e-01
-1.230011230000000069e+02 4.791368400000000349e+01 1.234660000000000063e-01
-1.231578039999999987e+02 4.810874799999999851e+01 2.568610000000000060e-01
-1.229500000000000028e+02 4.828999999999999915e+01 6.465370000000000283e-01
-1.231211019999999934e+02 4.813885499999999951e+01 4.764959999999999751e-01
-1.230199999999999960e+02 4.829999999999999716e+01 7.135590000000000543e-01
-1.231461589999999973e+02 4.811612099999999970e+01 1.215967999999999938e+00
-1.231532229999999970e+02 4.810959499999999878e+01 8.581140000000000434e-01
-1.231355389999999943e+02 4.816210499999999683e+01 8.446759999999999824e-01
-1.231587650000000025e+02 4.816783900000000074e+01 4.459489999999999843e-01
-1.231375160000000051e+02 4.811641800000000302e+01 1.175300999999999929e+00
-1.230848139999999944e+02 4.814991899999999703e+01 1.619315000000000060e+00
-1.231199710000000067e+02 4.813898100000000113e+01 7.079919999999999547e-01
-1.230000000000000000e+02 4.796000000000000085e+01 1.031740000000000018e-01
-1.230000000000000000e+02 4.796000000000000085e+01 9.768599999999999506e-02
-1.230000000000000000e+02 4.789999999999999858e+01 1.143320000000000031e-01
-1.230199999999999960e+02 4.795000000000000284e+01 1.447380000000000055e-01
-1.229800000000000040e+02 4.793999999999999773e+01 1.410710000000000020e-01
-1.229200000000000017e+02 4.797999999999999687e+01 8.920100000000000251e-02
-1.232800000000000011e+02 4.772999999999999687e+01 5.058030000000000026e-01
-1.230100000000000051e+02 4.793999999999999773e+01 4.056499999999999689e-02
-1.230199999999999960e+02 4.803999999999999915e+01 1.190569999999999962e-01
-1.234000000000000057e+02 4.821000000000000085e+01 4.420069999999999832e-01
-1.229300000000000068e+02 4.800000000000000000e+01 2.632699999999999971e-02
-1.232500000000000000e+02 4.802000000000000313e+01 1.182300000000000018e-01
-1.228799999999999955e+02 4.800999999999999801e+01 9.574799999999999978e-02
-1.229500000000000028e+02 4.793999999999999773e+01 9.660000000000000531e-02
-1.229200000000000017e+02 4.799000000000000199e+01 3.051731000000000193e+00
-1.229599999999999937e+02 4.795000000000000284e+01 1.161439999999999972e-01
-1.229300000000000068e+02 4.796000000000000085e+01 1.350349999999999884e-01
-1.229699999999999989e+02 4.793999999999999773e+01 1.130199999999999955e-01
-1.228900000000000006e+02 4.796000000000000085e+01 1.230819999999999970e-01
-1.229300000000000068e+02 4.827000000000000313e+01 5.805129999999999457e-01
-1.226299999999999955e+02 4.789000000000000057e+01 1.739130000000000120e-01
-1.226800000000000068e+02 4.786999999999999744e+01 2.394380000000000119e-01
-1.228799999999999955e+02 4.799000000000000199e+01 1.199130000000000057e-01
-1.228900000000000006e+02 4.810000000000000142e+01 5.621599999999999930e-01
