-1.228299999999999983e+02 4.809000000000000341e+01 7.244460000000000344e-01
-1.229200000000000017e+02 4.807999999999999829e+01 7.204469999999999485e-01
-1.229000000000000057e+02 4.793999999999999773e+01 6.889610000000000456e-01
-1.232399999999999949e+02 4.770000000000000284e+01 7.398000000000000131e-01
-1.229500000000000028e+02 4.777000000000000313e+01 7.123439999999999772e-01
-1.231899999999999977e+02 4.777000000000000313e+01 7.330229999999999801e-01
-1.228900000000000006e+02 4.790999999999999659e+01 7.088830000000000409e-01
-1.232099999999999937e+02 4.778000000000000114e+01 7.299750000000000405e-01
-1.229800000000000040e+02 4.793999999999999773e+01 7.067170000000000396e-01
-1.229975589999999954e+02 4.791572699999999685e+01 7.169670000000000210e-01
-1.229943360000000041e+02 4.791385100000000108e+01 7.207350000000000145e-01
-1.226400000000000006e+02 4.789000000000000057e+01 6.028940000000000410e-01
-1.232037600000000026e+02 4.793848100000000301e+01 7.113150000000000306e-01
-1.229899999999999949e+02 4.795000000000000284e+01 7.029459999999999598e-01
-1.229800000000000040e+02 4.793999999999999773e+01 6.979880000000000528e-01
-1.229500000000000028e+02 4.800999999999999801e+01 7.149199999999999999e-01
-1.228900000000000006e+02 4.800000000000000000e+01 6.839880000000000404e-01
-1.233499999999999943e+02 4.821000000000000085e+01 7.256629999999999470e-01
-1.229429930000000013e+02 4.792354699999999923e+01 6.867900000000000116e-01
-1.229678550000000001e+02 4.791745999999999839e+01 7.026780000000000248e-01
-1.229879070000000070e+02 4.789626899999999665e+01 7.084359999999999546e-01
-1.229690590000000014e+02 4.798274700000000337e+01 6.946839999999999682e-01
-1.232444090000000045e+02 4.793142100000000028e+01 7.377420000000000089e-01
-1.229291259999999966e+02 4.801527899999999960e+01 7.033709999999999685e-01
-1.232540359999999993e+02 4.795810099999999920e+01 7.376740000000000519e-01
-1.231963700000000017e+02 4.799261899999999770e+01 7.153169999999999806e-01
-1.231745439999999974e+02 4.802348200000000134e+01 7.041209999999999969e-01
-1.231903480000000002e+02 4.800617299999999688e+01 7.409780000000000255e-01
-1.234000000000000057e+02 4.795000000000000284e+01 6.907569999999999544e-01
-1.229921789999999930e+02 4.803511100000000056e+01 6.822399999999999576e-01
-1.232765219999999999e+02 4.801750899999999689e+01 7.219640000000000502e-01
-1.229331789999999955e+02 4.805463499999999755e+01 7.057419999999999805e-01
-1.232156169999999946e+02 4.798483099999999979e+01 7.369670000000000387e-01
-1.230011230000000069e+02 4.791368400000000349e+01 7.218149999999999844e-01
-1.231578039999999987e+02 4.810874799999999851e+01 7.305869999999999864e-01
-1.229500000000000028e+02 4.828999999999999915e+01 6.775740000000000096e-01
-1.231211019999999934e+02 4.813885499999999951e+01 7.117400000000000393e-01
-1.230199999999999960e+02 4.829999999999999716e+01 6.763949999999999685e-01
-1.231461589999999973e+02 4.811612099999999970e+01 7.334680000000000089e-01
-1.231532229999999970e+02 4.810959499999999878e+01 7.317590000000000483e-01
-1.231355389999999943e+02 4.816210499999999683e+01 6.796740000000000004e-01
-1.231587650000000025e+02 4.816783900000000074e+01 7.006499999999999950e-01
-1.231375160000000051e+02 4.811641800000000302e+01 7.327700000000000324e-01
-1.230848139999999944e+02 4.814991899999999703e+01 7.123800000000000132e-01
-1.231199710000000067e+02 4.813898100000000113e+01 7.090659999999999741e-01
-1.230000000000000000e+02 4.796000000000000085e+01 6.961870000000000003e-01
-1.230000000000000000e+02 4.796000000000000085e+01 6.944000000000000172e-01
-1.230000000000000000e+02 4.789999999999999858e+01 7.173990000000000089e-01
-1.230199999999999960e+02 4.795000000000000284e+01 6.966790000000000482e-01
-1.229800000000000040e+02 4.793999999999999773e+01 6.930629999999999846e-01
-1.229200000000000017e+02 4.797999999999999687e+01 6.649770000000000403e-01
-1.232800000000000011e+02 4.772999999999999687e+01 7.134509999999999463e-01
-1.230100000000000051e+02 4.793999999999999773e+01 6.844120000000000203e-01
-1.230199999999999960e+02 4.803999999999999915e+01 6.614449999999999497e-01
-1.234000000000000057e+02 4.821000000000000085e+01 7.301199999999999912e-01
-1.229300000000000068e+02 4.800000000000000000e+01 7.005639999999999645e-01
-1.232500000000000000e+02 4.802000000000000313e+01 7.029279999999999973e-01
-1.228799999999999955e+02 4.800999999999999801e+01 6.789469999999999672e-01
-1.229500000000000028e+02 4.793999999999999773e+01 6.600979999999999626e-01
-1.229200000000000017e+02 4.799000000000000199e+01 6.961110000000000353e-01
-1.229599999999999937e+02 4.795000000000000284e+01 6.882519999999999749e-01
-1.229300000000000068e+02 4.796000000000000085e+01 6.869410000000000238e-01
-1.229699999999999989e+02 4.793999999999999773e+01 6.954230000000000134e-01
-1.228900000000000006e+02 4.796000000000000085e+01 6.822850000000000303e-01
-1.229300000000000068e+02 4.827000000000000313e+01 6.552120000000000166e-01
-1.226299999999999955e+02 4.789000000000000057e+01 6.061950000000000394e-01
-1.226800000000000068e+02 4.786999999999999744e+01 6.029889999999999972e-01
-1.228799999999999955e+02 4.799000000000000199e+01 6.824160000000000226e-01
-1.228900000000000006e+02 4.810000000000000142e+01 7.297339999999999938e-01
