-1.228299999999999983e+02 4.809000000000000341e+01 2.244460000000000066e-01
-1.229200000000000017e+02 4.807999999999999829e+01 2.204470000000000041e-01
-1.229000000000000057e+02 4.793999999999999773e+01 1.889609999999999901e-01
-1.232399999999999949e+02 4.770000000000000284e+01 2.398000000000000131e-01
-1.229500000000000028e+02 4.777000000000000313e+01 2.123440000000000050e-01
-1.231899999999999977e+02 4.777000000000000313e+01 2.330230000000000079e-01
-1.228900000000000006e+02 4.790999999999999659e+01 2.088830000000000131e-01
-1.232099999999999937e+02 4.778000000000000114e+01 2.299750000000000127e-01
-1.229800000000000040e+02 4.793999999999999773e+01 2.067170000000000119e-01
-1.229975589999999954e+02 4.791572699999999685e+01 2.169669999999999932e-01
-1.229943360000000041e+02 4.791385100000000108e+01 2.207349999999999868e-01
-1.226400000000000006e+02 4.789000000000000057e+01 1.028939999999999994e-01
-1.232037600000000026e+02 4.793848100000000301e+01 2.113150000000000028e-01
-1.229899999999999949e+02 4.795000000000000284e+01 2.029459999999999875e-01
-1.229800000000000040e+02 4.793999999999999773e+01 1.979879999999999973e-01
-1.229500000000000028e+02 4.800999999999999801e+01 2.149199999999999999e-01
-1.228900000000000006e+02 4.800000000000000000e+01 1.839880000000000126e-01
-1.233499999999999943e+02 4.821000000000000085e+01 2.256630000000000025e-01
-1.229429930000000013e+02 4.792354699999999923e+01 1.867900000000000116e-01
-1.229678550000000001e+02 4.791745999999999839e+01 2.026779999999999970e-01
-1.229879070000000070e+02 4.789626899999999665e+01 2.084360000000000102e-01
-1.229690590000000014e+02 4.798274700000000337e+01 1.946839999999999959e-01
-1.232444090000000045e+02 4.793142100000000028e+01 2.377420000000000089e-01
-1.229291259999999966e+02 4.801527899999999960e+01 2.033709999999999962e-01
-1.232540359999999993e+02 4.795810099999999920e+01 2.376739999999999964e-01
-1.231963700000000017e+02 4.799261899999999770e+01 2.153170000000000084e-01
-1.231745439999999974e+02 4.802348200000000134e+01 2.041209999999999969e-01
-1.231903480000000002e+02 4.800617299999999688e+01 2.409779999999999978e-01
-1.234000000000000057e+02 4.795000000000000284e+01 1.907570000000000099e-01
-1.229921789999999930e+02 4.803511100000000056e+01 1.822400000000000131e-01
-1.232765219999999999e+02 4.801750899999999689e+01 2.219639999999999946e-01
-1.229331789999999955e+02 4.805463499999999755e+01 2.057420000000000082e-01
-1.232156169999999946e+02 4.798483099999999979e+01 2.369670000000000110e-01
-1.230011230000000069e+02 4.791368400000000349e+01 2.218150000000000122e-01
-1.231578039999999987e+02 4.810874799999999851e+01 2.305869999999999864e-01
-1.229500000000000028e+02 4.828999999999999915e+01 1.775740000000000096e-01
-1.231211019999999934e+02 4.813885499999999951e+01 2.117400000000000115e-01
-1.230199999999999960e+02 4.829999999999999716e+01 1.763949999999999962e-01
-1.231461589999999973e+02 4.811612099999999970e+01 2.334680000000000089e-01
-1.231532229999999970e+02 4.810959499999999878e+01 2.317589999999999928e-01
-1.231355389999999943e+02 4.816210499999999683e+01 1.796740000000000004e-01
-1.231587650000000025e+02 4.816783900000000074e+01 2.006499999999999950e-01
-1.231375160000000051e+02 4.811641800000000302e+01 2.327700000000000047e-01
-1.230848139999999944e+02 4.814991899999999703e+01 2.123800000000000132e-01
-1.231199710000000067e+02 4.813898100000000113e+01 2.090660000000000018e-01
-1.230000000000000000e+02 4.796000000000000085e+01 1.961870000000000003e-01
-1.230000000000000000e+02 4.796000000000000085e+01 1.943999999999999895e-01
-1.230000000000000000e+02 4.789999999999999858e+01 2.173990000000000089e-01
-1.230199999999999960e+02 4.795000000000000284e+01 1.966789999999999927e-01
-1.229800000000000040e+02 4.793999999999999773e+01 1.930630000000000124e-01
-1.229200000000000017e+02 4.797999999999999687e+01 1.649770000000000125e-01
-1.232800000000000011e+02 4.772999999999999687e+01 2.134510000000000018e-01
-1.230100000000000051e+02 4.793999999999999773e+01 1.844119999999999926e-01
-1.230199999999999960e+02 4.803999999999999915e+01 1.614450000000000052e-01
-1.234000000000000057e+02 4.821000000000000085e+01 2.301199999999999912e-01
-1.229300000000000068e+02 4.800000000000000000e+01 2.005639999999999923e-01
-1.232500000000000000e+02 4.802000000000000313e+01 2.029279999999999973e-01
-1.228799999999999955e+02 4.800999999999999801e+01 1.789469999999999950e-01
-1.229500000000000028e+02 4.793999999999999773e+01 1.600979999999999903e-01
-1.229200000000000017e+02 4.799000000000000199e+01 1.961110000000000075e-01
-1.229599999999999937e+02 4.795000000000000284e+01 1.882520000000000027e-01
-1.229300000000000068e+02 4.796000000000000085e+01 1.869409999999999961e-01
-1.229699999999999989e+02 4.793999999999999773e+01 1.954230000000000134e-01
-1.228900000000000006e+02 4.796000000000000085e+01 1.822850000000000026e-01
-1.229300000000000068e+02 4.827000000000000313e+01 1.552119999999999889e-01
-1.226299999999999955e+02 4.789000000000000057e+01 1.061949999999999977e-01
-1.226800000000000068e+02 4.786999999999999744e+01 1.029889999999999972e-01
-1.228799999999999955e+02 4.799000000000000199e+01 1.824159999999999948e-01
-1.228900000000000006e+02 4.810000000000000142e+01 2.297339999999999938e-01
