-1.228700000000000045e+02 4.009000000000000341e+01 1.624460000000000071e-01
-1.228799999999999955e+02 4.010000000000000142e+01 1.252590000000000092e-01
-1.224300000000000068e+02 4.038000000000000256e+01 1.942180000000000017e-01
-1.224300000000000068e+02 4.038000000000000256e+01 2.013830000000000064e-01
-1.225199999999999960e+02 4.031000000000000227e+01 1.885789999999999966e-01
-1.225199999999999960e+02 4.031000000000000227e+01 1.857709999999999917e-01
-1.227999999999999972e+02 4.047999999999999687e+01 7.855700000000000183e-02
-1.225300000000000011e+02 4.060000000000000142e+01 1.942939999999999945e-01
-1.225300000000000011e+02 4.060000000000000142e+01 2.214899999999999924e-01
-1.225300000000000011e+02 4.060000000000000142e+01 4.553600000000000009e-02
-1.225300000000000011e+02 4.060000000000000142e+01 1.761030000000000095e-01
-1.225300000000000011e+02 4.060000000000000142e+01 2.228970000000000118e-01
-1.225300000000000011e+02 4.064999999999999858e+01 2.737539999999999973e-01
-1.227500000000000000e+02 4.075000000000000000e+01 1.336090000000000055e-01
-1.227699999999999960e+02 4.092000000000000171e+01 1.820869999999999989e-01
-1.228199999999999932e+02 4.089999999999999858e+01 1.606120000000000048e-01
-1.228199999999999932e+02 4.089999999999999858e+01 1.860340000000000049e-01
-1.228199999999999932e+02 4.089999999999999858e+01 1.477380000000000082e-01
-1.228499999999999943e+02 4.110000000000000142e+01 1.833370000000000000e-01
-1.227699999999999960e+02 4.096999999999999886e+01 1.697329999999999950e-01
-1.228799999999999955e+02 4.067000000000000171e+01 6.522899999999999532e-02
-1.230199999999999960e+02 4.068999999999999773e+01 1.019309999999999938e-01
-1.230199999999999960e+02 4.068999999999999773e+01 1.170859999999999956e-01
-1.230199999999999960e+02 4.068999999999999773e+01 1.236629999999999951e-01
-1.230199999999999960e+02 4.068999999999999773e+01 9.365900000000000614e-02
-1.228499999999999943e+02 4.072999999999999687e+01 1.138249999999999956e-01
-1.227999999999999972e+02 4.045000000000000284e+01 2.526680000000000037e-01
-1.228400000000000034e+02 4.102000000000000313e+01 1.542570000000000052e-01
-1.228400000000000034e+02 4.102000000000000313e+01 1.613960000000000117e-01
-1.228400000000000034e+02 4.102000000000000313e+01 1.463200000000000056e-01
-1.228400000000000034e+02 4.102000000000000313e+01 1.798649999999999971e-01
-1.228400000000000034e+02 4.102000000000000313e+01 9.289100000000000135e-02
-1.228499999999999943e+02 4.106000000000000227e+01 2.145700000000000107e-01
-1.228499999999999943e+02 4.106000000000000227e+01 1.922800000000000065e-01
-1.228499999999999943e+02 4.111999999999999744e+01 1.212659999999999988e-01
-1.228499999999999943e+02 4.092000000000000171e+01 1.729400000000000104e-01
-1.228799999999999955e+02 4.100000000000000000e+01 1.184710000000000069e-01
-1.230300000000000011e+02 4.120000000000000284e+01 1.218059999999999976e-01
-1.230300000000000011e+02 4.125000000000000000e+01 1.295590000000000075e-01
-1.230300000000000011e+02 4.125000000000000000e+01 1.404469999999999885e-01
-1.227999999999999972e+02 4.104999999999999716e+01 2.585910000000000153e-01
-1.231700000000000017e+02 4.104999999999999716e+01 1.130250000000000005e-01
-1.231500000000000057e+02 4.135000000000000142e+01 2.241090000000000027e-01
-1.231500000000000057e+02 4.135000000000000142e+01 1.849850000000000105e-01
-1.231500000000000057e+02 4.135000000000000142e+01 1.193349999999999966e-01
-1.231500000000000057e+02 4.135000000000000142e+01 1.463000000000000134e-01
-1.231500000000000057e+02 4.135000000000000142e+01 1.645500000000000018e-01
-1.231500000000000057e+02 4.135000000000000142e+01 1.384380000000000055e-01
-1.231500000000000057e+02 4.135000000000000142e+01 1.450049999999999950e-01
-1.231299999999999955e+02 4.132000000000000028e+01 8.387000000000000011e-02
-1.231200000000000045e+02 4.139999999999999858e+01 1.598130000000000106e-01
-1.231200000000000045e+02 4.139999999999999858e+01 1.779640000000000111e-01
-1.231200000000000045e+02 4.139999999999999858e+01 1.151139999999999941e-01
-1.231299999999999955e+02 4.145000000000000284e+01 1.973880000000000079e-01
-1.233700000000000045e+02 4.157000000000000028e+01 9.564400000000000679e-02
-1.233700000000000045e+02 4.157000000000000028e+01 8.671299999999999841e-02
-1.232800000000000011e+02 4.152000000000000313e+01 1.092459999999999959e-01
-1.234000000000000057e+02 4.164999999999999858e+01 2.738809999999999856e-01
-1.234000000000000057e+02 4.164999999999999858e+01 2.194399999999999962e-01
-1.234699999999999989e+02 4.161999999999999744e+01 9.200000000000000007e-05
-1.232999999999999972e+02 4.171999999999999886e+01 1.296249999999999902e-01
-1.233299999999999983e+02 3.956000000000000227e+01 6.230700000000000127e-02
-1.233499999999999943e+02 3.950000000000000000e+01 7.631200000000000205e-01
-1.233499999999999943e+02 3.950000000000000000e+01 1.734719999999999873e-01
-1.233499999999999943e+02 3.950000000000000000e+01 3.016369999999999885e-01
-1.230999999999999943e+02 3.945000000000000284e+01 2.741999999999999993e-01
