-1.228700000000000045e+02 4.009000000000000341e+01 2.412399999999999961e-02
-1.228799999999999955e+02 4.010000000000000142e+01 1.540289999999999992e-01
-1.224300000000000068e+02 4.038000000000000256e+01 1.395530000000000104e-01
-1.224300000000000068e+02 4.038000000000000256e+01 1.386620000000000075e-01
-1.225199999999999960e+02 4.031000000000000227e+01 1.668650000000000133e-01
-1.225199999999999960e+02 4.031000000000000227e+01 1.652760000000000062e-01
-1.227999999999999972e+02 4.047999999999999687e+01 1.322349999999999914e-01
-1.225300000000000011e+02 4.060000000000000142e+01 1.194960000000000050e-01
-1.225300000000000011e+02 4.060000000000000142e+01 1.354769999999999863e-01
-1.225300000000000011e+02 4.060000000000000142e+01 5.353800000000000225e-02
-1.225300000000000011e+02 4.060000000000000142e+01 1.165439999999999948e-01
-1.225300000000000011e+02 4.060000000000000142e+01 1.187570000000000014e-01
-1.225300000000000011e+02 4.064999999999999858e+01 1.041750000000000037e-01
-1.227500000000000000e+02 4.075000000000000000e+01 1.211190000000000044e-01
-1.227699999999999960e+02 4.092000000000000171e+01 1.102250000000000035e-01
-1.228199999999999932e+02 4.089999999999999858e+01 1.173190000000000066e-01
-1.228199999999999932e+02 4.089999999999999858e+01 1.162929999999999936e-01
-1.228199999999999932e+02 4.089999999999999858e+01 1.102120000000000044e-01
-1.228499999999999943e+02 4.110000000000000142e+01 1.061720000000000025e-01
-1.227699999999999960e+02 4.096999999999999886e+01 1.037610000000000060e-01
-1.228799999999999955e+02 4.067000000000000171e+01 1.371979999999999866e-01
-1.230199999999999960e+02 4.068999999999999773e+01 1.767650000000000055e-01
-1.230199999999999960e+02 4.068999999999999773e+01 1.745430000000000037e-01
-1.230199999999999960e+02 4.068999999999999773e+01 1.838150000000000062e-01
-1.230199999999999960e+02 4.068999999999999773e+01 1.685879999999999879e-01
-1.228499999999999943e+02 4.072999999999999687e+01 1.522999999999999909e-01
-1.227999999999999972e+02 4.045000000000000284e+01 1.592320000000000124e-01
-1.228400000000000034e+02 4.102000000000000313e+01 1.030390000000000056e-01
-1.228400000000000034e+02 4.102000000000000313e+01 1.139050000000000062e-01
-1.228400000000000034e+02 4.102000000000000313e+01 1.253660000000000052e-01
-1.228400000000000034e+02 4.102000000000000313e+01 1.214969999999999939e-01
-1.228400000000000034e+02 4.102000000000000313e+01 1.306680000000000064e-01
-1.228499999999999943e+02 4.106000000000000227e+01 9.819200000000000150e-02
-1.228499999999999943e+02 4.106000000000000227e+01 1.019980000000000053e-01
-1.228499999999999943e+02 4.111999999999999744e+01 1.158219999999999944e-01
-1.228499999999999943e+02 4.092000000000000171e+01 1.341940000000000077e-01
-1.228799999999999955e+02 4.100000000000000000e+01 1.185890000000000000e-01
-1.230300000000000011e+02 4.120000000000000284e+01 1.050119999999999942e-01
-1.230300000000000011e+02 4.125000000000000000e+01 1.415720000000000034e-01
-1.230300000000000011e+02 4.125000000000000000e+01 1.516059999999999908e-01
-1.227999999999999972e+02 4.104999999999999716e+01 1.089370000000000061e-01
-1.231700000000000017e+02 4.104999999999999716e+01 1.651120000000000088e-01
-1.231500000000000057e+02 4.135000000000000142e+01 1.345669999999999922e-01
-1.231500000000000057e+02 4.135000000000000142e+01 1.579010000000000136e-01
-1.231500000000000057e+02 4.135000000000000142e+01 1.306460000000000121e-01
-1.231500000000000057e+02 4.135000000000000142e+01 1.374990000000000101e-01
-1.231500000000000057e+02 4.135000000000000142e+01 1.553470000000000129e-01
-1.231500000000000057e+02 4.135000000000000142e+01 1.194609999999999977e-01
-1.231500000000000057e+02 4.135000000000000142e+01 1.389309999999999989e-01
-1.231299999999999955e+02 4.132000000000000028e+01 1.529369999999999896e-01
-1.231200000000000045e+02 4.139999999999999858e+01 1.367339999999999944e-01
-1.231200000000000045e+02 4.139999999999999858e+01 1.382400000000000018e-01
-1.231200000000000045e+02 4.139999999999999858e+01 1.095900000000000069e-01
-1.231299999999999955e+02 4.145000000000000284e+01 1.258499999999999897e-01
-1.233700000000000045e+02 4.157000000000000028e+01 1.675760000000000027e-01
-1.233700000000000045e+02 4.157000000000000028e+01 1.636620000000000019e-01
-1.232800000000000011e+02 4.152000000000000313e+01 1.770970000000000044e-01
-1.234000000000000057e+02 4.164999999999999858e+01 1.598320000000000018e-01
-1.234000000000000057e+02 4.164999999999999858e+01 1.523100000000000009e-01
-1.234699999999999989e+02 4.161999999999999744e+01 1.407199999999999944e-02
-1.232999999999999972e+02 4.171999999999999886e+01 4.105790000000000273e-01
-1.233299999999999983e+02 3.956000000000000227e+01 9.173000000000000598e-02
-1.233499999999999943e+02 3.950000000000000000e+01 3.905469999999999775e-01
-1.233499999999999943e+02 3.950000000000000000e+01 1.484060000000000101e-01
-1.233499999999999943e+02 3.950000000000000000e+01 1.820730000000000126e-01
-1.230999999999999943e+02 3.945000000000000284e+01 3.467669999999999919e-01
