-1.228700000000000045e+02 4.009000000000000341e+01 5.241240000000000343e-01
-1.228799999999999955e+02 4.010000000000000142e+01 6.540289999999999715e-01
-1.224300000000000068e+02 4.038000000000000256e+01 6.395530000000000381e-01
-1.224300000000000068e+02 4.038000000000000256e+01 6.386619999999999520e-01
-1.225199999999999960e+02 4.031000000000000227e+01 6.668650000000000411e-01
-1.225199999999999960e+02 4.031000000000000227e+01 6.652759999999999785e-01
-1.227999999999999972e+02 4.047999999999999687e+01 6.322349999999999914e-01
-1.225300000000000011e+02 4.060000000000000142e+01 6.194960000000000466e-01
-1.225300000000000011e+02 4.060000000000000142e+01 6.354769999999999586e-01
-1.225300000000000011e+02 4.060000000000000142e+01 5.535379999999999745e-01
-1.225300000000000011e+02 4.060000000000000142e+01 6.165439999999999809e-01
-1.225300000000000011e+02 4.060000000000000142e+01 6.187570000000000014e-01
-1.225300000000000011e+02 4.064999999999999858e+01 6.041750000000000176e-01
-1.227500000000000000e+02 4.075000000000000000e+01 6.211189999999999767e-01
-1.227699999999999960e+02 4.092000000000000171e+01 6.102250000000000174e-01
-1.228199999999999932e+02 4.089999999999999858e+01 6.173189999999999511e-01
-1.228199999999999932e+02 4.089999999999999858e+01 6.162929999999999797e-01
-1.228199999999999932e+02 4.089999999999999858e+01 6.102119999999999767e-01
-1.228499999999999943e+02 4.110000000000000142e+01 6.061720000000000441e-01
-1.227699999999999960e+02 4.096999999999999886e+01 6.037609999999999921e-01
-1.228799999999999955e+02 4.067000000000000171e+01 6.371980000000000421e-01
-1.230199999999999960e+02 4.068999999999999773e+01 6.767649999999999499e-01
-1.230199999999999960e+02 4.068999999999999773e+01 6.745430000000000037e-01
-1.230199999999999960e+02 4.068999999999999773e+01 6.838149999999999507e-01
-1.230199999999999960e+02 4.068999999999999773e+01 6.685879999999999601e-01
-1.228499999999999943e+02 4.072999999999999687e+01 6.522999999999999909e-01
-1.227999999999999972e+02 4.045000000000000284e+01 6.592320000000000402e-01
-1.228400000000000034e+02 4.102000000000000313e+01 6.030389999999999917e-01
-1.228400000000000034e+02 4.102000000000000313e+01 6.139050000000000340e-01
-1.228400000000000034e+02 4.102000000000000313e+01 6.253659999999999775e-01
-1.228400000000000034e+02 4.102000000000000313e+01 6.214969999999999661e-01
-1.228400000000000034e+02 4.102000000000000313e+01 6.306680000000000064e-01
-1.228499999999999943e+02 4.106000000000000227e+01 5.981919999999999460e-01
-1.228499999999999943e+02 4.106000000000000227e+01 6.019980000000000331e-01
-1.228499999999999943e+02 4.111999999999999744e+01 6.158219999999999805e-01
-1.228499999999999943e+02 4.092000000000000171e+01 6.341940000000000355e-01
-1.228799999999999955e+02 4.100000000000000000e+01 6.185890000000000555e-01
-1.230300000000000011e+02 4.120000000000000284e+01 6.050119999999999942e-01
-1.230300000000000011e+02 4.125000000000000000e+01 6.415720000000000312e-01
-1.230300000000000011e+02 4.125000000000000000e+01 6.516060000000000185e-01
-1.227999999999999972e+02 4.104999999999999716e+01 6.089369999999999505e-01
-1.231700000000000017e+02 4.104999999999999716e+01 6.651120000000000365e-01
-1.231500000000000057e+02 4.135000000000000142e+01 6.345669999999999922e-01
-1.231500000000000057e+02 4.135000000000000142e+01 6.579009999999999581e-01
-1.231500000000000057e+02 4.135000000000000142e+01 6.306460000000000399e-01
-1.231500000000000057e+02 4.135000000000000142e+01 6.374990000000000379e-01
-1.231500000000000057e+02 4.135000000000000142e+01 6.553470000000000129e-01
-1.231500000000000057e+02 4.135000000000000142e+01 6.194610000000000394e-01
-1.231500000000000057e+02 4.135000000000000142e+01 6.389310000000000267e-01
-1.231299999999999955e+02 4.132000000000000028e+01 6.529369999999999896e-01
-1.231200000000000045e+02 4.139999999999999858e+01 6.367340000000000222e-01
-1.231200000000000045e+02 4.139999999999999858e+01 6.382400000000000295e-01
-1.231200000000000045e+02 4.139999999999999858e+01 6.095899999999999652e-01
-1.231299999999999955e+02 4.145000000000000284e+01 6.258500000000000174e-01
-1.233700000000000045e+02 4.157000000000000028e+01 6.675759999999999472e-01
-1.233700000000000045e+02 4.157000000000000028e+01 6.636619999999999742e-01
-1.232800000000000011e+02 4.152000000000000313e+01 6.770969999999999489e-01
-1.234000000000000057e+02 4.164999999999999858e+01 6.598319999999999741e-01
-1.234000000000000057e+02 4.164999999999999858e+01 6.523099999999999454e-01
-1.234699999999999989e+02 4.161999999999999744e+01 5.140719999999999734e-01
-1.232999999999999972e+02 4.171999999999999886e+01 9.105790000000000273e-01
-1.233299999999999983e+02 3.956000000000000227e+01 5.917299999999999782e-01
-1.233499999999999943e+02 3.950000000000000000e+01 8.905469999999999775e-01
-1.233499999999999943e+02 3.950000000000000000e+01 6.484060000000000379e-01
-1.233499999999999943e+02 3.950000000000000000e+01 6.820730000000000404e-01
-1.230999999999999943e+02 3.945000000000000284e+01 8.467670000000000474e-01
