-1.228700000000000045e+02 4.009000000000000341e+01 6.880799999999999417e-02
-1.228799999999999955e+02 4.010000000000000142e+01 1.893660000000000065e-01
-1.224300000000000068e+02 4.038000000000000256e+01 1.954319999999999946e-01
-1.224300000000000068e+02 4.038000000000000256e+01 1.934549999999999881e-01
-1.225199999999999960e+02 4.031000000000000227e+01 2.239019999999999899e-01
-1.225199999999999960e+02 4.031000000000000227e+01 2.234919999999999962e-01
-1.227999999999999972e+02 4.047999999999999687e+01 1.530960000000000099e-01
-1.225300000000000011e+02 4.060000000000000142e+01 1.967919999999999947e-01
-1.225300000000000011e+02 4.060000000000000142e+01 2.029499999999999915e-01
-1.225300000000000011e+02 4.060000000000000142e+01 6.724299999999999722e-02
-1.225300000000000011e+02 4.060000000000000142e+01 1.799959999999999893e-01
-1.225300000000000011e+02 4.060000000000000142e+01 1.888569999999999971e-01
-1.225300000000000011e+02 4.064999999999999858e+01 2.120529999999999915e-01
-1.227500000000000000e+02 4.075000000000000000e+01 1.687770000000000103e-01
-1.227699999999999960e+02 4.092000000000000171e+01 1.609009999999999885e-01
-1.228199999999999932e+02 4.089999999999999858e+01 1.710480000000000056e-01
-1.228199999999999932e+02 4.089999999999999858e+01 1.642869999999999886e-01
-1.228199999999999932e+02 4.089999999999999858e+01 1.486919999999999908e-01
-1.228499999999999943e+02 4.110000000000000142e+01 1.675409999999999955e-01
-1.227699999999999960e+02 4.096999999999999886e+01 1.638429999999999886e-01
-1.228799999999999955e+02 4.067000000000000171e+01 1.588930000000000065e-01
-1.230199999999999960e+02 4.068999999999999773e+01 1.969930000000000014e-01
-1.230199999999999960e+02 4.068999999999999773e+01 2.010010000000000130e-01
-1.230199999999999960e+02 4.068999999999999773e+01 2.126830000000000109e-01
-1.230199999999999960e+02 4.068999999999999773e+01 1.897989999999999955e-01
-1.228499999999999943e+02 4.072999999999999687e+01 1.846679999999999988e-01
-1.227999999999999972e+02 4.045000000000000284e+01 2.048689999999999956e-01
-1.228400000000000034e+02 4.102000000000000313e+01 1.204550000000000065e-01
-1.228400000000000034e+02 4.102000000000000313e+01 1.629470000000000085e-01
-1.228400000000000034e+02 4.102000000000000313e+01 1.617379999999999929e-01
-1.228400000000000034e+02 4.102000000000000313e+01 1.674390000000000045e-01
-1.228400000000000034e+02 4.102000000000000313e+01 1.180780000000000024e-01
-1.228499999999999943e+02 4.106000000000000227e+01 1.815769999999999884e-01
-1.228499999999999943e+02 4.106000000000000227e+01 1.594649999999999956e-01
-1.228499999999999943e+02 4.111999999999999744e+01 1.512920000000000098e-01
-1.228499999999999943e+02 4.092000000000000171e+01 1.717289999999999928e-01
-1.228799999999999955e+02 4.100000000000000000e+01 1.575000000000000011e-01
-1.230300000000000011e+02 4.120000000000000284e+01 1.272729999999999972e-01
-1.230300000000000011e+02 4.125000000000000000e+01 1.614490000000000092e-01
-1.230300000000000011e+02 4.125000000000000000e+01 1.610979999999999912e-01
-1.227999999999999972e+02 4.104999999999999716e+01 2.050790000000000113e-01
-1.231700000000000017e+02 4.104999999999999716e+01 1.775480000000000114e-01
-1.231500000000000057e+02 4.135000000000000142e+01 1.627460000000000018e-01
-1.231500000000000057e+02 4.135000000000000142e+01 1.584349999999999925e-01
-1.231500000000000057e+02 4.135000000000000142e+01 1.143639999999999934e-01
-1.231500000000000057e+02 4.135000000000000142e+01 1.458820000000000117e-01
-1.231500000000000057e+02 4.135000000000000142e+01 1.635030000000000094e-01
-1.231500000000000057e+02 4.135000000000000142e+01 1.438119999999999954e-01
-1.231500000000000057e+02 4.135000000000000142e+01 1.495549999999999935e-01
-1.231299999999999955e+02 4.132000000000000028e+01 1.620010000000000061e-01
-1.231200000000000045e+02 4.139999999999999858e+01 1.814659999999999884e-01
-1.231200000000000045e+02 4.139999999999999858e+01 1.814449999999999952e-01
-1.231200000000000045e+02 4.139999999999999858e+01 1.294949999999999990e-01
-1.231299999999999955e+02 4.145000000000000284e+01 1.914240000000000108e-01
-1.233700000000000045e+02 4.157000000000000028e+01 1.712370000000000003e-01
-1.233700000000000045e+02 4.157000000000000028e+01 1.658810000000000007e-01
-1.232800000000000011e+02 4.152000000000000313e+01 1.572759999999999991e-01
-1.234000000000000057e+02 4.164999999999999858e+01 1.552469999999999961e-01
-1.234000000000000057e+02 4.164999999999999858e+01 1.348669999999999869e-01
-1.234699999999999989e+02 4.161999999999999744e+01 0.000000000000000000e+00
-1.232999999999999972e+02 4.171999999999999886e+01 2.860400000000000165e-01
-1.233299999999999983e+02 3.956000000000000227e+01 6.902200000000000002e-02
-1.233499999999999943e+02 3.950000000000000000e+01 5.305069999999999508e-01
-1.233499999999999943e+02 3.950000000000000000e+01 1.196610000000000035e-01
-1.233499999999999943e+02 3.950000000000000000e+01 2.202550000000000063e-01
-1.230999999999999943e+02 3.945000000000000284e+01 3.402549999999999741e-01
