-1.228700000000000045e+02 4.009000000000000341e+01 8.108600000000000529e-02
-1.228799999999999955e+02 4.010000000000000142e+01 2.118839999999999890e-01
-1.224300000000000068e+02 4.038000000000000256e+01 4.436209999999999876e-01
-1.224300000000000068e+02 4.038000000000000256e+01 4.150409999999999933e-01
-1.225199999999999960e+02 4.031000000000000227e+01 5.089289999999999647e-01
-1.225199999999999960e+02 4.031000000000000227e+01 4.566169999999999951e-01
-1.227999999999999972e+02 4.047999999999999687e+01 1.429709999999999870e-01
-1.225300000000000011e+02 4.060000000000000142e+01 5.968799999999999800e-02
-1.225300000000000011e+02 4.060000000000000142e+01 1.947800000000000087e-01
-1.225300000000000011e+02 4.060000000000000142e+01 1.733159999999999978e-01
-1.225300000000000011e+02 4.060000000000000142e+01 8.229100000000000303e-02
-1.225300000000000011e+02 4.060000000000000142e+01 1.024159999999999932e-01
-1.225300000000000011e+02 4.064999999999999858e+01 1.385599999999999887e-01
-1.227500000000000000e+02 4.075000000000000000e+01 3.192519999999999802e-01
-1.227699999999999960e+02 4.092000000000000171e+01 1.081970000000000015e-01
-1.228199999999999932e+02 4.089999999999999858e+01 2.269380000000000008e-01
-1.228199999999999932e+02 4.089999999999999858e+01 2.226660000000000028e-01
-1.228199999999999932e+02 4.089999999999999858e+01 1.111560000000000048e-01
-1.228499999999999943e+02 4.110000000000000142e+01 2.815920000000000090e-01
-1.227699999999999960e+02 4.096999999999999886e+01 2.462650000000000117e-01
-1.228799999999999955e+02 4.067000000000000171e+01 1.635590000000000099e-01
-1.230199999999999960e+02 4.068999999999999773e+01 2.465029999999999999e-01
-1.230199999999999960e+02 4.068999999999999773e+01 4.139340000000000241e-01
-1.230199999999999960e+02 4.068999999999999773e+01 3.644450000000000189e-01
-1.230199999999999960e+02 4.068999999999999773e+01 3.566329999999999778e-01
-1.228499999999999943e+02 4.072999999999999687e+01 2.547449999999999992e-01
-1.227999999999999972e+02 4.045000000000000284e+01 2.047059999999999991e-01
-1.228400000000000034e+02 4.102000000000000313e+01 5.864400000000000168e-02
-1.228400000000000034e+02 4.102000000000000313e+01 1.644770000000000121e-01
-1.228400000000000034e+02 4.102000000000000313e+01 2.207880000000000120e-01
-1.228400000000000034e+02 4.102000000000000313e+01 2.902480000000000060e-01
-1.228400000000000034e+02 4.102000000000000313e+01 2.640049999999999897e-01
-1.228499999999999943e+02 4.106000000000000227e+01 2.745600000000000263e-01
-1.228499999999999943e+02 4.106000000000000227e+01 9.438399999999999568e-02
-1.228499999999999943e+02 4.111999999999999744e+01 1.025879999999999986e-01
-1.228499999999999943e+02 4.092000000000000171e+01 2.456760000000000055e-01
-1.228799999999999955e+02 4.100000000000000000e+01 4.135340000000000127e-01
-1.230300000000000011e+02 4.120000000000000284e+01 2.735730000000000106e-01
-1.230300000000000011e+02 4.125000000000000000e+01 3.522810000000000108e-01
-1.230300000000000011e+02 4.125000000000000000e+01 2.931440000000000157e-01
-1.227999999999999972e+02 4.104999999999999716e+01 1.892320000000000113e-01
-1.231700000000000017e+02 4.104999999999999716e+01 3.899710000000000121e-01
-1.231500000000000057e+02 4.135000000000000142e+01 1.682079999999999964e-01
-1.231500000000000057e+02 4.135000000000000142e+01 2.910150000000000237e-01
-1.231500000000000057e+02 4.135000000000000142e+01 2.004769999999999885e-01
-1.231500000000000057e+02 4.135000000000000142e+01 1.201409999999999978e-01
-1.231500000000000057e+02 4.135000000000000142e+01 3.923800000000000066e-01
-1.231500000000000057e+02 4.135000000000000142e+01 2.891710000000000114e-01
-1.231500000000000057e+02 4.135000000000000142e+01 3.032020000000000270e-01
-1.231299999999999955e+02 4.132000000000000028e+01 1.731820000000000026e-01
-1.231200000000000045e+02 4.139999999999999858e+01 4.177379999999999982e-01
-1.231200000000000045e+02 4.139999999999999858e+01 4.461370000000000058e-01
-1.231200000000000045e+02 4.139999999999999858e+01 2.935670000000000224e-01
-1.231299999999999955e+02 4.145000000000000284e+01 3.085419999999999829e-01
-1.233700000000000045e+02 4.157000000000000028e+01 4.165470000000000006e-01
-1.233700000000000045e+02 4.157000000000000028e+01 4.436120000000000063e-01
-1.232800000000000011e+02 4.152000000000000313e+01 1.796949999999999936e-01
-1.234000000000000057e+02 4.164999999999999858e+01 3.076980000000000270e-01
-1.234000000000000057e+02 4.164999999999999858e+01 1.966529999999999945e-01
-1.234699999999999989e+02 4.161999999999999744e+01 7.732809999999999961e-01
-1.232999999999999972e+02 4.171999999999999886e+01 2.392910000000000037e-01
-1.233299999999999983e+02 3.956000000000000227e+01 1.786119999999999930e-01
-1.233499999999999943e+02 3.950000000000000000e+01 2.223169999999999868e-01
-1.233499999999999943e+02 3.950000000000000000e+01 1.791760000000000019e-01
-1.233499999999999943e+02 3.950000000000000000e+01 2.560009999999999786e-01
-1.230999999999999943e+02 3.945000000000000284e+01 2.074060000000000070e-01
