-1.228700000000000045e+02 4.009000000000000341e+01 8.629959999999999853e-01
-1.228799999999999955e+02 4.010000000000000142e+01 9.245269999999999877e-01
-1.224300000000000068e+02 4.038000000000000256e+01 9.334440000000000515e-01
-1.224300000000000068e+02 4.038000000000000256e+01 9.295989999999999531e-01
-1.225199999999999960e+02 4.031000000000000227e+01 9.455989999999999673e-01
-1.225199999999999960e+02 4.031000000000000227e+01 9.420680000000000165e-01
-1.227999999999999972e+02 4.047999999999999687e+01 9.088990000000000125e-01
-1.225300000000000011e+02 4.060000000000000142e+01 9.225520000000000387e-01
-1.225300000000000011e+02 4.060000000000000142e+01 9.220580000000000442e-01
-1.225300000000000011e+02 4.060000000000000142e+01 9.696280000000000454e-01
-1.225300000000000011e+02 4.060000000000000142e+01 9.283390000000000253e-01
-1.225300000000000011e+02 4.060000000000000142e+01 9.259399999999999853e-01
-1.225300000000000011e+02 4.064999999999999858e+01 8.913569999999999549e-01
-1.227500000000000000e+02 4.075000000000000000e+01 8.809489999999999821e-01
-1.227699999999999960e+02 4.092000000000000171e+01 9.058950000000000058e-01
-1.228199999999999932e+02 4.089999999999999858e+01 9.075999999999999623e-01
-1.228199999999999932e+02 4.089999999999999858e+01 8.890069999999999917e-01
-1.228199999999999932e+02 4.089999999999999858e+01 9.436229999999999896e-01
-1.228499999999999943e+02 4.110000000000000142e+01 8.975260000000000460e-01
-1.227699999999999960e+02 4.096999999999999886e+01 8.781769999999999854e-01
-1.228799999999999955e+02 4.067000000000000171e+01 8.521779999999999911e-01
-1.230199999999999960e+02 4.068999999999999773e+01 8.969540000000000290e-01
-1.230199999999999960e+02 4.068999999999999773e+01 9.004520000000000302e-01
-1.230199999999999960e+02 4.068999999999999773e+01 9.207199999999999829e-01
-1.230199999999999960e+02 4.068999999999999773e+01 9.075239999999999974e-01
-1.228499999999999943e+02 4.072999999999999687e+01 9.016359999999999930e-01
-1.227999999999999972e+02 4.045000000000000284e+01 8.703809999999999603e-01
-1.228400000000000034e+02 4.102000000000000313e+01 9.614749999999999686e-01
-1.228400000000000034e+02 4.102000000000000313e+01 9.348239999999999883e-01
-1.228400000000000034e+02 4.102000000000000313e+01 9.268220000000000347e-01
-1.228400000000000034e+02 4.102000000000000313e+01 9.322489999999999943e-01
-1.228400000000000034e+02 4.102000000000000313e+01 9.330929999999999502e-01
-1.228499999999999943e+02 4.106000000000000227e+01 9.031630000000000491e-01
-1.228499999999999943e+02 4.106000000000000227e+01 9.156600000000000295e-01
-1.228499999999999943e+02 4.111999999999999744e+01 9.549490000000000478e-01
-1.228499999999999943e+02 4.092000000000000171e+01 9.429659999999999709e-01
-1.228799999999999955e+02 4.100000000000000000e+01 9.226860000000000062e-01
-1.230300000000000011e+02 4.120000000000000284e+01 9.265539999999999887e-01
-1.230300000000000011e+02 4.125000000000000000e+01 9.272110000000000074e-01
-1.230300000000000011e+02 4.125000000000000000e+01 9.179180000000000117e-01
-1.227999999999999972e+02 4.104999999999999716e+01 9.049260000000000081e-01
-1.231700000000000017e+02 4.104999999999999716e+01 9.083539999999999948e-01
-1.231500000000000057e+02 4.135000000000000142e+01 8.957300000000000262e-01
-1.231500000000000057e+02 4.135000000000000142e+01 9.100219999999999976e-01
-1.231500000000000057e+02 4.135000000000000142e+01 9.351699999999999458e-01
-1.231500000000000057e+02 4.135000000000000142e+01 8.829989999999999783e-01
-1.231500000000000057e+02 4.135000000000000142e+01 8.982109999999999816e-01
-1.231500000000000057e+02 4.135000000000000142e+01 8.953219999999999512e-01
-1.231500000000000057e+02 4.135000000000000142e+01 9.093970000000000109e-01
-1.231299999999999955e+02 4.132000000000000028e+01 8.736460000000000337e-01
-1.231200000000000045e+02 4.139999999999999858e+01 9.488820000000000032e-01
-1.231200000000000045e+02 4.139999999999999858e+01 9.378250000000000197e-01
-1.231200000000000045e+02 4.139999999999999858e+01 9.331469999999999487e-01
-1.231299999999999955e+02 4.145000000000000284e+01 9.206100000000000394e-01
-1.233700000000000045e+02 4.157000000000000028e+01 9.060629999999999518e-01
-1.233700000000000045e+02 4.157000000000000028e+01 9.209039999999999448e-01
-1.232800000000000011e+02 4.152000000000000313e+01 9.558470000000000022e-01
-1.234000000000000057e+02 4.164999999999999858e+01 9.714279999999999582e-01
-1.234000000000000057e+02 4.164999999999999858e+01 9.558929999999999927e-01
-1.234699999999999989e+02 4.161999999999999744e+01 9.974239999999999773e-01
-1.232999999999999972e+02 4.171999999999999886e+01 9.562380000000000324e-01
-1.233299999999999983e+02 3.956000000000000227e+01 8.947079999999999478e-01
-1.233499999999999943e+02 3.950000000000000000e+01 9.809970000000000079e-01
-1.233499999999999943e+02 3.950000000000000000e+01 8.181030000000000246e-01
-1.233499999999999943e+02 3.950000000000000000e+01 8.393699999999999495e-01
-1.230999999999999943e+02 3.945000000000000284e+01 9.681020000000000181e-01
