-9.956059999999999377e+01 1.846969999999999956e+01 8.872860000000000191e-01
-9.938379999999999370e+01 1.842930000000000135e+01 8.591379999999999573e-01
-9.943429999999999325e+01 1.844950000000000045e+01 8.562260000000000426e-01
-9.935859999999999559e+01 1.830809999999999960e+01 8.695519999999999916e-01
-9.913129999999999598e+01 1.832829999999999870e+01 8.293169999999999709e-01
-9.918179999999999552e+01 1.836870000000000047e+01 8.078940000000000010e-01
-9.910609999999999786e+01 1.820710000000000051e+01 8.376710000000000544e-01
-9.918179999999999552e+01 1.820710000000000051e+01 8.395359999999999490e-01
-9.958589999999999520e+01 1.818690000000000140e+01 8.288379999999999637e-01
-9.956059999999999377e+01 1.842930000000000135e+01 8.550360000000000182e-01
-9.956059999999999377e+01 1.826770000000000138e+01 8.794410000000000283e-01
-9.963639999999999475e+01 1.842930000000000135e+01 8.328510000000000080e-01
-9.961109999999999332e+01 1.830809999999999960e+01 8.274270000000000236e-01
-9.961109999999999332e+01 1.834850000000000136e+01 8.419529999999999514e-01
-9.976260000000000616e+01 1.838889999999999958e+01 8.238210000000000255e-01
-9.920709999999999695e+01 1.820710000000000051e+01 8.178210000000000202e-01
-9.915659999999999741e+01 1.826770000000000138e+01 8.197699999999999987e-01
-9.910609999999999786e+01 1.830809999999999960e+01 8.074850000000000083e-01
-9.915659999999999741e+01 1.832829999999999870e+01 8.349180000000000490e-01
-9.925759999999999650e+01 1.826770000000000138e+01 8.478930000000000078e-01
-9.930809999999999604e+01 1.818690000000000140e+01 8.661630000000000162e-01
-9.923229999999999507e+01 1.798479999999999990e+01 8.581309999999999771e-01
-9.930809999999999604e+01 1.824749999999999872e+01 8.835640000000000160e-01
-9.925759999999999650e+01 1.806569999999999965e+01 8.886579999999999480e-01
-9.925759999999999650e+01 1.816669999999999874e+01 8.901419999999999888e-01
-9.930809999999999604e+01 1.820710000000000051e+01 8.762739999999999974e-01
-9.935859999999999559e+01 1.818690000000000140e+01 8.653990000000000293e-01
-9.951009999999999422e+01 1.832829999999999870e+01 8.641060000000000407e-01
-9.935859999999999559e+01 1.818690000000000140e+01 8.777540000000000342e-01
-9.951009999999999422e+01 1.828790000000000049e+01 8.455359999999999543e-01
-9.925759999999999650e+01 1.812630000000000052e+01 8.530839999999999534e-01
-9.956059999999999377e+01 1.816669999999999874e+01 8.955800000000000427e-01
-9.953539999999999566e+01 1.846969999999999956e+01 8.285439999999999472e-01
-9.920709999999999695e+01 1.824749999999999872e+01 8.431819999999999871e-01
-9.925759999999999650e+01 1.800509999999999877e+01 8.511490000000000444e-01
-9.928279999999999461e+01 1.806569999999999965e+01 8.341560000000000086e-01
-9.933329999999999416e+01 1.816669999999999874e+01 8.504469999999999530e-01
-9.935859999999999559e+01 1.820710000000000051e+01 8.749850000000000128e-01
-9.928279999999999461e+01 1.814649999999999963e+01 8.662100000000000355e-01
-9.925759999999999650e+01 1.812630000000000052e+01 8.635930000000000550e-01
-9.910609999999999786e+01 1.828790000000000049e+01 8.598590000000000400e-01
-9.913129999999999598e+01 1.832829999999999870e+01 8.012420000000000098e-01
-9.958589999999999520e+01 1.800509999999999877e+01 8.405869999999999731e-01
-9.930809999999999604e+01 1.812630000000000052e+01 8.404970000000000496e-01
-9.938379999999999370e+01 1.816669999999999874e+01 9.007519999999999971e-01
-9.935859999999999559e+01 1.804550000000000054e+01 8.429740000000000011e-01
-9.930809999999999604e+01 1.804550000000000054e+01 8.424380000000000202e-01
-9.928279999999999461e+01 1.804550000000000054e+01 8.338269999999999849e-01
-9.961109999999999332e+01 1.808589999999999876e+01 8.591109999999999580e-01
-9.920709999999999695e+01 1.824749999999999872e+01 8.778690000000000104e-01
-9.933329999999999416e+01 1.810610000000000142e+01 8.629069999999999796e-01
-9.918179999999999552e+01 1.820710000000000051e+01 8.218220000000000525e-01
-9.940909999999999513e+01 1.804550000000000054e+01 8.579529999999999657e-01
-9.948480000000000700e+01 1.824749999999999872e+01 8.374580000000000357e-01
-9.925759999999999650e+01 1.812630000000000052e+01 8.484460000000000335e-01
-9.993940000000000623e+01 1.842930000000000135e+01 8.067760000000000487e-01
-9.968689999999999429e+01 1.842930000000000135e+01 8.220180000000000264e-01
-9.966160000000000707e+01 1.832829999999999870e+01 8.594110000000000360e-01
-1.005455000000000041e+02 1.758079999999999998e+01 8.185050000000000381e-01
-9.963639999999999475e+01 1.828790000000000049e+01 8.598310000000000120e-01
-9.958589999999999520e+01 1.828790000000000049e+01 8.201089999999999769e-01
-1.001162000000000063e+02 1.822729999999999961e+01 8.745389999999999553e-01
-9.961109999999999332e+01 1.822729999999999961e+01 8.904750000000000165e-01
-9.998990000000000578e+01 1.863129999999999953e+01 8.482420000000000515e-01
-9.953539999999999566e+01 1.836870000000000047e+01 8.523469999999999658e-01
-9.956059999999999377e+01 1.830809999999999960e+01 8.639510000000000245e-01
-9.986360000000000525e+01 1.820710000000000051e+01 8.651189999999999714e-01
-9.958589999999999520e+01 1.814649999999999963e+01 8.567120000000000291e-01
-9.958589999999999520e+01 1.816669999999999874e+01 8.579329999999999457e-01
-9.996460000000000434e+01 1.834850000000000136e+01 8.216050000000000297e-01
-9.978789999999999338e+01 1.820710000000000051e+01 8.242000000000000437e-01
-9.968689999999999429e+01 1.820710000000000051e+01 8.557280000000000442e-01
-9.966160000000000707e+01 1.826770000000000138e+01 8.453000000000000513e-01
-9.956059999999999377e+01 1.824749999999999872e+01 8.622999999999999554e-01
-9.940909999999999513e+01 1.816669999999999874e+01 8.258349999999999858e-01
-9.976260000000000616e+01 1.800509999999999877e+01 8.678200000000000358e-01
-9.973739999999999384e+01 1.822729999999999961e+01 8.453150000000000386e-01
-9.968689999999999429e+01 1.822729999999999961e+01 8.700750000000000428e-01
-9.973739999999999384e+01 1.838889999999999958e+01 8.646620000000000417e-01
-9.971210000000000662e+01 1.838889999999999958e+01 8.688590000000000479e-01
-9.935859999999999559e+01 1.818690000000000140e+01 8.385660000000000336e-01
-9.943429999999999325e+01 1.816669999999999874e+01 8.768759999999999888e-01
-9.940909999999999513e+01 1.816669999999999874e+01 8.661999999999999700e-01
-9.958589999999999520e+01 1.826770000000000138e+01 8.740759999999999641e-01
-9.973739999999999384e+01 1.814649999999999963e+01 8.741280000000000161e-01
-9.956059999999999377e+01 1.842930000000000135e+01 8.431189999999999518e-01
-9.938379999999999370e+01 1.808589999999999876e+01 8.370680000000000343e-01
-9.951009999999999422e+01 1.820710000000000051e+01 8.453040000000000553e-01
-9.966160000000000707e+01 1.818690000000000140e+01 8.744579999999999576e-01
-9.930809999999999604e+01 1.812630000000000052e+01 8.798460000000000170e-01
-9.956059999999999377e+01 1.826770000000000138e+01 8.520600000000000396e-01
-9.961109999999999332e+01 1.820710000000000051e+01 8.567420000000000035e-01
-9.958589999999999520e+01 1.824749999999999872e+01 8.930909999999999682e-01
-9.930809999999999604e+01 1.808589999999999876e+01 8.506930000000000325e-01
-9.966160000000000707e+01 1.810610000000000142e+01 8.316900000000000404e-01
-9.938379999999999370e+01 1.808589999999999876e+01 8.797399999999999665e-01
-9.958589999999999520e+01 1.814649999999999963e+01 8.488710000000000422e-01
-9.986360000000000525e+01 1.846969999999999956e+01 8.345120000000000315e-01
-9.971210000000000662e+01 1.808589999999999876e+01 8.396519999999999539e-01
-9.928279999999999461e+01 1.822729999999999961e+01 8.657749999999999613e-01
-9.933329999999999416e+01 1.822729999999999961e+01 8.125550000000000272e-01
-9.973739999999999384e+01 1.848989999999999867e+01 8.441349999999999687e-01
-9.948480000000000700e+01 1.826770000000000138e+01 8.899299999999999988e-01
-9.938379999999999370e+01 1.810610000000000142e+01 8.160060000000000091e-01
-9.938379999999999370e+01 1.816669999999999874e+01 8.779689999999999994e-01
-9.933329999999999416e+01 1.818690000000000140e+01 8.766939999999999733e-01
-9.925759999999999650e+01 1.826770000000000138e+01 8.311429999999999652e-01
-9.930809999999999604e+01 1.824749999999999872e+01 8.319130000000000136e-01
-9.963639999999999475e+01 1.826770000000000138e+01 8.728639999999999732e-01
-9.925759999999999650e+01 1.826770000000000138e+01 8.280690000000000550e-01
-9.913129999999999598e+01 1.830809999999999960e+01 8.452349999999999586e-01
-9.958589999999999520e+01 1.818690000000000140e+01 8.352810000000000512e-01
-9.966160000000000707e+01 1.812630000000000052e+01 8.642739999999999867e-01
-9.913129999999999598e+01 1.832829999999999870e+01 8.126619999999999955e-01
-9.986360000000000525e+01 1.826770000000000138e+01 8.776990000000000069e-01
-9.953539999999999566e+01 1.834850000000000136e+01 8.512669999999999959e-01
-9.910609999999999786e+01 1.824749999999999872e+01 8.467799999999999772e-01
-9.953539999999999566e+01 1.842930000000000135e+01 8.217330000000000467e-01
-9.928279999999999461e+01 1.818690000000000140e+01 8.547299999999999898e-01
-9.938379999999999370e+01 1.840909999999999869e+01 8.314690000000000136e-01
-9.976260000000000616e+01 1.848989999999999867e+01 8.325759999999999827e-01
-9.971210000000000662e+01 1.770200000000000173e+01 9.094640000000000502e-01
-9.986360000000000525e+01 1.770200000000000173e+01 8.877450000000000063e-01
-9.983839999999999293e+01 1.798479999999999990e+01 8.339109999999999578e-01
-9.966160000000000707e+01 1.836870000000000047e+01 8.624030000000000307e-01
-9.943429999999999325e+01 1.808589999999999876e+01 8.712560000000000304e-01
-9.951009999999999422e+01 1.826770000000000138e+01 8.623250000000000082e-01
-9.961109999999999332e+01 1.822729999999999961e+01 8.309229999999999672e-01
-9.963639999999999475e+01 1.826770000000000138e+01 8.441220000000000390e-01
-9.976260000000000616e+01 1.754040000000000177e+01 8.301269999999999483e-01
-9.968689999999999429e+01 1.816669999999999874e+01 9.004950000000000454e-01
-9.983839999999999293e+01 1.782319999999999993e+01 8.315160000000000329e-01
-9.961109999999999332e+01 1.768179999999999907e+01 8.624049999999999772e-01
-9.925759999999999650e+01 1.812630000000000052e+01 8.445909999999999807e-01
-9.971210000000000662e+01 1.764140000000000086e+01 8.937960000000000349e-01
-9.966160000000000707e+01 1.768179999999999907e+01 8.897690000000000321e-01
-9.983839999999999293e+01 1.830809999999999960e+01 8.339579999999999771e-01
-1.000151999999999930e+02 1.834850000000000136e+01 8.382840000000000291e-01
-9.998990000000000578e+01 1.830809999999999960e+01 8.354930000000000412e-01
-9.978789999999999338e+01 1.826770000000000138e+01 8.334279999999999466e-01
-9.920709999999999695e+01 1.820710000000000051e+01 8.427710000000000479e-01
-9.981310000000000571e+01 1.846969999999999956e+01 7.995619999999999949e-01
-9.948480000000000700e+01 1.846969999999999956e+01 8.519839999999999636e-01
-9.976260000000000616e+01 1.848989999999999867e+01 7.854499999999999815e-01
-9.973739999999999384e+01 1.824749999999999872e+01 8.361439999999999984e-01
-9.973739999999999384e+01 1.822729999999999961e+01 8.642309999999999715e-01
-9.986360000000000525e+01 1.844950000000000045e+01 8.469719999999999471e-01
-9.983839999999999293e+01 1.846969999999999956e+01 8.003050000000000441e-01
-1.000151999999999930e+02 1.836870000000000047e+01 8.435209999999999653e-01
-9.920709999999999695e+01 1.832829999999999870e+01 7.915259999999999518e-01
-9.910609999999999786e+01 1.826770000000000138e+01 8.437890000000000112e-01
-9.996460000000000434e+01 1.832829999999999870e+01 8.346980000000000510e-01
-9.945959999999999468e+01 1.824749999999999872e+01 8.240690000000000515e-01
-9.971210000000000662e+01 1.842930000000000135e+01 8.012989999999999835e-01
-9.956059999999999377e+01 1.836870000000000047e+01 8.534709999999999797e-01
-9.961109999999999332e+01 1.844950000000000045e+01 8.403420000000000334e-01
-9.953539999999999566e+01 1.842930000000000135e+01 8.333629999999999649e-01
-9.948480000000000700e+01 1.816669999999999874e+01 8.626040000000000374e-01
-9.983839999999999293e+01 1.844950000000000045e+01 8.436289999999999623e-01
-1.000151999999999930e+02 1.851010000000000133e+01 8.787340000000000151e-01
-9.981310000000000571e+01 1.822729999999999961e+01 8.429729999999999723e-01
-9.976260000000000616e+01 1.760099999999999909e+01 8.694669999999999899e-01
-9.923229999999999507e+01 1.830809999999999960e+01 8.877049999999999663e-01
-1.000657000000000068e+02 1.840909999999999869e+01 8.011019999999999808e-01
-1.001919000000000040e+02 1.838889999999999958e+01 8.587590000000000501e-01
-1.000909000000000049e+02 1.812630000000000052e+01 8.749630000000000463e-01
-1.004192000000000036e+02 1.838889999999999958e+01 8.371389999999999665e-01
-9.973739999999999384e+01 1.824749999999999872e+01 8.309020000000000294e-01
-1.001919000000000040e+02 1.834850000000000136e+01 8.310459999999999514e-01
-9.948480000000000700e+01 1.844950000000000045e+01 8.140060000000000073e-01
-9.940909999999999513e+01 1.820710000000000051e+01 8.269389999999999796e-01
-9.963639999999999475e+01 1.812630000000000052e+01 8.438830000000000497e-01
-1.000151999999999930e+02 1.830809999999999960e+01 8.671720000000000539e-01
-9.993940000000000623e+01 1.822729999999999961e+01 8.109030000000000404e-01
-9.996460000000000434e+01 1.840909999999999869e+01 7.962489999999999846e-01
-9.923229999999999507e+01 1.806569999999999965e+01 8.640370000000000550e-01
-9.963639999999999475e+01 1.836870000000000047e+01 8.291539999999999466e-01
-9.958589999999999520e+01 1.816669999999999874e+01 8.387529999999999708e-01
-9.971210000000000662e+01 1.830809999999999960e+01 8.090640000000000054e-01
-9.940909999999999513e+01 1.842930000000000135e+01 8.543269999999999476e-01
-9.953539999999999566e+01 1.838889999999999958e+01 8.114409999999999679e-01
-9.953539999999999566e+01 1.842930000000000135e+01 8.217780000000000085e-01
-9.890399999999999636e+01 1.766159999999999997e+01 8.084869999999999557e-01
-9.948480000000000700e+01 1.812630000000000052e+01 8.349280000000000035e-01
-9.938379999999999370e+01 1.840909999999999869e+01 8.320959999999999468e-01
-9.998990000000000578e+01 1.834850000000000136e+01 8.604559999999999986e-01
-9.953539999999999566e+01 1.832829999999999870e+01 8.534720000000000084e-01
-9.953539999999999566e+01 1.836870000000000047e+01 8.513929999999999554e-01
-9.951009999999999422e+01 1.844950000000000045e+01 8.638000000000000123e-01
-9.948480000000000700e+01 1.844950000000000045e+01 7.994350000000000067e-01
-9.913129999999999598e+01 1.832829999999999870e+01 8.272469999999999546e-01
-9.913129999999999598e+01 1.832829999999999870e+01 8.449860000000000149e-01
-9.940909999999999513e+01 1.828790000000000049e+01 8.419330000000000425e-01
-9.971210000000000662e+01 1.836870000000000047e+01 8.263549999999999507e-01
-9.953539999999999566e+01 1.842930000000000135e+01 8.601050000000000084e-01
-9.953539999999999566e+01 1.838889999999999958e+01 8.525500000000000300e-01
-9.991410000000000480e+01 1.836870000000000047e+01 8.438090000000000312e-01
-9.923229999999999507e+01 1.832829999999999870e+01 8.329889999999999795e-01
-9.928279999999999461e+01 1.814649999999999963e+01 8.742280000000000051e-01
-9.910609999999999786e+01 1.830809999999999960e+01 8.374120000000000452e-01
-9.928279999999999461e+01 1.814649999999999963e+01 8.746230000000000393e-01
-9.908079999999999643e+01 1.830809999999999960e+01 8.379339999999999566e-01
-9.948480000000000700e+01 1.832829999999999870e+01 8.613490000000000313e-01
-9.920709999999999695e+01 1.826770000000000138e+01 8.216360000000000330e-01
-9.928279999999999461e+01 1.828790000000000049e+01 8.565930000000000488e-01
-9.930809999999999604e+01 1.828790000000000049e+01 8.173700000000000410e-01
-9.953539999999999566e+01 1.818690000000000140e+01 8.854549999999999921e-01
-9.920709999999999695e+01 1.824749999999999872e+01 8.781430000000000069e-01
-9.905559999999999832e+01 1.802530000000000143e+01 8.612429999999999808e-01
-9.930809999999999604e+01 1.818690000000000140e+01 8.746180000000000065e-01
-9.920709999999999695e+01 1.816669999999999874e+01 8.828279999999999461e-01
-9.923229999999999507e+01 1.832829999999999870e+01 8.464979999999999727e-01
-9.930809999999999604e+01 1.808589999999999876e+01 8.489609999999999657e-01
-9.920709999999999695e+01 1.820710000000000051e+01 8.388069999999999693e-01
-9.913129999999999598e+01 1.830809999999999960e+01 8.450790000000000246e-01
-9.948480000000000700e+01 1.830809999999999960e+01 8.430569999999999453e-01
-9.956059999999999377e+01 1.820710000000000051e+01 8.501330000000000275e-01
-9.933329999999999416e+01 1.820710000000000051e+01 8.973740000000000050e-01
-9.925759999999999650e+01 1.818690000000000140e+01 8.513629999999999809e-01
-9.956059999999999377e+01 1.826770000000000138e+01 8.515040000000000386e-01
-9.887879999999999825e+01 1.812630000000000052e+01 8.410039999999999738e-01
-9.938379999999999370e+01 1.816669999999999874e+01 8.467040000000000122e-01
-9.933329999999999416e+01 1.816669999999999874e+01 8.632549999999999946e-01
-9.928279999999999461e+01 1.816669999999999874e+01 8.904779999999999918e-01
-9.933329999999999416e+01 1.818690000000000140e+01 8.861700000000000133e-01
-9.958589999999999520e+01 1.820710000000000051e+01 8.586420000000000163e-01
-9.910609999999999786e+01 1.824749999999999872e+01 8.391650000000000498e-01
-9.920709999999999695e+01 1.820710000000000051e+01 8.217470000000000052e-01
-9.971210000000000662e+01 1.814649999999999963e+01 8.502439999999999998e-01
-9.951009999999999422e+01 1.840909999999999869e+01 8.381619999999999626e-01
-9.958589999999999520e+01 1.840909999999999869e+01 7.894330000000000513e-01
-9.956059999999999377e+01 1.838889999999999958e+01 8.194620000000000237e-01
-9.951009999999999422e+01 1.836870000000000047e+01 8.337879999999999736e-01
-9.958589999999999520e+01 1.836870000000000047e+01 8.416949999999999710e-01
-9.973739999999999384e+01 1.844950000000000045e+01 8.445829999999999727e-01
-9.956059999999999377e+01 1.840909999999999869e+01 8.364749999999999686e-01
-9.958589999999999520e+01 1.820710000000000051e+01 8.431370000000000253e-01
-9.956059999999999377e+01 1.824749999999999872e+01 8.312019999999999964e-01
-9.961109999999999332e+01 1.838889999999999958e+01 8.302169999999999828e-01
-9.961109999999999332e+01 1.818690000000000140e+01 8.452340000000000408e-01
-9.958589999999999520e+01 1.826770000000000138e+01 8.489200000000000079e-01
-9.948480000000000700e+01 1.836870000000000047e+01 8.260999999999999455e-01
-9.956059999999999377e+01 1.838889999999999958e+01 8.299279999999999990e-01
-9.956059999999999377e+01 1.822729999999999961e+01 8.608860000000000401e-01
-9.958589999999999520e+01 1.834850000000000136e+01 8.492960000000000509e-01
-9.963639999999999475e+01 1.816669999999999874e+01 8.826089999999999769e-01
-9.956059999999999377e+01 1.840909999999999869e+01 8.304639999999999800e-01
-9.983839999999999293e+01 1.824749999999999872e+01 8.553849999999999509e-01
-9.966160000000000707e+01 1.802530000000000143e+01 8.892309999999999937e-01
-9.966160000000000707e+01 1.814649999999999963e+01 8.557599999999999651e-01
-9.961109999999999332e+01 1.802530000000000143e+01 8.199750000000000094e-01
-9.973739999999999384e+01 1.820710000000000051e+01 8.206130000000000368e-01
-9.958589999999999520e+01 1.826770000000000138e+01 8.619970000000000132e-01
-9.961109999999999332e+01 1.810610000000000142e+01 8.615789999999999837e-01
-9.966160000000000707e+01 1.812630000000000052e+01 8.234850000000000225e-01
-9.963639999999999475e+01 1.808589999999999876e+01 8.625730000000000341e-01
-9.973739999999999384e+01 1.818690000000000140e+01 8.878329999999999833e-01
-9.968689999999999429e+01 1.832829999999999870e+01 8.326689999999999925e-01
-9.966160000000000707e+01 1.826770000000000138e+01 8.006199999999999983e-01
-9.966160000000000707e+01 1.822729999999999961e+01 8.728139999999999787e-01
-9.976260000000000616e+01 1.842930000000000135e+01 8.152270000000000350e-01
-9.973739999999999384e+01 1.842930000000000135e+01 8.461769999999999570e-01
-9.940909999999999513e+01 1.840909999999999869e+01 8.374030000000000085e-01
-9.978789999999999338e+01 1.842930000000000135e+01 8.160469999999999668e-01
-1.005707000000000022e+02 1.950000000000000000e+01 7.955410000000000537e-01
-9.976260000000000616e+01 1.834850000000000136e+01 8.608010000000000383e-01
-9.978789999999999338e+01 1.846969999999999956e+01 8.518970000000000153e-01
-9.983839999999999293e+01 1.844950000000000045e+01 8.436780000000000390e-01
-9.986360000000000525e+01 1.846969999999999956e+01 8.176769999999999872e-01
-9.958589999999999520e+01 1.844950000000000045e+01 8.870569999999999844e-01
-1.001414000000000044e+02 1.830809999999999960e+01 8.333319999999999617e-01
-9.966160000000000707e+01 1.806569999999999965e+01 8.567479999999999540e-01
-9.953539999999999566e+01 1.828790000000000049e+01 8.287600000000000522e-01
-9.953539999999999566e+01 1.838889999999999958e+01 8.181920000000000304e-01
-9.981310000000000571e+01 1.844950000000000045e+01 8.325860000000000483e-01
-9.978789999999999338e+01 1.832829999999999870e+01 8.375559999999999672e-01
-9.973739999999999384e+01 1.842930000000000135e+01 8.448719999999999564e-01
-9.966160000000000707e+01 1.822729999999999961e+01 8.977530000000000232e-01
-9.976260000000000616e+01 1.838889999999999958e+01 8.350379999999999470e-01
-9.996460000000000434e+01 1.826770000000000138e+01 8.437249999999999472e-01
-9.948480000000000700e+01 1.830809999999999960e+01 8.241669999999999829e-01
-9.983839999999999293e+01 1.834850000000000136e+01 8.673440000000000039e-01
-9.968689999999999429e+01 1.798479999999999990e+01 8.221629999999999772e-01
-9.988890000000000668e+01 1.826770000000000138e+01 8.237799999999999567e-01
-9.963639999999999475e+01 1.816669999999999874e+01 8.643859999999999877e-01
-9.961109999999999332e+01 1.798479999999999990e+01 8.631670000000000176e-01
-9.953539999999999566e+01 1.806569999999999965e+01 8.715800000000000214e-01
-9.961109999999999332e+01 1.806569999999999965e+01 8.296480000000000521e-01
-9.953539999999999566e+01 1.820710000000000051e+01 8.214709999999999512e-01
-9.988890000000000668e+01 1.828790000000000049e+01 8.469039999999999901e-01
-9.956059999999999377e+01 1.826770000000000138e+01 8.701389999999999958e-01
-9.968689999999999429e+01 1.816669999999999874e+01 8.631799999999999473e-01
-9.951009999999999422e+01 1.810610000000000142e+01 8.722720000000000473e-01
-9.953539999999999566e+01 1.844950000000000045e+01 8.447580000000000089e-01
-9.915659999999999741e+01 1.832829999999999870e+01 8.467519999999999492e-01
-9.938379999999999370e+01 1.838889999999999958e+01 8.710919999999999774e-01
-9.928279999999999461e+01 1.828790000000000049e+01 8.401800000000000379e-01
-9.940909999999999513e+01 1.842930000000000135e+01 8.542170000000000041e-01
-9.940909999999999513e+01 1.840909999999999869e+01 8.613849999999999563e-01
-9.953539999999999566e+01 1.840909999999999869e+01 8.347809999999999953e-01
-9.935859999999999559e+01 1.836870000000000047e+01 8.654870000000000063e-01
-9.923229999999999507e+01 1.824749999999999872e+01 8.491889999999999716e-01
-9.913129999999999598e+01 1.830809999999999960e+01 8.176069999999999727e-01
-9.910609999999999786e+01 1.824749999999999872e+01 8.465420000000000167e-01
-9.923229999999999507e+01 1.826770000000000138e+01 8.543650000000000411e-01
-9.913129999999999598e+01 1.824749999999999872e+01 8.160939999999999861e-01
-9.930809999999999604e+01 1.828790000000000049e+01 8.639250000000000540e-01
-9.923229999999999507e+01 1.832829999999999870e+01 8.434369999999999923e-01
-9.920709999999999695e+01 1.820710000000000051e+01 8.509879999999999667e-01
-9.910609999999999786e+01 1.822729999999999961e+01 8.283869999999999845e-01
-9.956059999999999377e+01 1.836870000000000047e+01 8.288109999999999644e-01
-9.976260000000000616e+01 1.834850000000000136e+01 8.275090000000000501e-01
-9.981310000000000571e+01 1.834850000000000136e+01 8.220650000000000457e-01
-9.948480000000000700e+01 1.820710000000000051e+01 8.109210000000000029e-01
-9.988890000000000668e+01 1.836870000000000047e+01 8.263530000000000042e-01
-1.001162000000000063e+02 1.830809999999999960e+01 8.548069999999999835e-01
-9.983839999999999293e+01 1.830809999999999960e+01 8.259159999999999835e-01
-9.978789999999999338e+01 1.822729999999999961e+01 8.540389999999999926e-01
-9.983839999999999293e+01 1.848989999999999867e+01 8.032369999999999788e-01
-9.930809999999999604e+01 1.816669999999999874e+01 8.583340000000000414e-01
-9.951009999999999422e+01 1.820710000000000051e+01 8.384399999999999631e-01
-9.976260000000000616e+01 1.824749999999999872e+01 7.977459999999999551e-01
-9.943429999999999325e+01 1.818690000000000140e+01 8.570860000000000145e-01
-9.963639999999999475e+01 1.838889999999999958e+01 8.108840000000000492e-01
-9.971210000000000662e+01 1.836870000000000047e+01 8.155459999999999932e-01
-9.961109999999999332e+01 1.834850000000000136e+01 8.365690000000000071e-01
-9.978789999999999338e+01 1.840909999999999869e+01 8.296499999999999986e-01
-9.966160000000000707e+01 1.832829999999999870e+01 8.513659999999999561e-01
-9.966160000000000707e+01 1.834850000000000136e+01 8.374089999999999590e-01
-9.986360000000000525e+01 1.824749999999999872e+01 8.278520000000000323e-01
-9.976260000000000616e+01 1.840909999999999869e+01 8.530900000000000150e-01
-9.981310000000000571e+01 1.832829999999999870e+01 8.529600000000000515e-01
-9.996460000000000434e+01 1.838889999999999958e+01 8.482300000000000395e-01
-9.958589999999999520e+01 1.828790000000000049e+01 8.402749999999999941e-01
-9.963639999999999475e+01 1.830809999999999960e+01 8.340039999999999676e-01
-9.968689999999999429e+01 1.818690000000000140e+01 8.418870000000000520e-01
-9.953539999999999566e+01 1.834850000000000136e+01 8.300140000000000295e-01
-9.973739999999999384e+01 1.842930000000000135e+01 8.519510000000000138e-01
-9.983839999999999293e+01 1.830809999999999960e+01 8.488890000000000047e-01
-9.973739999999999384e+01 1.814649999999999963e+01 8.096309999999999896e-01
-9.966160000000000707e+01 1.846969999999999956e+01 8.356820000000000359e-01
-9.983839999999999293e+01 1.844950000000000045e+01 8.301150000000000473e-01
-9.973739999999999384e+01 1.806569999999999965e+01 8.380849999999999689e-01
-9.976260000000000616e+01 1.832829999999999870e+01 8.091230000000000366e-01
-9.961109999999999332e+01 1.822729999999999961e+01 8.672079999999999789e-01
-9.951009999999999422e+01 1.832829999999999870e+01 8.513640000000000096e-01
-9.940909999999999513e+01 1.838889999999999958e+01 8.355369999999999742e-01
-9.968689999999999429e+01 1.812630000000000052e+01 8.625979999999999759e-01
-9.973739999999999384e+01 1.814649999999999963e+01 8.427569999999999784e-01
-9.973739999999999384e+01 1.834850000000000136e+01 8.595399999999999707e-01
-9.976260000000000616e+01 1.826770000000000138e+01 8.365479999999999583e-01
-9.978789999999999338e+01 1.840909999999999869e+01 8.159340000000000481e-01
-9.993940000000000623e+01 1.838889999999999958e+01 8.482460000000000555e-01
-9.958589999999999520e+01 1.808589999999999876e+01 8.666620000000000434e-01
-9.966160000000000707e+01 1.834850000000000136e+01 8.124820000000000375e-01
-9.976260000000000616e+01 1.832829999999999870e+01 8.284909999999999775e-01
-9.991410000000000480e+01 1.836870000000000047e+01 8.398750000000000382e-01
-9.948480000000000700e+01 1.832829999999999870e+01 8.519090000000000273e-01
-9.920709999999999695e+01 1.824749999999999872e+01 8.641560000000000352e-01
-9.930809999999999604e+01 1.824749999999999872e+01 8.493650000000000366e-01
-9.935859999999999559e+01 1.818690000000000140e+01 8.598850000000000104e-01
-9.923229999999999507e+01 1.832829999999999870e+01 8.096020000000000438e-01
-9.910609999999999786e+01 1.830809999999999960e+01 8.083069999999999977e-01
-9.910609999999999786e+01 1.820710000000000051e+01 8.728690000000000060e-01
-9.935859999999999559e+01 1.816669999999999874e+01 8.496869999999999701e-01
-9.925759999999999650e+01 1.814649999999999963e+01 8.721999999999999753e-01
-9.920709999999999695e+01 1.832829999999999870e+01 8.232939999999999703e-01
-9.928279999999999461e+01 1.816669999999999874e+01 8.636730000000000240e-01
-9.915659999999999741e+01 1.826770000000000138e+01 8.449799999999999534e-01
-9.938379999999999370e+01 1.816669999999999874e+01 8.982059999999999489e-01
-9.920709999999999695e+01 1.824749999999999872e+01 8.469630000000000214e-01
-9.958589999999999520e+01 1.802530000000000143e+01 8.363040000000000473e-01
-9.928279999999999461e+01 1.808589999999999876e+01 8.910430000000000295e-01
-9.956059999999999377e+01 1.816669999999999874e+01 8.743779999999999886e-01
-9.943429999999999325e+01 1.844950000000000045e+01 8.389159999999999950e-01
-9.951009999999999422e+01 1.834850000000000136e+01 8.288229999999999764e-01
-9.925759999999999650e+01 1.828790000000000049e+01 8.427940000000000431e-01
-9.918179999999999552e+01 1.826770000000000138e+01 8.371159999999999712e-01
-9.993940000000000623e+01 1.804550000000000054e+01 8.437890000000000112e-01
-9.940909999999999513e+01 1.816669999999999874e+01 8.583260000000000334e-01
-9.933329999999999416e+01 1.804550000000000054e+01 8.623110000000000497e-01
-9.940909999999999513e+01 1.812630000000000052e+01 8.735730000000000439e-01
-9.930809999999999604e+01 1.812630000000000052e+01 8.887620000000000520e-01
-9.943429999999999325e+01 1.826770000000000138e+01 8.892759999999999554e-01
-9.973739999999999384e+01 1.838889999999999958e+01 8.459569999999999590e-01
-9.958589999999999520e+01 1.836870000000000047e+01 8.414789999999999770e-01
-9.976260000000000616e+01 1.838889999999999958e+01 8.529419999999999780e-01
-9.945959999999999468e+01 1.818690000000000140e+01 8.517919999999999936e-01
-9.961109999999999332e+01 1.820710000000000051e+01 8.505559999999999787e-01
-9.976260000000000616e+01 1.832829999999999870e+01 8.273960000000000203e-01
-9.958589999999999520e+01 1.826770000000000138e+01 8.259809999999999652e-01
-9.961109999999999332e+01 1.814649999999999963e+01 8.818080000000000362e-01
-9.956059999999999377e+01 1.832829999999999870e+01 8.707930000000000392e-01
-9.958589999999999520e+01 1.828790000000000049e+01 8.375390000000000335e-01
-9.935859999999999559e+01 1.808589999999999876e+01 8.571999999999999620e-01
-9.933329999999999416e+01 1.814649999999999963e+01 8.641499999999999737e-01
-9.958589999999999520e+01 1.822729999999999961e+01 8.282279999999999642e-01
-9.940909999999999513e+01 1.814649999999999963e+01 8.508930000000000105e-01
-9.958589999999999520e+01 1.818690000000000140e+01 8.810529999999999751e-01
-9.993940000000000623e+01 1.848989999999999867e+01 8.549390000000000045e-01
-9.973739999999999384e+01 1.822729999999999961e+01 8.686300000000000132e-01
-9.940909999999999513e+01 1.818690000000000140e+01 8.641429999999999945e-01
-9.961109999999999332e+01 1.822729999999999961e+01 8.238440000000000207e-01
-9.961109999999999332e+01 1.820710000000000051e+01 8.896349999999999536e-01
-9.953539999999999566e+01 1.826770000000000138e+01 8.468830000000000524e-01
-1.000404000000000053e+02 1.848989999999999867e+01 8.080330000000000013e-01
-9.928279999999999461e+01 1.810610000000000142e+01 8.928549999999999542e-01
-9.935859999999999559e+01 1.810610000000000142e+01 8.196890000000000009e-01
-9.956059999999999377e+01 1.812630000000000052e+01 8.456270000000000175e-01
-9.976260000000000616e+01 1.816669999999999874e+01 8.531079999999999774e-01
-9.958589999999999520e+01 1.836870000000000047e+01 8.496219999999999883e-01
-9.993940000000000623e+01 1.782319999999999993e+01 8.602750000000000119e-01
-9.983839999999999293e+01 1.844950000000000045e+01 8.683079999999999687e-01
-9.983839999999999293e+01 1.836870000000000047e+01 8.495949999999999891e-01
-9.951009999999999422e+01 1.824749999999999872e+01 8.728169999999999540e-01
-9.996460000000000434e+01 1.820710000000000051e+01 8.798449999999999882e-01
-9.988890000000000668e+01 1.846969999999999956e+01 8.265109999999999957e-01
-9.943429999999999325e+01 1.812630000000000052e+01 8.375650000000000039e-01
-1.000404000000000053e+02 1.834850000000000136e+01 8.305329999999999657e-01
-1.000151999999999930e+02 1.830809999999999960e+01 8.152059999999999862e-01
-9.996460000000000434e+01 1.832829999999999870e+01 8.609229999999999938e-01
-9.976260000000000616e+01 1.848989999999999867e+01 7.765579999999999705e-01
-9.933329999999999416e+01 1.834850000000000136e+01 8.500269999999999770e-01
-9.938379999999999370e+01 1.840909999999999869e+01 8.696709999999999718e-01
-9.945959999999999468e+01 1.844950000000000045e+01 8.488820000000000254e-01
-9.920709999999999695e+01 1.834850000000000136e+01 8.288879999999999582e-01
-9.966160000000000707e+01 1.840909999999999869e+01 8.391530000000000378e-01
-9.920709999999999695e+01 1.830809999999999960e+01 7.960730000000000306e-01
-9.961109999999999332e+01 1.834850000000000136e+01 8.471440000000000081e-01
-9.940909999999999513e+01 1.818690000000000140e+01 8.445570000000000022e-01
-9.943429999999999325e+01 1.842930000000000135e+01 8.733180000000000387e-01
-9.945959999999999468e+01 1.816669999999999874e+01 8.257069999999999688e-01
-9.928279999999999461e+01 1.816669999999999874e+01 8.511689999999999534e-01
-9.948480000000000700e+01 1.842930000000000135e+01 8.298699999999999966e-01
-9.940909999999999513e+01 1.836870000000000047e+01 8.263730000000000242e-01
-9.973739999999999384e+01 1.834850000000000136e+01 8.155160000000000187e-01
-9.981310000000000571e+01 1.851010000000000133e+01 7.951810000000000267e-01
-9.920709999999999695e+01 1.822729999999999961e+01 8.366639999999999633e-01
-9.925759999999999650e+01 1.826770000000000138e+01 8.378499999999999837e-01
-9.938379999999999370e+01 1.828790000000000049e+01 8.289389999999999814e-01
-9.925759999999999650e+01 1.832829999999999870e+01 8.368889999999999940e-01
-9.923229999999999507e+01 1.822729999999999961e+01 8.488539999999999974e-01
-9.920709999999999695e+01 1.826770000000000138e+01 8.358179999999999499e-01
-9.943429999999999325e+01 1.834850000000000136e+01 8.301380000000000425e-01
-9.956059999999999377e+01 1.842930000000000135e+01 8.523849999999999483e-01
-9.961109999999999332e+01 1.840909999999999869e+01 8.330410000000000315e-01
-9.951009999999999422e+01 1.840909999999999869e+01 8.574340000000000295e-01
-9.968689999999999429e+01 1.844950000000000045e+01 8.388010000000000188e-01
-9.925759999999999650e+01 1.826770000000000138e+01 8.708479999999999555e-01
-9.966160000000000707e+01 1.822729999999999961e+01 8.480220000000000535e-01
-9.968689999999999429e+01 1.824749999999999872e+01 8.667289999999999717e-01
-9.978789999999999338e+01 1.828790000000000049e+01 8.780799999999999716e-01
-1.000151999999999930e+02 1.838889999999999958e+01 8.725800000000000223e-01
-9.951009999999999422e+01 1.838889999999999958e+01 8.591370000000000395e-01
-1.009746999999999986e+02 1.903539999999999921e+01 8.033900000000000485e-01
-9.976260000000000616e+01 1.824749999999999872e+01 8.540180000000000549e-01
-9.935859999999999559e+01 1.816669999999999874e+01 8.258539999999999770e-01
-9.993940000000000623e+01 1.818690000000000140e+01 8.440159999999999885e-01
-1.004949000000000012e+02 1.806569999999999965e+01 8.769689999999999985e-01
-9.976260000000000616e+01 1.828790000000000049e+01 8.361199999999999743e-01
-9.981310000000000571e+01 1.842930000000000135e+01 8.265679999999999694e-01
-9.973739999999999384e+01 1.840909999999999869e+01 7.966440000000000188e-01
-9.920709999999999695e+01 1.816669999999999874e+01 8.965710000000000068e-01
-9.948480000000000700e+01 1.834850000000000136e+01 8.194139999999999757e-01
-9.913129999999999598e+01 1.824749999999999872e+01 7.797330000000000094e-01
-9.918179999999999552e+01 1.824749999999999872e+01 8.343059999999999921e-01
-9.923229999999999507e+01 1.826770000000000138e+01 8.558949999999999614e-01
-9.923229999999999507e+01 1.818690000000000140e+01 8.069790000000000019e-01
-9.923229999999999507e+01 1.826770000000000138e+01 8.588440000000000518e-01
-9.940909999999999513e+01 1.816669999999999874e+01 8.364470000000000516e-01
-9.930809999999999604e+01 1.824749999999999872e+01 8.522100000000000231e-01
-9.928279999999999461e+01 1.814649999999999963e+01 8.622509999999999897e-01
-9.918179999999999552e+01 1.826770000000000138e+01 8.376019999999999577e-01
-9.910609999999999786e+01 1.812630000000000052e+01 8.713790000000000147e-01
-9.930809999999999604e+01 1.822729999999999961e+01 8.479600000000000470e-01
-9.925759999999999650e+01 1.840909999999999869e+01 7.994019999999999460e-01
-9.928279999999999461e+01 1.832829999999999870e+01 8.310629999999999962e-01
-9.913129999999999598e+01 1.824749999999999872e+01 8.312599999999999989e-01
-9.933329999999999416e+01 1.824749999999999872e+01 8.645840000000000192e-01
-9.953539999999999566e+01 1.832829999999999870e+01 8.603129999999999944e-01
-9.963639999999999475e+01 1.820710000000000051e+01 8.709019999999999539e-01
-9.938379999999999370e+01 1.842930000000000135e+01 8.287419999999999787e-01
-9.951009999999999422e+01 1.842930000000000135e+01 8.351410000000000222e-01
-9.913129999999999598e+01 1.834850000000000136e+01 7.660690000000000000e-01
-9.953539999999999566e+01 1.838889999999999958e+01 8.299499999999999655e-01
-9.943429999999999325e+01 1.832829999999999870e+01 8.205090000000000439e-01
-9.933329999999999416e+01 1.808589999999999876e+01 8.324270000000000280e-01
-9.925759999999999650e+01 1.834850000000000136e+01 8.675019999999999953e-01
-9.938379999999999370e+01 1.834850000000000136e+01 8.224700000000000344e-01
-9.958589999999999520e+01 1.834850000000000136e+01 8.536859999999999449e-01
-9.935859999999999559e+01 1.834850000000000136e+01 8.639040000000000052e-01
-9.933329999999999416e+01 1.824749999999999872e+01 8.463950000000000085e-01
-9.953539999999999566e+01 1.842930000000000135e+01 8.338560000000000416e-01
-9.956059999999999377e+01 1.816669999999999874e+01 8.326639999999999597e-01
-9.951009999999999422e+01 1.820710000000000051e+01 9.034259999999999513e-01
-9.920709999999999695e+01 1.820710000000000051e+01 8.204639999999999711e-01
-9.933329999999999416e+01 1.826770000000000138e+01 8.585439999999999738e-01
-9.920709999999999695e+01 1.820710000000000051e+01 8.553870000000000084e-01
-9.938379999999999370e+01 1.814649999999999963e+01 8.642459999999999587e-01
-9.938379999999999370e+01 1.824749999999999872e+01 8.587979999999999503e-01
-9.973739999999999384e+01 1.836870000000000047e+01 8.473150000000000404e-01
-9.956059999999999377e+01 1.836870000000000047e+01 8.433500000000000441e-01
-9.973739999999999384e+01 1.840909999999999869e+01 8.427419999999999911e-01
-9.981310000000000571e+01 1.826770000000000138e+01 8.876509999999999678e-01
-9.973739999999999384e+01 1.840909999999999869e+01 8.467909999999999604e-01
-9.956059999999999377e+01 1.826770000000000138e+01 8.196799999999999642e-01
-9.991410000000000480e+01 1.855049999999999955e+01 7.742999999999999883e-01
-9.978789999999999338e+01 1.828790000000000049e+01 8.449029999999999596e-01
-9.956059999999999377e+01 1.824749999999999872e+01 8.710369999999999502e-01
-9.935859999999999559e+01 1.838889999999999958e+01 8.360419999999999519e-01
-9.956059999999999377e+01 1.834850000000000136e+01 8.712590000000000057e-01
-9.958589999999999520e+01 1.838889999999999958e+01 8.394399999999999640e-01
-9.988890000000000668e+01 1.838889999999999958e+01 8.482229999999999492e-01
-9.973739999999999384e+01 1.842930000000000135e+01 8.386019999999999586e-01
-9.951009999999999422e+01 1.840909999999999869e+01 8.382669999999999844e-01
-9.945959999999999468e+01 1.830809999999999960e+01 8.199800000000000422e-01
-9.976260000000000616e+01 1.832829999999999870e+01 8.419659999999999922e-01
-9.963639999999999475e+01 1.834850000000000136e+01 8.619820000000000260e-01
-9.956059999999999377e+01 1.840909999999999869e+01 8.395989999999999842e-01
-1.000151999999999930e+02 1.851010000000000133e+01 8.370199999999999863e-01
-9.953539999999999566e+01 1.851010000000000133e+01 8.752229999999999732e-01
-9.966160000000000707e+01 1.836870000000000047e+01 8.003249999999999531e-01
-9.986360000000000525e+01 1.838889999999999958e+01 8.512589999999999879e-01
-9.981310000000000571e+01 1.836870000000000047e+01 8.374869999999999814e-01
-9.978789999999999338e+01 1.851010000000000133e+01 8.212099999999999955e-01
-9.983839999999999293e+01 1.842930000000000135e+01 8.050040000000000529e-01
-9.996460000000000434e+01 1.840909999999999869e+01 8.140129999999999866e-01
-9.935859999999999559e+01 1.814649999999999963e+01 8.452469999999999706e-01
-9.923229999999999507e+01 1.794440000000000168e+01 7.971179999999999932e-01
-9.963639999999999475e+01 1.822729999999999961e+01 8.324089999999999545e-01
-9.991410000000000480e+01 1.822729999999999961e+01 8.700909999999999478e-01
-9.981310000000000571e+01 1.848989999999999867e+01 8.322580000000000533e-01
-9.978789999999999338e+01 1.812630000000000052e+01 8.473540000000000516e-01
-9.953539999999999566e+01 1.832829999999999870e+01 8.400180000000000424e-01
-9.961109999999999332e+01 1.808589999999999876e+01 8.660330000000000528e-01
-9.963639999999999475e+01 1.828790000000000049e+01 8.570149999999999713e-01
-9.998990000000000578e+01 1.774239999999999995e+01 8.992139999999999578e-01
-9.971210000000000662e+01 1.806569999999999965e+01 8.501919999999999478e-01
-9.961109999999999332e+01 1.808589999999999876e+01 8.683959999999999457e-01
-9.948480000000000700e+01 1.810610000000000142e+01 8.951400000000000468e-01
-9.973739999999999384e+01 1.824749999999999872e+01 8.673049999999999926e-01
-1.000151999999999930e+02 1.844950000000000045e+01 8.304679999999999840e-01
-9.951009999999999422e+01 1.832829999999999870e+01 8.362030000000000296e-01
-9.968689999999999429e+01 1.822729999999999961e+01 8.797340000000000160e-01
-9.958589999999999520e+01 1.828790000000000049e+01 8.237929999999999975e-01
-9.978789999999999338e+01 1.826770000000000138e+01 8.573190000000000532e-01
-9.953539999999999566e+01 1.818690000000000140e+01 8.500630000000000130e-01
-9.956059999999999377e+01 1.824749999999999872e+01 8.708639999999999715e-01
-9.958589999999999520e+01 1.816669999999999874e+01 8.699299999999999811e-01
-9.976260000000000616e+01 1.814649999999999963e+01 8.682809999999999695e-01
-9.976260000000000616e+01 1.800509999999999877e+01 8.811600000000000543e-01
-9.973739999999999384e+01 1.828790000000000049e+01 8.427780000000000271e-01
-9.976260000000000616e+01 1.830809999999999960e+01 8.679320000000000368e-01
-9.953539999999999566e+01 1.826770000000000138e+01 8.612530000000000463e-01
-9.953539999999999566e+01 1.826770000000000138e+01 8.312460000000000404e-01
-9.968689999999999429e+01 1.822729999999999961e+01 8.502309999999999590e-01
-9.925759999999999650e+01 1.830809999999999960e+01 8.229560000000000208e-01
-9.976260000000000616e+01 1.800509999999999877e+01 8.652779999999999916e-01
-9.956059999999999377e+01 1.820710000000000051e+01 8.727859999999999507e-01
-9.935859999999999559e+01 1.818690000000000140e+01 8.802130000000000232e-01
-9.986360000000000525e+01 1.760099999999999909e+01 8.707629999999999537e-01
-9.958589999999999520e+01 1.822729999999999961e+01 8.199650000000000549e-01
-9.978789999999999338e+01 1.772220000000000084e+01 8.931799999999999740e-01
-9.968689999999999429e+01 1.768179999999999907e+01 8.803109999999999546e-01
-9.925759999999999650e+01 1.798479999999999990e+01 8.661520000000000330e-01
-9.938379999999999370e+01 1.790399999999999991e+01 8.095029999999999726e-01
-9.933329999999999416e+01 1.810610000000000142e+01 8.732480000000000242e-01
-9.963639999999999475e+01 1.816669999999999874e+01 8.695549999999999669e-01
-9.943429999999999325e+01 1.808589999999999876e+01 8.440450000000000452e-01
-9.968689999999999429e+01 1.822729999999999961e+01 8.577700000000000324e-01
-9.966160000000000707e+01 1.770200000000000173e+01 8.849110000000000031e-01
-9.935859999999999559e+01 1.818690000000000140e+01 8.681320000000000148e-01
-9.953539999999999566e+01 1.830809999999999960e+01 8.500440000000000218e-01
-9.930809999999999604e+01 1.812630000000000052e+01 8.621210000000000262e-01
-9.933329999999999416e+01 1.804550000000000054e+01 8.636080000000000423e-01
-9.968689999999999429e+01 1.810610000000000142e+01 8.471870000000000234e-01
-9.953539999999999566e+01 1.824749999999999872e+01 8.165019999999999500e-01
-9.940909999999999513e+01 1.806569999999999965e+01 8.715150000000000396e-01
-9.986360000000000525e+01 1.768179999999999907e+01 8.758559999999999679e-01
-9.958589999999999520e+01 1.836870000000000047e+01 8.463730000000000420e-01
-9.973739999999999384e+01 1.842930000000000135e+01 8.665690000000000337e-01
-9.968689999999999429e+01 1.838889999999999958e+01 8.580659999999999954e-01
-9.963639999999999475e+01 1.840909999999999869e+01 8.508109999999999840e-01
-9.935859999999999559e+01 1.810610000000000142e+01 8.698609999999999953e-01
-9.940909999999999513e+01 1.816669999999999874e+01 8.762640000000000429e-01
-9.935859999999999559e+01 1.816669999999999874e+01 8.584789999999999921e-01
-9.938379999999999370e+01 1.816669999999999874e+01 8.749900000000000455e-01
-9.951009999999999422e+01 1.830809999999999960e+01 8.234029999999999960e-01
-9.956059999999999377e+01 1.836870000000000047e+01 8.330239999999999867e-01
-9.935859999999999559e+01 1.814649999999999963e+01 8.536550000000000527e-01
-9.968689999999999429e+01 1.832829999999999870e+01 8.359240000000000004e-01
-9.948480000000000700e+01 1.832829999999999870e+01 8.372370000000000090e-01
-9.940909999999999513e+01 1.812630000000000052e+01 8.791860000000000230e-01
-9.993940000000000623e+01 1.838889999999999958e+01 8.237879999999999647e-01
-9.956059999999999377e+01 1.824749999999999872e+01 8.537829999999999586e-01
-9.915659999999999741e+01 1.826770000000000138e+01 8.372800000000000242e-01
-9.945959999999999468e+01 1.842930000000000135e+01 8.431710000000000038e-01
-9.956059999999999377e+01 1.812630000000000052e+01 8.430419999999999581e-01
-9.983839999999999293e+01 1.764140000000000086e+01 8.669470000000000232e-01
-9.968689999999999429e+01 1.818690000000000140e+01 8.706429999999999447e-01
-9.963639999999999475e+01 1.814649999999999963e+01 8.674450000000000216e-01
-9.961109999999999332e+01 1.818690000000000140e+01 8.683220000000000383e-01
-9.961109999999999332e+01 1.826770000000000138e+01 8.731029999999999625e-01
-9.971210000000000662e+01 1.818690000000000140e+01 8.820010000000000350e-01
-9.948480000000000700e+01 1.814649999999999963e+01 8.783779999999999921e-01
-9.981310000000000571e+01 1.834850000000000136e+01 8.437529999999999752e-01
-9.966160000000000707e+01 1.810610000000000142e+01 8.699700000000000211e-01
-9.956059999999999377e+01 1.840909999999999869e+01 8.344439999999999635e-01
-9.963639999999999475e+01 1.824749999999999872e+01 8.593790000000000040e-01
-9.963639999999999475e+01 1.822729999999999961e+01 8.298480000000000301e-01
-9.951009999999999422e+01 1.842930000000000135e+01 8.093390000000000306e-01
-9.973739999999999384e+01 1.844950000000000045e+01 8.266449999999999632e-01
-9.956059999999999377e+01 1.836870000000000047e+01 8.076010000000000133e-01
-9.910609999999999786e+01 1.828790000000000049e+01 8.295109999999999983e-01
-9.910609999999999786e+01 1.830809999999999960e+01 8.308299999999999574e-01
-9.940909999999999513e+01 1.826770000000000138e+01 8.257560000000000455e-01
-9.966160000000000707e+01 1.810610000000000142e+01 8.620769999999999822e-01
-9.963639999999999475e+01 1.812630000000000052e+01 8.681750000000000300e-01
-9.923229999999999507e+01 1.832829999999999870e+01 8.426540000000000141e-01
-1.000404000000000053e+02 1.838889999999999958e+01 8.247520000000000406e-01
-9.988890000000000668e+01 1.780300000000000082e+01 7.797910000000000119e-01
-1.001919000000000040e+02 1.824749999999999872e+01 8.511969999999999814e-01
-9.963639999999999475e+01 1.832829999999999870e+01 8.499259999999999593e-01
-9.971210000000000662e+01 1.822729999999999961e+01 8.435049999999999493e-01
-9.971210000000000662e+01 1.816669999999999874e+01 8.672750000000000181e-01
-9.963639999999999475e+01 1.826770000000000138e+01 8.695000000000000506e-01
-9.968689999999999429e+01 1.774239999999999995e+01 8.299879999999999480e-01
-9.993940000000000623e+01 1.780300000000000082e+01 8.040549999999999642e-01
-9.991410000000000480e+01 1.782319999999999993e+01 8.292490000000000139e-01
-9.976260000000000616e+01 1.826770000000000138e+01 8.284500000000000197e-01
-9.983839999999999293e+01 1.826770000000000138e+01 8.435259999999999980e-01
-9.953539999999999566e+01 1.772220000000000084e+01 8.198999999999999622e-01
-9.986360000000000525e+01 1.832829999999999870e+01 7.968800000000000328e-01
-9.956059999999999377e+01 1.840909999999999869e+01 8.458670000000000355e-01
-9.976260000000000616e+01 1.768179999999999907e+01 9.023539999999999894e-01
-9.988890000000000668e+01 1.826770000000000138e+01 8.498839999999999728e-01
-9.971210000000000662e+01 1.834850000000000136e+01 8.275959999999999983e-01
-9.956059999999999377e+01 1.814649999999999963e+01 8.751510000000000122e-01
-9.978789999999999338e+01 1.826770000000000138e+01 8.545310000000000406e-01
-9.991410000000000480e+01 1.770200000000000173e+01 9.041519999999999557e-01
-9.976260000000000616e+01 1.762120000000000175e+01 8.964959999999999596e-01
-9.963639999999999475e+01 1.828790000000000049e+01 8.658500000000000085e-01
-9.963639999999999475e+01 1.816669999999999874e+01 8.448930000000000051e-01
-9.945959999999999468e+01 1.842930000000000135e+01 8.490100000000000424e-01
-9.981310000000000571e+01 1.824749999999999872e+01 8.516019999999999701e-01
-9.935859999999999559e+01 1.812630000000000052e+01 8.280440000000000023e-01
-9.981310000000000571e+01 1.824749999999999872e+01 8.335479999999999556e-01
-9.976260000000000616e+01 1.824749999999999872e+01 8.695230000000000459e-01
-9.951009999999999422e+01 1.840909999999999869e+01 8.489079999999999959e-01
-9.958589999999999520e+01 1.808589999999999876e+01 8.399619999999999864e-01
-9.963639999999999475e+01 1.762120000000000175e+01 8.555080000000000462e-01
-9.928279999999999461e+01 1.808589999999999876e+01 8.646690000000000209e-01
-9.938379999999999370e+01 1.822729999999999961e+01 8.709679999999999644e-01
-9.943429999999999325e+01 1.814649999999999963e+01 8.575720000000000010e-01
-9.940909999999999513e+01 1.812630000000000052e+01 8.382359999999999811e-01
-9.940909999999999513e+01 1.818690000000000140e+01 8.711630000000000207e-01
-9.928279999999999461e+01 1.810610000000000142e+01 8.497449999999999726e-01
-9.988890000000000668e+01 1.838889999999999958e+01 8.356240000000000334e-01
-9.943429999999999325e+01 1.826770000000000138e+01 8.226109999999999811e-01
-9.991410000000000480e+01 1.838889999999999958e+01 8.204120000000000301e-01
-9.973739999999999384e+01 1.838889999999999958e+01 8.557529999999999859e-01
-9.953539999999999566e+01 1.834850000000000136e+01 8.512150000000000549e-01
-9.933329999999999416e+01 1.826770000000000138e+01 8.628430000000000266e-01
-9.908079999999999643e+01 1.818690000000000140e+01 8.815809999999999480e-01
-9.981310000000000571e+01 1.810610000000000142e+01 8.507130000000000525e-01
-9.923229999999999507e+01 1.822729999999999961e+01 8.540379999999999638e-01
-9.925759999999999650e+01 1.816669999999999874e+01 8.655289999999999928e-01
-9.971210000000000662e+01 1.816669999999999874e+01 8.489879999999999649e-01
-9.953539999999999566e+01 1.836870000000000047e+01 9.269110000000000404e-01
-9.983839999999999293e+01 1.822729999999999961e+01 8.396240000000000370e-01
-9.996460000000000434e+01 1.776259999999999906e+01 8.280499999999999527e-01
-9.938379999999999370e+01 1.840909999999999869e+01 8.419140000000000512e-01
-9.918179999999999552e+01 1.836870000000000047e+01 8.200659999999999616e-01
-9.976260000000000616e+01 1.836870000000000047e+01 8.517749999999999488e-01
-9.983839999999999293e+01 1.851010000000000133e+01 8.445009999999999462e-01
-9.983839999999999293e+01 1.824749999999999872e+01 8.797690000000000232e-01
-9.956059999999999377e+01 1.824749999999999872e+01 8.849200000000000399e-01
-9.961109999999999332e+01 1.816669999999999874e+01 8.135539999999999994e-01
-9.958589999999999520e+01 1.812630000000000052e+01 8.427360000000000406e-01
-9.986360000000000525e+01 1.828790000000000049e+01 8.288229999999999764e-01
-9.976260000000000616e+01 1.832829999999999870e+01 8.666880000000000139e-01
-9.983839999999999293e+01 1.818690000000000140e+01 8.417029999999999790e-01
-9.993940000000000623e+01 1.780300000000000082e+01 8.270370000000000221e-01
-9.971210000000000662e+01 1.802530000000000143e+01 8.584310000000000551e-01
-9.976260000000000616e+01 1.784339999999999904e+01 8.213160000000000460e-01
-9.963639999999999475e+01 1.820710000000000051e+01 8.268940000000000179e-01
-9.973739999999999384e+01 1.802530000000000143e+01 8.379259999999999486e-01
-9.953539999999999566e+01 1.808589999999999876e+01 8.905849999999999600e-01
-9.973739999999999384e+01 1.824749999999999872e+01 8.314749999999999641e-01
-9.983839999999999293e+01 1.830809999999999960e+01 8.483889999999999487e-01
-1.004192000000000036e+02 1.800509999999999877e+01 8.092150000000000176e-01
-9.961109999999999332e+01 1.840909999999999869e+01 8.292699999999999516e-01
-9.976260000000000616e+01 1.760099999999999909e+01 8.851480000000000459e-01
-9.953539999999999566e+01 1.816669999999999874e+01 8.342140000000000111e-01
-9.993940000000000623e+01 1.844950000000000045e+01 8.223700000000000454e-01
-9.961109999999999332e+01 1.814649999999999963e+01 8.605439999999999756e-01
-9.976260000000000616e+01 1.800509999999999877e+01 8.922860000000000236e-01
-9.976260000000000616e+01 1.814649999999999963e+01 8.536559999999999704e-01
-9.978789999999999338e+01 1.808589999999999876e+01 8.535800000000000054e-01
-9.943429999999999325e+01 1.820710000000000051e+01 8.550069999999999615e-01
-9.966160000000000707e+01 1.810610000000000142e+01 8.627909999999999746e-01
-9.971210000000000662e+01 1.828790000000000049e+01 8.699379999999999891e-01
-9.953539999999999566e+01 1.812630000000000052e+01 8.537900000000000489e-01
-9.860099999999999909e+01 1.824749999999999872e+01 8.953339999999999632e-01
-9.951009999999999422e+01 1.822729999999999961e+01 8.357860000000000289e-01
-9.956059999999999377e+01 1.846969999999999956e+01 8.338339999999999641e-01
-9.948480000000000700e+01 1.844950000000000045e+01 8.039049999999999807e-01
-9.953539999999999566e+01 1.846969999999999956e+01 8.442060000000000120e-01
-9.940909999999999513e+01 1.830809999999999960e+01 8.669019999999999504e-01
-9.935859999999999559e+01 1.824749999999999872e+01 8.230880000000000418e-01
-9.961109999999999332e+01 1.834850000000000136e+01 8.657620000000000315e-01
-9.973739999999999384e+01 1.846969999999999956e+01 8.121869999999999923e-01
-9.973739999999999384e+01 1.832829999999999870e+01 8.186240000000000183e-01
-9.966160000000000707e+01 1.788380000000000081e+01 8.052820000000000533e-01
-9.971210000000000662e+01 1.770200000000000173e+01 8.840719999999999690e-01
-9.971210000000000662e+01 1.776259999999999906e+01 8.692699999999999871e-01
-9.973739999999999384e+01 1.840909999999999869e+01 8.565859999999999586e-01
-9.996460000000000434e+01 1.834850000000000136e+01 8.414390000000000480e-01
-9.948480000000000700e+01 1.782319999999999993e+01 8.908059999999999867e-01
-9.966160000000000707e+01 1.824749999999999872e+01 8.399539999999999784e-01
-9.966160000000000707e+01 1.820710000000000051e+01 8.826889999999999459e-01
-9.976260000000000616e+01 1.824749999999999872e+01 8.542159999999999753e-01
-9.951009999999999422e+01 1.834850000000000136e+01 8.173839999999999995e-01
-9.968689999999999429e+01 1.822729999999999961e+01 8.604850000000000554e-01
-9.963639999999999475e+01 1.806569999999999965e+01 8.818070000000000075e-01
-9.986360000000000525e+01 1.802530000000000143e+01 8.289659999999999807e-01
-9.973739999999999384e+01 1.802530000000000143e+01 8.758639999999999759e-01
-9.938379999999999370e+01 1.814649999999999963e+01 8.713009999999999922e-01
-9.991410000000000480e+01 1.846969999999999956e+01 8.348950000000000538e-01
-9.978789999999999338e+01 1.836870000000000047e+01 8.271389999999999576e-01
-9.986360000000000525e+01 1.844950000000000045e+01 8.389469999999999983e-01
-1.007727000000000004e+02 1.778280000000000172e+01 7.731959999999999944e-01
-9.963639999999999475e+01 1.844950000000000045e+01 8.152620000000000422e-01
-9.968689999999999429e+01 1.846969999999999956e+01 8.276550000000000296e-01
-9.971210000000000662e+01 1.838889999999999958e+01 8.410180000000000433e-01
-9.966160000000000707e+01 1.838889999999999958e+01 8.720839999999999703e-01
-9.976260000000000616e+01 1.842930000000000135e+01 8.612319999999999975e-01
-9.956059999999999377e+01 1.832829999999999870e+01 8.505390000000000450e-01
-9.958589999999999520e+01 1.832829999999999870e+01 8.412079999999999558e-01
-9.961109999999999332e+01 1.830809999999999960e+01 8.207470000000000043e-01
-9.961109999999999332e+01 1.830809999999999960e+01 8.507470000000000310e-01
-9.961109999999999332e+01 1.820710000000000051e+01 8.564829999999999943e-01
-9.991410000000000480e+01 1.778280000000000172e+01 8.526589999999999447e-01
-9.961109999999999332e+01 1.820710000000000051e+01 8.284759999999999902e-01
-9.968689999999999429e+01 1.808589999999999876e+01 8.561379999999999546e-01
-9.943429999999999325e+01 1.806569999999999965e+01 8.096139999999999448e-01
-9.913129999999999598e+01 1.824749999999999872e+01 8.317039999999999988e-01
-9.923229999999999507e+01 1.822729999999999961e+01 8.387639999999999540e-01
-9.961109999999999332e+01 1.810610000000000142e+01 8.491969999999999796e-01
-9.940909999999999513e+01 1.818690000000000140e+01 8.656129999999999658e-01
-9.963639999999999475e+01 1.820710000000000051e+01 8.557679999999999731e-01
-9.958589999999999520e+01 1.806569999999999965e+01 8.875269999999999548e-01
-9.956059999999999377e+01 1.812630000000000052e+01 8.868679999999999897e-01
-9.933329999999999416e+01 1.824749999999999872e+01 8.752689999999999637e-01
-9.920709999999999695e+01 1.820710000000000051e+01 8.072279999999999456e-01
-9.938379999999999370e+01 1.816669999999999874e+01 8.799519999999999564e-01
-9.961109999999999332e+01 1.816669999999999874e+01 8.482889999999999597e-01
-9.958589999999999520e+01 1.822729999999999961e+01 8.833090000000000108e-01
-9.958589999999999520e+01 1.822729999999999961e+01 8.660660000000000025e-01
-9.958589999999999520e+01 1.820710000000000051e+01 8.694730000000000514e-01
-9.966160000000000707e+01 1.826770000000000138e+01 8.479839999999999600e-01
-9.951009999999999422e+01 1.834850000000000136e+01 8.466160000000000352e-01
-9.956059999999999377e+01 1.832829999999999870e+01 8.593730000000000535e-01
-9.976260000000000616e+01 1.800509999999999877e+01 8.550619999999999887e-01
-9.953539999999999566e+01 1.828790000000000049e+01 8.644439999999999902e-01
-9.930809999999999604e+01 1.824749999999999872e+01 8.559759999999999591e-01
-9.958589999999999520e+01 1.816669999999999874e+01 8.385749999999999593e-01
-1.003434000000000026e+02 1.836870000000000047e+01 8.520879999999999566e-01
-9.961109999999999332e+01 1.828790000000000049e+01 8.619980000000000420e-01
-9.996460000000000434e+01 1.826770000000000138e+01 8.311269999999999492e-01
-1.004949000000000012e+02 1.804550000000000054e+01 8.756169999999999787e-01
-9.963639999999999475e+01 1.824749999999999872e+01 8.382380000000000386e-01
-9.958589999999999520e+01 1.814649999999999963e+01 8.647139999999999826e-01
-1.002172000000000054e+02 1.808589999999999876e+01 8.195350000000000135e-01
-9.973739999999999384e+01 1.806569999999999965e+01 8.908930000000000460e-01
-9.973739999999999384e+01 1.840909999999999869e+01 8.332169999999999854e-01
-9.951009999999999422e+01 1.848989999999999867e+01 8.209539999999999615e-01
-9.943429999999999325e+01 1.846969999999999956e+01 8.591860000000000053e-01
-9.993940000000000623e+01 1.814649999999999963e+01 8.468499999999999917e-01
-9.958589999999999520e+01 1.840909999999999869e+01 7.917689999999999451e-01
-9.973739999999999384e+01 1.840909999999999869e+01 8.498940000000000383e-01
-9.971210000000000662e+01 1.838889999999999958e+01 8.324799999999999978e-01
-9.953539999999999566e+01 1.828790000000000049e+01 8.051719999999999988e-01
-9.973739999999999384e+01 1.838889999999999958e+01 8.570809999999999818e-01
-9.956059999999999377e+01 1.830809999999999960e+01 8.522049999999999903e-01
-9.981310000000000571e+01 1.766159999999999997e+01 8.505300000000000082e-01
-9.991410000000000480e+01 1.764140000000000086e+01 8.613910000000000178e-01
-9.988890000000000668e+01 1.762120000000000175e+01 8.670280000000000209e-01
-9.973739999999999384e+01 1.822729999999999961e+01 8.415810000000000235e-01
-9.973739999999999384e+01 1.814649999999999963e+01 8.755330000000000057e-01
-9.978789999999999338e+01 1.774239999999999995e+01 8.727249999999999730e-01
-9.968689999999999429e+01 1.784339999999999904e+01 8.461119999999999752e-01
-9.978789999999999338e+01 1.768179999999999907e+01 9.007640000000000091e-01
-9.971210000000000662e+01 1.776259999999999906e+01 9.200300000000000145e-01
-9.976260000000000616e+01 1.814649999999999963e+01 7.998530000000000362e-01
-9.986360000000000525e+01 1.824749999999999872e+01 8.585150000000000281e-01
-9.991410000000000480e+01 1.762120000000000175e+01 8.699120000000000186e-01
-9.958589999999999520e+01 1.836870000000000047e+01 8.376510000000000344e-01
-9.943429999999999325e+01 1.788380000000000081e+01 8.298969999999999958e-01
-9.976260000000000616e+01 1.760099999999999909e+01 8.828300000000000036e-01
-9.956059999999999377e+01 1.840909999999999869e+01 8.194869999999999655e-01
-9.940909999999999513e+01 1.842930000000000135e+01 8.612880000000000535e-01
-9.943429999999999325e+01 1.832829999999999870e+01 8.352490000000000192e-01
-9.945959999999999468e+01 1.844950000000000045e+01 8.230370000000000186e-01
-9.940909999999999513e+01 1.842930000000000135e+01 8.444949999999999957e-01
-9.948480000000000700e+01 1.842930000000000135e+01 8.219779999999999864e-01
-9.998990000000000578e+01 1.816669999999999874e+01 8.600430000000000019e-01
-9.976260000000000616e+01 1.800509999999999877e+01 8.400250000000000217e-01
-9.986360000000000525e+01 1.812630000000000052e+01 8.256269999999999998e-01
-9.981310000000000571e+01 1.824749999999999872e+01 8.574380000000000335e-01
-9.971210000000000662e+01 1.828790000000000049e+01 8.580609999999999626e-01
-9.958589999999999520e+01 1.822729999999999961e+01 8.795629999999999837e-01
-9.963639999999999475e+01 1.814649999999999963e+01 8.889610000000000012e-01
-9.961109999999999332e+01 1.840909999999999869e+01 8.153430000000000399e-01
-9.961109999999999332e+01 1.822729999999999961e+01 8.372819999999999707e-01
-9.935859999999999559e+01 1.816669999999999874e+01 8.704730000000000523e-01
-9.951009999999999422e+01 1.830809999999999960e+01 8.460090000000000110e-01
-9.968689999999999429e+01 1.822729999999999961e+01 8.428780000000000161e-01
-9.938379999999999370e+01 1.812630000000000052e+01 8.760299999999999754e-01
-9.971210000000000662e+01 1.816669999999999874e+01 8.876030000000000308e-01
-9.935859999999999559e+01 1.820710000000000051e+01 8.833069999999999533e-01
-9.930809999999999604e+01 1.822729999999999961e+01 8.510879999999999557e-01
-9.930809999999999604e+01 1.824749999999999872e+01 8.181260000000000199e-01
-9.963639999999999475e+01 1.820710000000000051e+01 8.732830000000000314e-01
-9.978789999999999338e+01 1.828790000000000049e+01 8.253810000000000313e-01
-9.973739999999999384e+01 1.842930000000000135e+01 8.304679999999999840e-01
-9.993940000000000623e+01 1.800509999999999877e+01 8.188590000000000035e-01
-9.963639999999999475e+01 1.824749999999999872e+01 8.458959999999999813e-01
-9.935859999999999559e+01 1.808589999999999876e+01 8.652199999999999891e-01
-9.945959999999999468e+01 1.788380000000000081e+01 8.375380000000000047e-01
-9.961109999999999332e+01 1.816669999999999874e+01 8.942069999999999741e-01
-9.966160000000000707e+01 1.816669999999999874e+01 8.623939999999999939e-01
-9.948480000000000700e+01 1.840909999999999869e+01 8.332009999999999694e-01
-9.956059999999999377e+01 1.822729999999999961e+01 8.799019999999999619e-01
-9.978789999999999338e+01 1.800509999999999877e+01 8.713980000000000059e-01
-9.951009999999999422e+01 1.844950000000000045e+01 8.353739999999999499e-01
-9.925759999999999650e+01 1.812630000000000052e+01 8.475009999999999488e-01
-9.953539999999999566e+01 1.846969999999999956e+01 8.677179999999999893e-01
-9.918179999999999552e+01 1.810610000000000142e+01 8.696530000000000094e-01
-9.943429999999999325e+01 1.844950000000000045e+01 8.231819999999999693e-01
-9.925759999999999650e+01 1.812630000000000052e+01 8.326820000000000332e-01
-9.945959999999999468e+01 1.844950000000000045e+01 8.031220000000000026e-01
-9.930809999999999604e+01 1.834850000000000136e+01 8.249539999999999651e-01
-9.930809999999999604e+01 1.818690000000000140e+01 8.921890000000000098e-01
-9.925759999999999650e+01 1.812630000000000052e+01 8.525239999999999485e-01
-9.930809999999999604e+01 1.818690000000000140e+01 8.723079999999999723e-01
-9.951009999999999422e+01 1.826770000000000138e+01 8.462990000000000235e-01
-9.948480000000000700e+01 1.830809999999999960e+01 8.460419999999999607e-01
-9.925759999999999650e+01 1.834850000000000136e+01 8.755070000000000352e-01
-9.915659999999999741e+01 1.824749999999999872e+01 8.706859999999999600e-01
-9.958589999999999520e+01 1.816669999999999874e+01 8.785840000000000316e-01
-9.923229999999999507e+01 1.812630000000000052e+01 8.404620000000000424e-01
-9.956059999999999377e+01 1.818690000000000140e+01 8.603060000000000151e-01
-9.920709999999999695e+01 1.826770000000000138e+01 8.295770000000000088e-01
-9.928279999999999461e+01 1.814649999999999963e+01 8.684119999999999617e-01
-9.920709999999999695e+01 1.820710000000000051e+01 8.461490000000000400e-01
-9.920709999999999695e+01 1.802530000000000143e+01 8.185499999999999998e-01
-9.968689999999999429e+01 1.814649999999999963e+01 8.527839999999999865e-01
-9.933329999999999416e+01 1.810610000000000142e+01 8.388609999999999678e-01
-9.928279999999999461e+01 1.818690000000000140e+01 8.445489999999999942e-01
-9.971210000000000662e+01 1.814649999999999963e+01 8.558820000000000316e-01
-9.905559999999999832e+01 1.774239999999999995e+01 8.090570000000000261e-01
-9.925759999999999650e+01 1.834850000000000136e+01 8.879920000000000035e-01
-9.991410000000000480e+01 1.846969999999999956e+01 8.006550000000000056e-01
-9.996460000000000434e+01 1.842930000000000135e+01 8.358529999999999571e-01
-9.983839999999999293e+01 1.844950000000000045e+01 8.447559999999999514e-01
-9.968689999999999429e+01 1.820710000000000051e+01 8.573680000000000190e-01
-9.963639999999999475e+01 1.816669999999999874e+01 8.627559999999999674e-01
-9.938379999999999370e+01 1.834850000000000136e+01 8.574650000000000327e-01
-9.966160000000000707e+01 1.816669999999999874e+01 8.501579999999999693e-01
-9.915659999999999741e+01 1.832829999999999870e+01 8.202490000000000059e-01
-9.915659999999999741e+01 1.832829999999999870e+01 8.358700000000000019e-01
-9.971210000000000662e+01 1.840909999999999869e+01 8.494380000000000264e-01
-9.951009999999999422e+01 1.842930000000000135e+01 8.268079999999999874e-01
-1.001414000000000044e+02 1.828790000000000049e+01 8.292929999999999469e-01
-9.971210000000000662e+01 1.832829999999999870e+01 8.183679999999999843e-01
-9.958589999999999520e+01 1.812630000000000052e+01 8.254129999999999523e-01
-9.981310000000000571e+01 1.824749999999999872e+01 8.583030000000000381e-01
-9.986360000000000525e+01 1.830809999999999960e+01 7.974940000000000362e-01
-9.961109999999999332e+01 1.838889999999999958e+01 8.302500000000000435e-01
-9.971210000000000662e+01 1.824749999999999872e+01 8.691940000000000222e-01
-9.968689999999999429e+01 1.824749999999999872e+01 8.499499999999999833e-01
-9.978789999999999338e+01 1.832829999999999870e+01 8.504260000000000153e-01
-9.966160000000000707e+01 1.826770000000000138e+01 8.338179999999999481e-01
-9.963639999999999475e+01 1.818690000000000140e+01 8.387850000000000028e-01
-9.948480000000000700e+01 1.810610000000000142e+01 8.706519999999999815e-01
-9.961109999999999332e+01 1.830809999999999960e+01 8.660130000000000328e-01
-9.978789999999999338e+01 1.828790000000000049e+01 8.265449999999999742e-01
-9.951009999999999422e+01 1.826770000000000138e+01 8.235200000000000298e-01
-9.998990000000000578e+01 1.830809999999999960e+01 8.601670000000000149e-01
-9.973739999999999384e+01 1.802530000000000143e+01 8.460680000000000422e-01
-9.991410000000000480e+01 1.840909999999999869e+01 8.376369999999999649e-01
-9.963639999999999475e+01 1.820710000000000051e+01 8.412250000000000005e-01
-9.976260000000000616e+01 1.800509999999999877e+01 8.429149999999999698e-01
-9.956059999999999377e+01 1.824749999999999872e+01 8.357029999999999736e-01
-9.963639999999999475e+01 1.822729999999999961e+01 8.594009999999999705e-01
-9.978789999999999338e+01 1.800509999999999877e+01 8.374519999999999742e-01
-9.976260000000000616e+01 1.800509999999999877e+01 8.600109999999999699e-01
-9.958589999999999520e+01 1.820710000000000051e+01 8.494639999999999969e-01
-9.930809999999999604e+01 1.812630000000000052e+01 8.425080000000000346e-01
-9.953539999999999566e+01 1.820710000000000051e+01 8.533330000000000082e-01
-9.953539999999999566e+01 1.828790000000000049e+01 8.392249999999999988e-01
-9.928279999999999461e+01 1.810610000000000142e+01 8.675620000000000553e-01
-9.956059999999999377e+01 1.830809999999999960e+01 8.417769999999999975e-01
-9.953539999999999566e+01 1.834850000000000136e+01 8.553809999999999469e-01
-9.961109999999999332e+01 1.820710000000000051e+01 8.393950000000000022e-01
-9.928279999999999461e+01 1.808589999999999876e+01 8.844849999999999657e-01
-9.978789999999999338e+01 1.768179999999999907e+01 8.912560000000000482e-01
-9.918179999999999552e+01 1.796460000000000079e+01 8.317550000000000221e-01
-9.978789999999999338e+01 1.800509999999999877e+01 8.404639999999999889e-01
-9.966160000000000707e+01 1.762120000000000175e+01 8.688160000000000327e-01
-9.951009999999999422e+01 1.814649999999999963e+01 8.370800000000000463e-01
-9.968689999999999429e+01 1.820710000000000051e+01 8.515340000000000131e-01
-9.938379999999999370e+01 1.806569999999999965e+01 8.751229999999999842e-01
-9.930809999999999604e+01 1.802530000000000143e+01 8.432439999999999936e-01
-9.983839999999999293e+01 1.820710000000000051e+01 8.855189999999999451e-01
-9.956059999999999377e+01 1.818690000000000140e+01 8.610929999999999973e-01
-9.935859999999999559e+01 1.812630000000000052e+01 8.549539999999999917e-01
-9.938379999999999370e+01 1.818690000000000140e+01 8.131680000000000019e-01
-9.978789999999999338e+01 1.762120000000000175e+01 8.761959999999999749e-01
-9.956059999999999377e+01 1.820710000000000051e+01 8.517780000000000351e-01
-9.956059999999999377e+01 1.822729999999999961e+01 8.228490000000000526e-01
-9.963639999999999475e+01 1.826770000000000138e+01 8.559069999999999734e-01
-9.996460000000000434e+01 1.818690000000000140e+01 8.114299999999999846e-01
-9.966160000000000707e+01 1.810610000000000142e+01 8.701600000000000446e-01
-9.958589999999999520e+01 1.812630000000000052e+01 8.391899999999999915e-01
-9.986360000000000525e+01 1.774239999999999995e+01 8.934330000000000327e-01
-9.998990000000000578e+01 1.770200000000000173e+01 8.728860000000000507e-01
-9.996460000000000434e+01 1.776259999999999906e+01 8.626759999999999984e-01
-9.933329999999999416e+01 1.812630000000000052e+01 8.787230000000000318e-01
-9.961109999999999332e+01 1.822729999999999961e+01 8.775389999999999580e-01
-9.938379999999999370e+01 1.814649999999999963e+01 8.685680000000000067e-01
-9.963639999999999475e+01 1.816669999999999874e+01 8.361450000000000271e-01
-9.938379999999999370e+01 1.816669999999999874e+01 8.484680000000000000e-01
-9.958589999999999520e+01 1.824749999999999872e+01 8.670160000000000089e-01
-9.978789999999999338e+01 1.820710000000000051e+01 8.287619999999999987e-01
-9.976260000000000616e+01 1.762120000000000175e+01 9.025530000000000497e-01
-9.971210000000000662e+01 1.768179999999999907e+01 9.151059999999999750e-01
-9.976260000000000616e+01 1.832829999999999870e+01 8.448339999999999739e-01
-9.993940000000000623e+01 1.832829999999999870e+01 8.093289999999999651e-01
-1.000909000000000049e+02 1.820710000000000051e+01 8.550630000000000175e-01
-9.973739999999999384e+01 1.772220000000000084e+01 8.950200000000000378e-01
-9.940909999999999513e+01 1.840909999999999869e+01 8.076870000000000438e-01
-9.963639999999999475e+01 1.816669999999999874e+01 8.640330000000000510e-01
-9.973739999999999384e+01 1.802530000000000143e+01 8.850900000000000434e-01
-9.908079999999999643e+01 1.774239999999999995e+01 8.625129999999999741e-01
-9.971210000000000662e+01 1.814649999999999963e+01 8.574850000000000527e-01
-9.978789999999999338e+01 1.768179999999999907e+01 8.742130000000000178e-01
-9.948480000000000700e+01 1.834850000000000136e+01 8.079389999999999628e-01
-9.971210000000000662e+01 1.836870000000000047e+01 8.731729999999999769e-01
-9.961109999999999332e+01 1.826770000000000138e+01 8.362490000000000201e-01
-9.966160000000000707e+01 1.844950000000000045e+01 8.241650000000000365e-01
-9.956059999999999377e+01 1.834850000000000136e+01 8.368910000000000515e-01
-9.961109999999999332e+01 1.830809999999999960e+01 8.032669999999999533e-01
-9.943429999999999325e+01 1.844950000000000045e+01 8.271800000000000264e-01
-9.968689999999999429e+01 1.822729999999999961e+01 8.554519999999999902e-01
-9.968689999999999429e+01 1.838889999999999958e+01 8.396940000000000515e-01
-9.951009999999999422e+01 1.830809999999999960e+01 8.663750000000000062e-01
-9.966160000000000707e+01 1.820710000000000051e+01 8.134970000000000256e-01
-9.943429999999999325e+01 1.844950000000000045e+01 8.663960000000000550e-01
-9.961109999999999332e+01 1.824749999999999872e+01 8.324279999999999458e-01
-9.923229999999999507e+01 1.830809999999999960e+01 8.269440000000000124e-01
-9.908079999999999643e+01 1.822729999999999961e+01 8.824170000000000069e-01
-9.928279999999999461e+01 1.828790000000000049e+01 8.513939999999999841e-01
-9.925759999999999650e+01 1.812630000000000052e+01 8.385010000000000518e-01
-9.913129999999999598e+01 1.832829999999999870e+01 8.471480000000000121e-01
-9.988890000000000668e+01 1.846969999999999956e+01 8.367580000000000018e-01
-9.933329999999999416e+01 1.814649999999999963e+01 8.490940000000000154e-01
-9.923229999999999507e+01 1.812630000000000052e+01 8.727679999999999882e-01
-9.913129999999999598e+01 1.820710000000000051e+01 8.534450000000000092e-01
-9.933329999999999416e+01 1.818690000000000140e+01 8.827700000000000546e-01
-9.953539999999999566e+01 1.846969999999999956e+01 8.593229999999999480e-01
-9.940909999999999513e+01 1.818690000000000140e+01 7.944750000000000423e-01
-9.935859999999999559e+01 1.818690000000000140e+01 8.470199999999999951e-01
-9.951009999999999422e+01 1.830809999999999960e+01 8.070760000000000156e-01
-9.958589999999999520e+01 1.848989999999999867e+01 8.278320000000000123e-01
-9.953539999999999566e+01 1.844950000000000045e+01 8.397470000000000212e-01
-9.996460000000000434e+01 1.838889999999999958e+01 8.542089999999999961e-01
-9.961109999999999332e+01 1.846969999999999956e+01 8.011920000000000153e-01
-9.973739999999999384e+01 1.840909999999999869e+01 8.352899999999999769e-01
-9.956059999999999377e+01 1.836870000000000047e+01 8.363509999999999556e-01
-9.973739999999999384e+01 1.848989999999999867e+01 8.387189999999999923e-01
-9.978789999999999338e+01 1.851010000000000133e+01 8.347449999999999593e-01
-9.953539999999999566e+01 1.830809999999999960e+01 8.544880000000000253e-01
-9.971210000000000662e+01 1.838889999999999958e+01 8.582720000000000349e-01
-9.961109999999999332e+01 1.824749999999999872e+01 8.619299999999999740e-01
-9.918179999999999552e+01 1.832829999999999870e+01 8.685230000000000450e-01
-9.910609999999999786e+01 1.824749999999999872e+01 8.485989999999999922e-01
-9.953539999999999566e+01 1.826770000000000138e+01 8.279570000000000540e-01
-9.951009999999999422e+01 1.810610000000000142e+01 8.933090000000000197e-01
-9.966160000000000707e+01 1.826770000000000138e+01 8.549619999999999997e-01
-9.971210000000000662e+01 1.826770000000000138e+01 8.698420000000000041e-01
-9.968689999999999429e+01 1.832829999999999870e+01 8.268320000000000114e-01
-9.973739999999999384e+01 1.820710000000000051e+01 8.811830000000000496e-01
-9.951009999999999422e+01 1.826770000000000138e+01 8.670139999999999514e-01
-9.971210000000000662e+01 1.838889999999999958e+01 8.345529999999999893e-01
-9.956059999999999377e+01 1.812630000000000052e+01 8.774669999999999970e-01
-9.951009999999999422e+01 1.826770000000000138e+01 8.485679999999999890e-01
-9.958589999999999520e+01 1.840909999999999869e+01 8.257060000000000510e-01
-9.951009999999999422e+01 1.810610000000000142e+01 8.852259999999999573e-01
-1.001919000000000040e+02 1.848989999999999867e+01 8.646500000000000297e-01
-9.976260000000000616e+01 1.836870000000000047e+01 8.236050000000000315e-01
-9.978789999999999338e+01 1.798479999999999990e+01 8.587749999999999551e-01
-9.943429999999999325e+01 1.844950000000000045e+01 8.361089999999999911e-01
-9.976260000000000616e+01 1.840909999999999869e+01 8.586949999999999861e-01
-9.976260000000000616e+01 1.800509999999999877e+01 8.310440000000000049e-01
-9.951009999999999422e+01 1.814649999999999963e+01 8.445399999999999574e-01
-9.971210000000000662e+01 1.802530000000000143e+01 8.349189999999999667e-01
-9.988890000000000668e+01 1.780300000000000082e+01 8.609620000000000051e-01
-9.963639999999999475e+01 1.812630000000000052e+01 8.678609999999999935e-01
-9.956059999999999377e+01 1.822729999999999961e+01 8.254890000000000283e-01
-9.973739999999999384e+01 1.808589999999999876e+01 8.710609999999999742e-01
-9.935859999999999559e+01 1.804550000000000054e+01 8.419079999999999897e-01
-9.933329999999999416e+01 1.816669999999999874e+01 8.605610000000000204e-01
-9.958589999999999520e+01 1.816669999999999874e+01 8.838589999999999502e-01
-9.938379999999999370e+01 1.816669999999999874e+01 8.192890000000000450e-01
-9.961109999999999332e+01 1.816669999999999874e+01 8.729649999999999910e-01
-9.956059999999999377e+01 1.826770000000000138e+01 8.602340000000000542e-01
-9.928279999999999461e+01 1.808589999999999876e+01 8.777220000000000022e-01
-9.928279999999999461e+01 1.806569999999999965e+01 8.376400000000000512e-01
-9.953539999999999566e+01 1.820710000000000051e+01 8.564370000000000038e-01
-9.938379999999999370e+01 1.806569999999999965e+01 8.518130000000000424e-01
-9.943429999999999325e+01 1.814649999999999963e+01 8.432690000000000463e-01
-9.956059999999999377e+01 1.834850000000000136e+01 8.605899999999999661e-01
-9.923229999999999507e+01 1.816669999999999874e+01 8.788789999999999658e-01
-9.933329999999999416e+01 1.824749999999999872e+01 8.368299999999999628e-01
-9.933329999999999416e+01 1.824749999999999872e+01 8.569890000000000008e-01
-9.951009999999999422e+01 1.830809999999999960e+01 8.599189999999999889e-01
-9.935859999999999559e+01 1.810610000000000142e+01 8.948709999999999720e-01
-9.956059999999999377e+01 1.816669999999999874e+01 9.076950000000000296e-01
-9.935859999999999559e+01 1.822729999999999961e+01 8.639569999999999750e-01
-9.958589999999999520e+01 1.840909999999999869e+01 8.453939999999999788e-01
-9.943429999999999325e+01 1.842930000000000135e+01 8.728310000000000235e-01
-9.918179999999999552e+01 1.836870000000000047e+01 7.605640000000000178e-01
-9.961109999999999332e+01 1.838889999999999958e+01 8.475570000000000048e-01
-9.940909999999999513e+01 1.824749999999999872e+01 8.493810000000000526e-01
-9.935859999999999559e+01 1.824749999999999872e+01 8.490710000000000202e-01
-9.938379999999999370e+01 1.842930000000000135e+01 8.299170000000000158e-01
-9.968689999999999429e+01 1.798479999999999990e+01 8.582459999999999534e-01
-9.963639999999999475e+01 1.842930000000000135e+01 8.207929999999999948e-01
-9.976260000000000616e+01 1.838889999999999958e+01 8.415329999999999755e-01
-9.968689999999999429e+01 1.820710000000000051e+01 8.469560000000000421e-01
-9.966160000000000707e+01 1.824749999999999872e+01 8.532279999999999864e-01
-9.943429999999999325e+01 1.834850000000000136e+01 8.355240000000000444e-01
-9.991410000000000480e+01 1.846969999999999956e+01 8.566030000000000033e-01
-9.961109999999999332e+01 1.814649999999999963e+01 7.761860000000000426e-01
-9.953539999999999566e+01 1.846969999999999956e+01 8.274380000000000068e-01
-9.956059999999999377e+01 1.848989999999999867e+01 8.414390000000000480e-01
-9.940909999999999513e+01 1.844950000000000045e+01 8.527550000000000407e-01
-9.958589999999999520e+01 1.838889999999999958e+01 8.234050000000000535e-01
-9.966160000000000707e+01 1.844950000000000045e+01 8.310340000000000504e-01
-9.958589999999999520e+01 1.840909999999999869e+01 8.087739999999999929e-01
-9.951009999999999422e+01 1.836870000000000047e+01 8.382180000000000186e-01
-9.956059999999999377e+01 1.832829999999999870e+01 8.260359999999999925e-01
-9.983839999999999293e+01 1.842930000000000135e+01 8.478189999999999893e-01
-9.945959999999999468e+01 1.844950000000000045e+01 7.913090000000000401e-01
-9.968689999999999429e+01 1.838889999999999958e+01 8.402129999999999876e-01
-9.991410000000000480e+01 1.830809999999999960e+01 8.451359999999999983e-01
-1.000151999999999930e+02 1.830809999999999960e+01 8.576439999999999619e-01
-9.986360000000000525e+01 1.846969999999999956e+01 8.156630000000000269e-01
-9.940909999999999513e+01 1.818690000000000140e+01 8.368729999999999780e-01
-9.978789999999999338e+01 1.826770000000000138e+01 8.658050000000000468e-01
-9.981310000000000571e+01 1.822729999999999961e+01 8.327379999999999782e-01
-9.966160000000000707e+01 1.826770000000000138e+01 8.555249999999999799e-01
-9.956059999999999377e+01 1.822729999999999961e+01 8.468440000000000412e-01
-9.963639999999999475e+01 1.824749999999999872e+01 8.579769999999999897e-01
-9.956059999999999377e+01 1.828790000000000049e+01 7.998870000000000147e-01
-9.966160000000000707e+01 1.816669999999999874e+01 8.828829999999999734e-01
-9.966160000000000707e+01 1.812630000000000052e+01 8.656639999999999890e-01
-9.948480000000000700e+01 1.812630000000000052e+01 8.294759999999999911e-01
-9.986360000000000525e+01 1.830809999999999960e+01 8.733649999999999469e-01
-9.981310000000000571e+01 1.826770000000000138e+01 8.425270000000000259e-01
-9.988890000000000668e+01 1.836870000000000047e+01 8.094249999999999501e-01
-9.988890000000000668e+01 1.834850000000000136e+01 8.414819999999999522e-01
-9.988890000000000668e+01 1.836870000000000047e+01 7.994850000000000012e-01
-9.940909999999999513e+01 1.828790000000000049e+01 8.562520000000000131e-01
-9.978789999999999338e+01 1.840909999999999869e+01 8.101899999999999658e-01
-9.928279999999999461e+01 1.836870000000000047e+01 8.610670000000000268e-01
-9.938379999999999370e+01 1.840909999999999869e+01 8.570229999999999793e-01
-9.953539999999999566e+01 1.816669999999999874e+01 8.349440000000000195e-01
-9.951009999999999422e+01 1.838889999999999958e+01 8.427810000000000024e-01
-9.923229999999999507e+01 1.822729999999999961e+01 8.540349999999999886e-01
-9.918179999999999552e+01 1.834850000000000136e+01 8.321760000000000268e-01
-9.933329999999999416e+01 1.832829999999999870e+01 8.161869999999999958e-01
-9.925759999999999650e+01 1.834850000000000136e+01 8.707449999999999912e-01
-9.928279999999999461e+01 1.818690000000000140e+01 8.667190000000000172e-01
-9.953539999999999566e+01 1.836870000000000047e+01 8.228600000000000358e-01
-9.908079999999999643e+01 1.828790000000000049e+01 8.099210000000000020e-01
-9.940909999999999513e+01 1.828790000000000049e+01 8.257290000000000463e-01
-9.933329999999999416e+01 1.818690000000000140e+01 8.660719999999999530e-01
-9.935859999999999559e+01 1.812630000000000052e+01 8.519330000000000513e-01
-9.956059999999999377e+01 1.814649999999999963e+01 8.263089999999999602e-01
-9.930809999999999604e+01 1.808589999999999876e+01 8.466909999999999714e-01
-9.920709999999999695e+01 1.820710000000000051e+01 8.361480000000000024e-01
-9.956059999999999377e+01 1.836870000000000047e+01 8.084639999999999604e-01
-9.973739999999999384e+01 1.844950000000000045e+01 8.526340000000000030e-01
-9.928279999999999461e+01 1.814649999999999963e+01 8.523239999999999705e-01
-9.953539999999999566e+01 1.832829999999999870e+01 8.627679999999999794e-01
-9.940909999999999513e+01 1.818690000000000140e+01 9.009819999999999496e-01
-9.956059999999999377e+01 1.820710000000000051e+01 8.183070000000000066e-01
-9.951009999999999422e+01 1.842930000000000135e+01 8.351189999999999447e-01
-9.958589999999999520e+01 1.834850000000000136e+01 8.618670000000000497e-01
-9.920709999999999695e+01 1.826770000000000138e+01 8.429109999999999658e-01
-9.933329999999999416e+01 1.822729999999999961e+01 8.752360000000000140e-01
-9.963639999999999475e+01 1.828790000000000049e+01 8.469330000000000469e-01
-9.966160000000000707e+01 1.814649999999999963e+01 8.515549999999999509e-01
-9.981310000000000571e+01 1.798479999999999990e+01 8.379550000000000054e-01
-9.951009999999999422e+01 1.818690000000000140e+01 8.192080000000000473e-01
-9.966160000000000707e+01 1.806569999999999965e+01 8.295869999999999633e-01
-9.963639999999999475e+01 1.810610000000000142e+01 8.586610000000000076e-01
-9.908079999999999643e+01 1.820710000000000051e+01 8.033930000000000238e-01
-9.966160000000000707e+01 1.812630000000000052e+01 8.839150000000000063e-01
-9.988890000000000668e+01 1.824749999999999872e+01 8.814290000000000180e-01
-9.956059999999999377e+01 1.844950000000000045e+01 8.001479999999999704e-01
-9.956059999999999377e+01 1.826770000000000138e+01 8.706479999999999775e-01
-9.953539999999999566e+01 1.840909999999999869e+01 8.449280000000000124e-01
-9.938379999999999370e+01 1.818690000000000140e+01 8.810919999999999863e-01
-9.973739999999999384e+01 1.814649999999999963e+01 8.305249999999999577e-01
-9.938379999999999370e+01 1.808589999999999876e+01 8.603490000000000304e-01
-9.978789999999999338e+01 1.798479999999999990e+01 8.456599999999999673e-01
