-9.956059999999999377e+01 1.846969999999999956e+01 6.236969999999999459e-01
-9.938379999999999370e+01 1.842930000000000135e+01 6.106129999999999614e-01
-9.943429999999999325e+01 1.844950000000000045e+01 6.139270000000000005e-01
-9.935859999999999559e+01 1.830809999999999960e+01 6.191820000000000102e-01
-9.913129999999999598e+01 1.832829999999999870e+01 6.192389999999999839e-01
-9.918179999999999552e+01 1.836870000000000047e+01 5.855839999999999934e-01
-9.910609999999999786e+01 1.820710000000000051e+01 6.143539999999999557e-01
-9.918179999999999552e+01 1.820710000000000051e+01 6.634010000000000185e-01
-9.958589999999999520e+01 1.818690000000000140e+01 6.481350000000000167e-01
-9.956059999999999377e+01 1.842930000000000135e+01 6.122739999999999849e-01
-9.956059999999999377e+01 1.826770000000000138e+01 6.367289999999999894e-01
-9.963639999999999475e+01 1.842930000000000135e+01 5.970689999999999609e-01
-9.961109999999999332e+01 1.830809999999999960e+01 6.304009999999999891e-01
-9.961109999999999332e+01 1.834850000000000136e+01 5.967770000000000019e-01
-9.976260000000000616e+01 1.838889999999999958e+01 6.476669999999999927e-01
-9.920709999999999695e+01 1.820710000000000051e+01 6.592360000000000442e-01
-9.915659999999999741e+01 1.826770000000000138e+01 5.901140000000000274e-01
-9.910609999999999786e+01 1.830809999999999960e+01 6.130050000000000221e-01
-9.915659999999999741e+01 1.832829999999999870e+01 6.048639999999999572e-01
-9.925759999999999650e+01 1.826770000000000138e+01 6.659180000000000099e-01
-9.930809999999999604e+01 1.818690000000000140e+01 6.583470000000000155e-01
-9.923229999999999507e+01 1.798479999999999990e+01 6.643459999999999921e-01
-9.930809999999999604e+01 1.824749999999999872e+01 6.325260000000000327e-01
-9.925759999999999650e+01 1.806569999999999965e+01 6.495100000000000318e-01
-9.925759999999999650e+01 1.816669999999999874e+01 6.467169999999999863e-01
-9.930809999999999604e+01 1.820710000000000051e+01 6.507319999999999771e-01
-9.935859999999999559e+01 1.818690000000000140e+01 6.114530000000000243e-01
-9.951009999999999422e+01 1.832829999999999870e+01 6.234100000000000197e-01
-9.935859999999999559e+01 1.818690000000000140e+01 6.531630000000000491e-01
-9.951009999999999422e+01 1.828790000000000049e+01 6.791500000000000314e-01
-9.925759999999999650e+01 1.812630000000000052e+01 6.364049999999999985e-01
-9.956059999999999377e+01 1.816669999999999874e+01 6.497540000000000537e-01
-9.953539999999999566e+01 1.846969999999999956e+01 6.342600000000000460e-01
-9.920709999999999695e+01 1.824749999999999872e+01 6.168620000000000214e-01
-9.925759999999999650e+01 1.800509999999999877e+01 6.623630000000000351e-01
-9.928279999999999461e+01 1.806569999999999965e+01 6.937809999999999810e-01
-9.933329999999999416e+01 1.816669999999999874e+01 6.226610000000000200e-01
-9.935859999999999559e+01 1.820710000000000051e+01 6.425689999999999458e-01
-9.928279999999999461e+01 1.814649999999999963e+01 6.408160000000000522e-01
-9.925759999999999650e+01 1.812630000000000052e+01 6.197559999999999736e-01
-9.910609999999999786e+01 1.828790000000000049e+01 6.394189999999999596e-01
-9.913129999999999598e+01 1.832829999999999870e+01 5.721319999999999739e-01
-9.958589999999999520e+01 1.800509999999999877e+01 6.293520000000000225e-01
-9.930809999999999604e+01 1.812630000000000052e+01 6.999929999999999763e-01
-9.938379999999999370e+01 1.816669999999999874e+01 6.504659999999999886e-01
-9.935859999999999559e+01 1.804550000000000054e+01 6.430869999999999642e-01
-9.930809999999999604e+01 1.804550000000000054e+01 6.324680000000000302e-01
-9.928279999999999461e+01 1.804550000000000054e+01 5.899950000000000472e-01
-9.961109999999999332e+01 1.808589999999999876e+01 6.477779999999999649e-01
-9.920709999999999695e+01 1.824749999999999872e+01 6.351400000000000379e-01
-9.933329999999999416e+01 1.810610000000000142e+01 6.081910000000000371e-01
-9.918179999999999552e+01 1.820710000000000051e+01 6.521709999999999452e-01
-9.940909999999999513e+01 1.804550000000000054e+01 6.270339999999999803e-01
-9.948480000000000700e+01 1.824749999999999872e+01 5.822100000000000053e-01
-9.925759999999999650e+01 1.812630000000000052e+01 5.713080000000000380e-01
-9.993940000000000623e+01 1.842930000000000135e+01 5.958280000000000243e-01
-9.968689999999999429e+01 1.842930000000000135e+01 5.458370000000000166e-01
-9.966160000000000707e+01 1.832829999999999870e+01 6.316939999999999777e-01
-1.005455000000000041e+02 1.758079999999999998e+01 6.341160000000000130e-01
-9.963639999999999475e+01 1.828790000000000049e+01 6.367410000000000014e-01
-9.958589999999999520e+01 1.828790000000000049e+01 5.681319999999999704e-01
-1.001162000000000063e+02 1.822729999999999961e+01 6.244760000000000311e-01
-9.961109999999999332e+01 1.822729999999999961e+01 6.384689999999999532e-01
-9.998990000000000578e+01 1.863129999999999953e+01 5.758360000000000145e-01
-9.953539999999999566e+01 1.836870000000000047e+01 6.013810000000000544e-01
-9.956059999999999377e+01 1.830809999999999960e+01 5.975359999999999561e-01
-9.986360000000000525e+01 1.820710000000000051e+01 6.337110000000000243e-01
-9.958589999999999520e+01 1.814649999999999963e+01 6.130659999999999998e-01
-9.958589999999999520e+01 1.816669999999999874e+01 6.673329999999999540e-01
-9.996460000000000434e+01 1.834850000000000136e+01 6.175009999999999666e-01
-9.978789999999999338e+01 1.820710000000000051e+01 6.232469999999999954e-01
-9.968689999999999429e+01 1.820710000000000051e+01 6.799319999999999808e-01
-9.966160000000000707e+01 1.826770000000000138e+01 5.962800000000000322e-01
-9.956059999999999377e+01 1.824749999999999872e+01 6.031039999999999734e-01
-9.940909999999999513e+01 1.816669999999999874e+01 5.878299999999999637e-01
-9.976260000000000616e+01 1.800509999999999877e+01 6.373119999999999896e-01
-9.973739999999999384e+01 1.822729999999999961e+01 6.318540000000000267e-01
-9.968689999999999429e+01 1.822729999999999961e+01 6.233239999999999892e-01
-9.973739999999999384e+01 1.838889999999999958e+01 6.138780000000000348e-01
-9.971210000000000662e+01 1.838889999999999958e+01 6.208190000000000097e-01
-9.935859999999999559e+01 1.818690000000000140e+01 5.906780000000000364e-01
-9.943429999999999325e+01 1.816669999999999874e+01 6.130710000000000326e-01
-9.940909999999999513e+01 1.816669999999999874e+01 6.380000000000000115e-01
-9.958589999999999520e+01 1.826770000000000138e+01 6.140980000000000327e-01
-9.973739999999999384e+01 1.814649999999999963e+01 6.460219999999999851e-01
-9.956059999999999377e+01 1.842930000000000135e+01 6.158099999999999685e-01
-9.938379999999999370e+01 1.808589999999999876e+01 6.867739999999999956e-01
-9.951009999999999422e+01 1.820710000000000051e+01 5.887489999999999668e-01
-9.966160000000000707e+01 1.818690000000000140e+01 6.579380000000000228e-01
-9.930809999999999604e+01 1.812630000000000052e+01 6.460120000000000307e-01
-9.956059999999999377e+01 1.826770000000000138e+01 5.868520000000000403e-01
-9.961109999999999332e+01 1.820710000000000051e+01 6.286150000000000349e-01
-9.958589999999999520e+01 1.824749999999999872e+01 6.597480000000000011e-01
-9.930809999999999604e+01 1.808589999999999876e+01 6.804679999999999618e-01
-9.966160000000000707e+01 1.810610000000000142e+01 5.885690000000000088e-01
-9.938379999999999370e+01 1.808589999999999876e+01 6.324349999999999694e-01
-9.958589999999999520e+01 1.814649999999999963e+01 6.349460000000000104e-01
-9.986360000000000525e+01 1.846969999999999956e+01 5.510540000000000438e-01
-9.971210000000000662e+01 1.808589999999999876e+01 6.052659999999999707e-01
-9.928279999999999461e+01 1.822729999999999961e+01 6.217139999999999889e-01
-9.933329999999999416e+01 1.822729999999999961e+01 6.656119999999999814e-01
-9.973739999999999384e+01 1.848989999999999867e+01 6.144899999999999807e-01
-9.948480000000000700e+01 1.826770000000000138e+01 6.526899999999999924e-01
-9.938379999999999370e+01 1.810610000000000142e+01 7.011889999999999512e-01
-9.938379999999999370e+01 1.816669999999999874e+01 6.632219999999999782e-01
-9.933329999999999416e+01 1.818690000000000140e+01 6.421599999999999531e-01
-9.925759999999999650e+01 1.826770000000000138e+01 6.642240000000000366e-01
-9.930809999999999604e+01 1.824749999999999872e+01 6.580129999999999590e-01
-9.963639999999999475e+01 1.826770000000000138e+01 6.148949999999999694e-01
-9.925759999999999650e+01 1.826770000000000138e+01 6.674309999999999965e-01
-9.913129999999999598e+01 1.830809999999999960e+01 6.125300000000000189e-01
-9.958589999999999520e+01 1.818690000000000140e+01 6.118230000000000057e-01
-9.966160000000000707e+01 1.812630000000000052e+01 6.573440000000000394e-01
-9.913129999999999598e+01 1.832829999999999870e+01 5.814970000000000416e-01
-9.986360000000000525e+01 1.826770000000000138e+01 6.401400000000000423e-01
-9.953539999999999566e+01 1.834850000000000136e+01 6.017099999999999671e-01
-9.910609999999999786e+01 1.824749999999999872e+01 6.248070000000000013e-01
-9.953539999999999566e+01 1.842930000000000135e+01 6.192699999999999871e-01
-9.928279999999999461e+01 1.818690000000000140e+01 6.736670000000000158e-01
-9.938379999999999370e+01 1.840909999999999869e+01 6.178439999999999488e-01
-9.976260000000000616e+01 1.848989999999999867e+01 5.644930000000000225e-01
-9.971210000000000662e+01 1.770200000000000173e+01 6.763479999999999492e-01
-9.986360000000000525e+01 1.770200000000000173e+01 6.675959999999999672e-01
-9.983839999999999293e+01 1.798479999999999990e+01 6.255739999999999634e-01
-9.966160000000000707e+01 1.836870000000000047e+01 6.539580000000000393e-01
-9.943429999999999325e+01 1.808589999999999876e+01 6.309430000000000316e-01
-9.951009999999999422e+01 1.826770000000000138e+01 6.304899999999999949e-01
-9.961109999999999332e+01 1.822729999999999961e+01 5.952520000000000033e-01
-9.963639999999999475e+01 1.826770000000000138e+01 6.570080000000000364e-01
-9.976260000000000616e+01 1.754040000000000177e+01 6.197249999999999703e-01
-9.968689999999999429e+01 1.816669999999999874e+01 6.467180000000000151e-01
-9.983839999999999293e+01 1.782319999999999993e+01 6.480970000000000342e-01
-9.961109999999999332e+01 1.768179999999999907e+01 6.321839999999999682e-01
-9.925759999999999650e+01 1.812630000000000052e+01 6.388490000000000002e-01
-9.971210000000000662e+01 1.764140000000000086e+01 6.814200000000000257e-01
-9.966160000000000707e+01 1.768179999999999907e+01 6.767490000000000450e-01
-9.983839999999999293e+01 1.830809999999999960e+01 6.589049999999999629e-01
-1.000151999999999930e+02 1.834850000000000136e+01 5.979700000000000015e-01
-9.998990000000000578e+01 1.830809999999999960e+01 6.449719999999999898e-01
-9.978789999999999338e+01 1.826770000000000138e+01 5.978560000000000541e-01
-9.920709999999999695e+01 1.820710000000000051e+01 6.099200000000000177e-01
-9.981310000000000571e+01 1.846969999999999956e+01 5.745550000000000379e-01
-9.948480000000000700e+01 1.846969999999999956e+01 6.048449999999999660e-01
-9.976260000000000616e+01 1.848989999999999867e+01 5.690779999999999728e-01
-9.973739999999999384e+01 1.824749999999999872e+01 6.544429999999999970e-01
-9.973739999999999384e+01 1.822729999999999961e+01 6.364389999999999770e-01
-9.986360000000000525e+01 1.844950000000000045e+01 6.002229999999999510e-01
-9.983839999999999293e+01 1.846969999999999956e+01 5.413919999999999844e-01
-1.000151999999999930e+02 1.836870000000000047e+01 6.261529999999999596e-01
-9.920709999999999695e+01 1.832829999999999870e+01 5.565949999999999509e-01
-9.910609999999999786e+01 1.826770000000000138e+01 5.877040000000000042e-01
-9.996460000000000434e+01 1.832829999999999870e+01 5.810950000000000282e-01
-9.945959999999999468e+01 1.824749999999999872e+01 6.076340000000000074e-01
-9.971210000000000662e+01 1.842930000000000135e+01 6.272830000000000350e-01
-9.956059999999999377e+01 1.836870000000000047e+01 5.703430000000000444e-01
-9.961109999999999332e+01 1.844950000000000045e+01 6.025040000000000395e-01
-9.953539999999999566e+01 1.842930000000000135e+01 5.983460000000000445e-01
-9.948480000000000700e+01 1.816669999999999874e+01 6.132189999999999586e-01
-9.983839999999999293e+01 1.844950000000000045e+01 6.364950000000000330e-01
-1.000151999999999930e+02 1.851010000000000133e+01 6.151090000000000169e-01
-9.981310000000000571e+01 1.822729999999999961e+01 6.175019999999999953e-01
-9.976260000000000616e+01 1.760099999999999909e+01 6.601949999999999763e-01
-9.923229999999999507e+01 1.830809999999999960e+01 6.303330000000000322e-01
-1.000657000000000068e+02 1.840909999999999869e+01 5.670899999999999830e-01
-1.001919000000000040e+02 1.838889999999999958e+01 6.435349999999999682e-01
-1.000909000000000049e+02 1.812630000000000052e+01 6.393299999999999539e-01
-1.004192000000000036e+02 1.838889999999999958e+01 5.953950000000000076e-01
-9.973739999999999384e+01 1.824749999999999872e+01 6.020020000000000371e-01
-1.001919000000000040e+02 1.834850000000000136e+01 5.884300000000000086e-01
-9.948480000000000700e+01 1.844950000000000045e+01 6.284899999999999931e-01
-9.940909999999999513e+01 1.820710000000000051e+01 6.071149999999999602e-01
-9.963639999999999475e+01 1.812630000000000052e+01 6.123129999999999962e-01
-1.000151999999999930e+02 1.830809999999999960e+01 6.260580000000000034e-01
-9.993940000000000623e+01 1.822729999999999961e+01 5.659290000000000154e-01
-9.996460000000000434e+01 1.840909999999999869e+01 5.250599999999999712e-01
-9.923229999999999507e+01 1.806569999999999965e+01 6.467119999999999536e-01
-9.963639999999999475e+01 1.836870000000000047e+01 6.064880000000000271e-01
-9.958589999999999520e+01 1.816669999999999874e+01 6.161440000000000250e-01
-9.971210000000000662e+01 1.830809999999999960e+01 5.195549999999999891e-01
-9.940909999999999513e+01 1.842930000000000135e+01 5.807790000000000452e-01
-9.953539999999999566e+01 1.838889999999999958e+01 6.317479999999999762e-01
-9.953539999999999566e+01 1.842930000000000135e+01 6.285589999999999788e-01
-9.890399999999999636e+01 1.766159999999999997e+01 6.297570000000000112e-01
-9.948480000000000700e+01 1.812630000000000052e+01 6.454659999999999842e-01
-9.938379999999999370e+01 1.840909999999999869e+01 6.543539999999999912e-01
-9.998990000000000578e+01 1.834850000000000136e+01 6.225570000000000270e-01
-9.953539999999999566e+01 1.832829999999999870e+01 6.179189999999999960e-01
-9.953539999999999566e+01 1.836870000000000047e+01 5.914960000000000218e-01
-9.951009999999999422e+01 1.844950000000000045e+01 6.037660000000000249e-01
-9.948480000000000700e+01 1.844950000000000045e+01 6.472200000000000175e-01
-9.913129999999999598e+01 1.832829999999999870e+01 5.740939999999999932e-01
-9.913129999999999598e+01 1.832829999999999870e+01 5.866630000000000456e-01
-9.940909999999999513e+01 1.828790000000000049e+01 5.982730000000000548e-01
-9.971210000000000662e+01 1.836870000000000047e+01 5.539530000000000287e-01
-9.953539999999999566e+01 1.842930000000000135e+01 6.087909999999999711e-01
-9.953539999999999566e+01 1.838889999999999958e+01 6.235840000000000272e-01
-9.991410000000000480e+01 1.836870000000000047e+01 6.124230000000000507e-01
-9.923229999999999507e+01 1.832829999999999870e+01 5.874949999999999894e-01
-9.928279999999999461e+01 1.814649999999999963e+01 6.686050000000000049e-01
-9.910609999999999786e+01 1.830809999999999960e+01 6.528279999999999639e-01
-9.928279999999999461e+01 1.814649999999999963e+01 6.254560000000000120e-01
-9.908079999999999643e+01 1.830809999999999960e+01 5.984410000000000007e-01
-9.948480000000000700e+01 1.832829999999999870e+01 6.155749999999999833e-01
-9.920709999999999695e+01 1.826770000000000138e+01 6.000339999999999563e-01
-9.928279999999999461e+01 1.828790000000000049e+01 6.422369999999999468e-01
-9.930809999999999604e+01 1.828790000000000049e+01 6.462630000000000319e-01
-9.953539999999999566e+01 1.818690000000000140e+01 6.251550000000000162e-01
-9.920709999999999695e+01 1.824749999999999872e+01 6.764339999999999797e-01
-9.905559999999999832e+01 1.802530000000000143e+01 5.653650000000000064e-01
-9.930809999999999604e+01 1.818690000000000140e+01 6.152959999999999541e-01
-9.920709999999999695e+01 1.816669999999999874e+01 6.253710000000000102e-01
-9.923229999999999507e+01 1.832829999999999870e+01 5.920619999999999772e-01
-9.930809999999999604e+01 1.808589999999999876e+01 6.064070000000000293e-01
-9.920709999999999695e+01 1.820710000000000051e+01 5.951109999999999456e-01
-9.913129999999999598e+01 1.830809999999999960e+01 6.595419999999999616e-01
-9.948480000000000700e+01 1.830809999999999960e+01 6.105610000000000204e-01
-9.956059999999999377e+01 1.820710000000000051e+01 6.238240000000000451e-01
-9.933329999999999416e+01 1.820710000000000051e+01 6.388989999999999947e-01
-9.925759999999999650e+01 1.818690000000000140e+01 5.985470000000000512e-01
-9.956059999999999377e+01 1.826770000000000138e+01 6.046110000000000095e-01
-9.887879999999999825e+01 1.812630000000000052e+01 5.917360000000000397e-01
-9.938379999999999370e+01 1.816669999999999874e+01 5.904490000000000016e-01
-9.933329999999999416e+01 1.816669999999999874e+01 6.219710000000000516e-01
-9.928279999999999461e+01 1.816669999999999874e+01 6.572069999999999856e-01
-9.933329999999999416e+01 1.818690000000000140e+01 6.415570000000000439e-01
-9.958589999999999520e+01 1.820710000000000051e+01 6.911479999999999846e-01
-9.910609999999999786e+01 1.824749999999999872e+01 6.263980000000000103e-01
-9.920709999999999695e+01 1.820710000000000051e+01 6.456560000000000077e-01
-9.971210000000000662e+01 1.814649999999999963e+01 6.438979999999999704e-01
-9.951009999999999422e+01 1.840909999999999869e+01 5.968200000000000172e-01
-9.958589999999999520e+01 1.840909999999999869e+01 5.501540000000000319e-01
-9.956059999999999377e+01 1.838889999999999958e+01 5.386670000000000069e-01
-9.951009999999999422e+01 1.836870000000000047e+01 6.133509999999999796e-01
-9.958589999999999520e+01 1.836870000000000047e+01 5.490660000000000540e-01
-9.973739999999999384e+01 1.844950000000000045e+01 5.721159999999999579e-01
-9.956059999999999377e+01 1.840909999999999869e+01 6.064389999999999503e-01
-9.958589999999999520e+01 1.820710000000000051e+01 6.194749999999999979e-01
-9.956059999999999377e+01 1.824749999999999872e+01 6.656379999999999519e-01
-9.961109999999999332e+01 1.838889999999999958e+01 6.407990000000000075e-01
-9.961109999999999332e+01 1.818690000000000140e+01 6.667030000000000456e-01
-9.958589999999999520e+01 1.826770000000000138e+01 6.435990000000000322e-01
-9.948480000000000700e+01 1.836870000000000047e+01 5.907130000000000436e-01
-9.956059999999999377e+01 1.838889999999999958e+01 6.224669999999999925e-01
-9.956059999999999377e+01 1.822729999999999961e+01 6.104429999999999579e-01
-9.958589999999999520e+01 1.834850000000000136e+01 6.218259999999999899e-01
-9.963639999999999475e+01 1.816669999999999874e+01 6.269919999999999938e-01
-9.956059999999999377e+01 1.840909999999999869e+01 5.886350000000000193e-01
-9.983839999999999293e+01 1.824749999999999872e+01 6.027839999999999865e-01
-9.966160000000000707e+01 1.802530000000000143e+01 6.150619999999999976e-01
-9.966160000000000707e+01 1.814649999999999963e+01 6.752700000000000369e-01
-9.961109999999999332e+01 1.802530000000000143e+01 6.690660000000000496e-01
-9.973739999999999384e+01 1.820710000000000051e+01 6.233429999999999804e-01
-9.958589999999999520e+01 1.826770000000000138e+01 6.326889999999999459e-01
-9.961109999999999332e+01 1.810610000000000142e+01 6.231210000000000360e-01
-9.966160000000000707e+01 1.812630000000000052e+01 6.870490000000000208e-01
-9.963639999999999475e+01 1.808589999999999876e+01 6.227369999999999850e-01
-9.973739999999999384e+01 1.818690000000000140e+01 6.701259999999999994e-01
-9.968689999999999429e+01 1.832829999999999870e+01 5.851490000000000302e-01
-9.966160000000000707e+01 1.826770000000000138e+01 5.553649999999999975e-01
-9.966160000000000707e+01 1.822729999999999961e+01 6.262720000000000509e-01
-9.976260000000000616e+01 1.842930000000000135e+01 5.830349999999999699e-01
-9.973739999999999384e+01 1.842930000000000135e+01 6.026259999999999950e-01
-9.940909999999999513e+01 1.840909999999999869e+01 6.222010000000000041e-01
-9.978789999999999338e+01 1.842930000000000135e+01 6.106599999999999806e-01
-1.005707000000000022e+02 1.950000000000000000e+01 5.535449999999999537e-01
-9.976260000000000616e+01 1.834850000000000136e+01 6.075099999999999945e-01
-9.978789999999999338e+01 1.846969999999999956e+01 5.629809999999999537e-01
-9.983839999999999293e+01 1.844950000000000045e+01 5.923519999999999897e-01
-9.986360000000000525e+01 1.846969999999999956e+01 5.364870000000000472e-01
-9.958589999999999520e+01 1.844950000000000045e+01 6.206519999999999815e-01
-1.001414000000000044e+02 1.830809999999999960e+01 5.867649999999999810e-01
-9.966160000000000707e+01 1.806569999999999965e+01 6.343100000000000405e-01
-9.953539999999999566e+01 1.828790000000000049e+01 5.540979999999999794e-01
-9.953539999999999566e+01 1.838889999999999958e+01 6.387350000000000527e-01
-9.981310000000000571e+01 1.844950000000000045e+01 6.037839999999999874e-01
-9.978789999999999338e+01 1.832829999999999870e+01 6.636210000000000164e-01
-9.973739999999999384e+01 1.842930000000000135e+01 6.021379999999999511e-01
-9.966160000000000707e+01 1.822729999999999961e+01 6.366640000000000077e-01
-9.976260000000000616e+01 1.838889999999999958e+01 6.531379999999999963e-01
-9.996460000000000434e+01 1.826770000000000138e+01 5.979529999999999568e-01
-9.948480000000000700e+01 1.830809999999999960e+01 5.699680000000000302e-01
-9.983839999999999293e+01 1.834850000000000136e+01 6.178569999999999895e-01
-9.968689999999999429e+01 1.798479999999999990e+01 6.669659999999999478e-01
-9.988890000000000668e+01 1.826770000000000138e+01 5.788680000000000492e-01
-9.963639999999999475e+01 1.816669999999999874e+01 6.577330000000000121e-01
-9.961109999999999332e+01 1.798479999999999990e+01 6.223400000000000043e-01
-9.953539999999999566e+01 1.806569999999999965e+01 6.549549999999999539e-01
-9.961109999999999332e+01 1.806569999999999965e+01 6.099229999999999929e-01
-9.953539999999999566e+01 1.820710000000000051e+01 6.211860000000000159e-01
-9.988890000000000668e+01 1.828790000000000049e+01 6.170820000000000194e-01
-9.956059999999999377e+01 1.826770000000000138e+01 6.267669999999999630e-01
-9.968689999999999429e+01 1.816669999999999874e+01 6.284929999999999684e-01
-9.951009999999999422e+01 1.810610000000000142e+01 6.222689999999999610e-01
-9.953539999999999566e+01 1.844950000000000045e+01 6.402700000000000058e-01
-9.915659999999999741e+01 1.832829999999999870e+01 6.073389999999999622e-01
-9.938379999999999370e+01 1.838889999999999958e+01 6.388949999999999907e-01
-9.928279999999999461e+01 1.828790000000000049e+01 6.240320000000000311e-01
-9.940909999999999513e+01 1.842930000000000135e+01 5.937289999999999512e-01
-9.940909999999999513e+01 1.840909999999999869e+01 6.369679999999999787e-01
-9.953539999999999566e+01 1.840909999999999869e+01 6.347169999999999757e-01
-9.935859999999999559e+01 1.836870000000000047e+01 6.352759999999999518e-01
-9.923229999999999507e+01 1.824749999999999872e+01 6.134500000000000508e-01
-9.913129999999999598e+01 1.830809999999999960e+01 6.075679999999999970e-01
-9.910609999999999786e+01 1.824749999999999872e+01 6.137000000000000233e-01
-9.923229999999999507e+01 1.826770000000000138e+01 6.147350000000000314e-01
-9.913129999999999598e+01 1.824749999999999872e+01 5.831079999999999597e-01
-9.930809999999999604e+01 1.828790000000000049e+01 5.903500000000000414e-01
-9.923229999999999507e+01 1.832829999999999870e+01 6.334520000000000151e-01
-9.920709999999999695e+01 1.820710000000000051e+01 6.089090000000000336e-01
-9.910609999999999786e+01 1.822729999999999961e+01 6.274520000000000097e-01
-9.956059999999999377e+01 1.836870000000000047e+01 6.206190000000000317e-01
-9.976260000000000616e+01 1.834850000000000136e+01 5.800629999999999953e-01
-9.981310000000000571e+01 1.834850000000000136e+01 5.781169999999999920e-01
-9.948480000000000700e+01 1.820710000000000051e+01 5.724059999999999704e-01
-9.988890000000000668e+01 1.836870000000000047e+01 5.638309999999999711e-01
-1.001162000000000063e+02 1.830809999999999960e+01 6.270360000000000378e-01
-9.983839999999999293e+01 1.830809999999999960e+01 5.642490000000000006e-01
-9.978789999999999338e+01 1.822729999999999961e+01 6.231820000000000137e-01
-9.983839999999999293e+01 1.848989999999999867e+01 5.743239999999999457e-01
-9.930809999999999604e+01 1.816669999999999874e+01 6.371179999999999621e-01
-9.951009999999999422e+01 1.820710000000000051e+01 5.743570000000000064e-01
-9.976260000000000616e+01 1.824749999999999872e+01 5.623289999999999678e-01
-9.943429999999999325e+01 1.818690000000000140e+01 6.107690000000000063e-01
-9.963639999999999475e+01 1.838889999999999958e+01 5.818600000000000438e-01
-9.971210000000000662e+01 1.836870000000000047e+01 6.119759999999999645e-01
-9.961109999999999332e+01 1.834850000000000136e+01 6.467030000000000278e-01
-9.978789999999999338e+01 1.840909999999999869e+01 6.447659999999999503e-01
-9.966160000000000707e+01 1.832829999999999870e+01 5.992199999999999749e-01
-9.966160000000000707e+01 1.834850000000000136e+01 5.987430000000000252e-01
-9.986360000000000525e+01 1.824749999999999872e+01 6.010769999999999724e-01
-9.976260000000000616e+01 1.840909999999999869e+01 6.601759999999999851e-01
-9.981310000000000571e+01 1.832829999999999870e+01 6.245929999999999538e-01
-9.996460000000000434e+01 1.838889999999999958e+01 6.018050000000000344e-01
-9.958589999999999520e+01 1.828790000000000049e+01 5.913770000000000415e-01
-9.963639999999999475e+01 1.830809999999999960e+01 5.835810000000000164e-01
-9.968689999999999429e+01 1.818690000000000140e+01 6.054349999999999454e-01
-9.953539999999999566e+01 1.834850000000000136e+01 6.050060000000000437e-01
-9.973739999999999384e+01 1.842930000000000135e+01 6.171670000000000211e-01
-9.983839999999999293e+01 1.830809999999999960e+01 6.156190000000000273e-01
-9.973739999999999384e+01 1.814649999999999963e+01 5.960159999999999902e-01
-9.966160000000000707e+01 1.846969999999999956e+01 6.357570000000000165e-01
-9.983839999999999293e+01 1.844950000000000045e+01 5.536400000000000210e-01
-9.973739999999999384e+01 1.806569999999999965e+01 6.084439999999999849e-01
-9.976260000000000616e+01 1.832829999999999870e+01 5.748680000000000456e-01
-9.961109999999999332e+01 1.822729999999999961e+01 6.202710000000000168e-01
-9.951009999999999422e+01 1.832829999999999870e+01 6.073239999999999750e-01
-9.940909999999999513e+01 1.838889999999999958e+01 6.047350000000000225e-01
-9.968689999999999429e+01 1.812630000000000052e+01 6.352470000000000061e-01
-9.973739999999999384e+01 1.814649999999999963e+01 6.145150000000000334e-01
-9.973739999999999384e+01 1.834850000000000136e+01 6.211630000000000207e-01
-9.976260000000000616e+01 1.826770000000000138e+01 5.939440000000000275e-01
-9.978789999999999338e+01 1.840909999999999869e+01 5.556189999999999740e-01
-9.993940000000000623e+01 1.838889999999999958e+01 6.070219999999999505e-01
-9.958589999999999520e+01 1.808589999999999876e+01 6.152100000000000346e-01
-9.966160000000000707e+01 1.834850000000000136e+01 5.950699999999999878e-01
-9.976260000000000616e+01 1.832829999999999870e+01 6.073190000000000532e-01
-9.991410000000000480e+01 1.836870000000000047e+01 5.841730000000000533e-01
-9.948480000000000700e+01 1.832829999999999870e+01 6.156890000000000418e-01
-9.920709999999999695e+01 1.824749999999999872e+01 6.453889999999999905e-01
-9.930809999999999604e+01 1.824749999999999872e+01 6.179499999999999993e-01
-9.935859999999999559e+01 1.818690000000000140e+01 6.385279999999999845e-01
-9.923229999999999507e+01 1.832829999999999870e+01 6.687819999999999876e-01
-9.910609999999999786e+01 1.830809999999999960e+01 6.297110000000000207e-01
-9.910609999999999786e+01 1.820710000000000051e+01 6.357599999999999918e-01
-9.935859999999999559e+01 1.816669999999999874e+01 5.939999999999999725e-01
-9.925759999999999650e+01 1.814649999999999963e+01 6.223760000000000403e-01
-9.920709999999999695e+01 1.832829999999999870e+01 6.254060000000000175e-01
-9.928279999999999461e+01 1.816669999999999874e+01 6.740019999999999900e-01
-9.915659999999999741e+01 1.826770000000000138e+01 6.243100000000000316e-01
-9.938379999999999370e+01 1.816669999999999874e+01 6.566589999999999927e-01
-9.920709999999999695e+01 1.824749999999999872e+01 6.824879999999999836e-01
-9.958589999999999520e+01 1.802530000000000143e+01 6.149890000000000079e-01
-9.928279999999999461e+01 1.808589999999999876e+01 6.609620000000000495e-01
-9.956059999999999377e+01 1.816669999999999874e+01 6.270179999999999643e-01
-9.943429999999999325e+01 1.844950000000000045e+01 6.149820000000000286e-01
-9.951009999999999422e+01 1.834850000000000136e+01 5.911459999999999493e-01
-9.925759999999999650e+01 1.828790000000000049e+01 6.442539999999999933e-01
-9.918179999999999552e+01 1.826770000000000138e+01 6.031429999999999847e-01
-9.993940000000000623e+01 1.804550000000000054e+01 6.205140000000000100e-01
-9.940909999999999513e+01 1.816669999999999874e+01 6.226230000000000375e-01
-9.933329999999999416e+01 1.804550000000000054e+01 6.326979999999999826e-01
-9.940909999999999513e+01 1.812630000000000052e+01 6.526260000000000394e-01
-9.930809999999999604e+01 1.812630000000000052e+01 6.573909999999999476e-01
-9.943429999999999325e+01 1.826770000000000138e+01 6.295880000000000365e-01
-9.973739999999999384e+01 1.838889999999999958e+01 6.178390000000000271e-01
-9.958589999999999520e+01 1.836870000000000047e+01 5.774529999999999941e-01
-9.976260000000000616e+01 1.838889999999999958e+01 6.085209999999999786e-01
-9.945959999999999468e+01 1.818690000000000140e+01 6.178280000000000438e-01
-9.961109999999999332e+01 1.820710000000000051e+01 6.115599999999999925e-01
-9.976260000000000616e+01 1.832829999999999870e+01 6.078940000000000454e-01
-9.958589999999999520e+01 1.826770000000000138e+01 6.670220000000000038e-01
-9.961109999999999332e+01 1.814649999999999963e+01 6.425159999999999760e-01
-9.956059999999999377e+01 1.832829999999999870e+01 6.076369999999999827e-01
-9.958589999999999520e+01 1.828790000000000049e+01 6.599310000000000453e-01
-9.935859999999999559e+01 1.808589999999999876e+01 6.274939999999999962e-01
-9.933329999999999416e+01 1.814649999999999963e+01 6.119780000000000220e-01
-9.958589999999999520e+01 1.822729999999999961e+01 5.766520000000000534e-01
-9.940909999999999513e+01 1.814649999999999963e+01 6.815830000000000499e-01
-9.958589999999999520e+01 1.818690000000000140e+01 6.319550000000000445e-01
-9.993940000000000623e+01 1.848989999999999867e+01 5.788339999999999597e-01
-9.973739999999999384e+01 1.822729999999999961e+01 6.150520000000000431e-01
-9.940909999999999513e+01 1.818690000000000140e+01 6.379399999999999515e-01
-9.961109999999999332e+01 1.822729999999999961e+01 5.775740000000000318e-01
-9.961109999999999332e+01 1.820710000000000051e+01 6.669209999999999861e-01
-9.953539999999999566e+01 1.826770000000000138e+01 6.546779999999999822e-01
-1.000404000000000053e+02 1.848989999999999867e+01 6.070759999999999490e-01
-9.928279999999999461e+01 1.810610000000000142e+01 6.552839999999999776e-01
-9.935859999999999559e+01 1.810610000000000142e+01 5.428760000000000252e-01
-9.956059999999999377e+01 1.812630000000000052e+01 5.889499999999999735e-01
-9.976260000000000616e+01 1.816669999999999874e+01 6.086139999999999883e-01
-9.958589999999999520e+01 1.836870000000000047e+01 5.804890000000000327e-01
-9.993940000000000623e+01 1.782319999999999993e+01 6.164439999999999920e-01
-9.983839999999999293e+01 1.844950000000000045e+01 6.147930000000000339e-01
-9.983839999999999293e+01 1.836870000000000047e+01 6.025009999999999533e-01
-9.951009999999999422e+01 1.824749999999999872e+01 6.372250000000000414e-01
-9.996460000000000434e+01 1.820710000000000051e+01 6.394720000000000404e-01
-9.988890000000000668e+01 1.846969999999999956e+01 5.542289999999999717e-01
-9.943429999999999325e+01 1.812630000000000052e+01 5.919750000000000290e-01
-1.000404000000000053e+02 1.834850000000000136e+01 5.993000000000000549e-01
-1.000151999999999930e+02 1.830809999999999960e+01 5.752469999999999528e-01
-9.996460000000000434e+01 1.832829999999999870e+01 6.233600000000000252e-01
-9.976260000000000616e+01 1.848989999999999867e+01 5.780790000000000095e-01
-9.933329999999999416e+01 1.834850000000000136e+01 5.907710000000000461e-01
-9.938379999999999370e+01 1.840909999999999869e+01 6.124450000000000172e-01
-9.945959999999999468e+01 1.844950000000000045e+01 6.441599999999999548e-01
-9.920709999999999695e+01 1.834850000000000136e+01 5.791490000000000249e-01
-9.966160000000000707e+01 1.840909999999999869e+01 5.599039999999999573e-01
-9.920709999999999695e+01 1.830809999999999960e+01 5.377439999999999998e-01
-9.961109999999999332e+01 1.834850000000000136e+01 6.197789999999999688e-01
-9.940909999999999513e+01 1.818690000000000140e+01 6.204140000000000210e-01
-9.943429999999999325e+01 1.842930000000000135e+01 6.162600000000000300e-01
-9.945959999999999468e+01 1.816669999999999874e+01 5.562319999999999487e-01
-9.928279999999999461e+01 1.816669999999999874e+01 6.250229999999999952e-01
-9.948480000000000700e+01 1.842930000000000135e+01 6.359789999999999610e-01
-9.940909999999999513e+01 1.836870000000000047e+01 5.766090000000000382e-01
-9.973739999999999384e+01 1.834850000000000136e+01 6.047960000000000003e-01
-9.981310000000000571e+01 1.851010000000000133e+01 5.441110000000000113e-01
-9.920709999999999695e+01 1.822729999999999961e+01 6.282809999999999784e-01
-9.925759999999999650e+01 1.826770000000000138e+01 6.208259999999999890e-01
-9.938379999999999370e+01 1.828790000000000049e+01 5.894779999999999465e-01
-9.925759999999999650e+01 1.832829999999999870e+01 6.054730000000000389e-01
-9.923229999999999507e+01 1.822729999999999961e+01 6.407669999999999755e-01
-9.920709999999999695e+01 1.826770000000000138e+01 6.153009999999999868e-01
-9.943429999999999325e+01 1.834850000000000136e+01 6.026139999999999830e-01
-9.956059999999999377e+01 1.842930000000000135e+01 6.059400000000000341e-01
-9.961109999999999332e+01 1.840909999999999869e+01 5.862509999999999666e-01
-9.951009999999999422e+01 1.840909999999999869e+01 6.182520000000000238e-01
-9.968689999999999429e+01 1.844950000000000045e+01 5.931039999999999646e-01
-9.925759999999999650e+01 1.826770000000000138e+01 6.568580000000000529e-01
-9.966160000000000707e+01 1.822729999999999961e+01 6.718279999999999808e-01
-9.968689999999999429e+01 1.824749999999999872e+01 6.187730000000000175e-01
-9.978789999999999338e+01 1.828790000000000049e+01 6.173699999999999743e-01
-1.000151999999999930e+02 1.838889999999999958e+01 6.193130000000000024e-01
-9.951009999999999422e+01 1.838889999999999958e+01 6.107789999999999608e-01
-1.009746999999999986e+02 1.903539999999999921e+01 5.887390000000000123e-01
-9.976260000000000616e+01 1.824749999999999872e+01 6.193290000000000184e-01
-9.935859999999999559e+01 1.816669999999999874e+01 6.289959999999999996e-01
-9.993940000000000623e+01 1.818690000000000140e+01 6.551620000000000221e-01
-1.004949000000000012e+02 1.806569999999999965e+01 6.435729999999999507e-01
-9.976260000000000616e+01 1.828790000000000049e+01 5.999449999999999505e-01
-9.981310000000000571e+01 1.842930000000000135e+01 5.925780000000000491e-01
-9.973739999999999384e+01 1.840909999999999869e+01 6.631289999999999685e-01
-9.920709999999999695e+01 1.816669999999999874e+01 6.362910000000000510e-01
-9.948480000000000700e+01 1.834850000000000136e+01 5.875380000000000047e-01
-9.913129999999999598e+01 1.824749999999999872e+01 6.764660000000000117e-01
-9.918179999999999552e+01 1.824749999999999872e+01 6.214849999999999541e-01
-9.923229999999999507e+01 1.826770000000000138e+01 6.307500000000000329e-01
-9.923229999999999507e+01 1.818690000000000140e+01 5.529319999999999791e-01
-9.923229999999999507e+01 1.826770000000000138e+01 6.469949999999999868e-01
-9.940909999999999513e+01 1.816669999999999874e+01 5.798130000000000228e-01
-9.930809999999999604e+01 1.824749999999999872e+01 6.243739999999999846e-01
-9.928279999999999461e+01 1.814649999999999963e+01 6.902960000000000207e-01
-9.918179999999999552e+01 1.826770000000000138e+01 6.041199999999999903e-01
-9.910609999999999786e+01 1.812630000000000052e+01 6.467410000000000103e-01
-9.930809999999999604e+01 1.822729999999999961e+01 6.022889999999999633e-01
-9.925759999999999650e+01 1.840909999999999869e+01 5.224619999999999820e-01
-9.928279999999999461e+01 1.832829999999999870e+01 6.514529999999999488e-01
-9.913129999999999598e+01 1.824749999999999872e+01 6.172299999999999454e-01
-9.933329999999999416e+01 1.824749999999999872e+01 6.613820000000000254e-01
-9.953539999999999566e+01 1.832829999999999870e+01 6.273389999999999800e-01
-9.963639999999999475e+01 1.820710000000000051e+01 6.380820000000000380e-01
-9.938379999999999370e+01 1.842930000000000135e+01 5.976270000000000193e-01
-9.951009999999999422e+01 1.842930000000000135e+01 5.826550000000000340e-01
-9.913129999999999598e+01 1.834850000000000136e+01 6.393879999999999564e-01
-9.953539999999999566e+01 1.838889999999999958e+01 6.097540000000000182e-01
-9.943429999999999325e+01 1.832829999999999870e+01 6.141910000000000425e-01
-9.933329999999999416e+01 1.808589999999999876e+01 5.843840000000000146e-01
-9.925759999999999650e+01 1.834850000000000136e+01 6.084859999999999713e-01
-9.938379999999999370e+01 1.834850000000000136e+01 6.316119999999999512e-01
-9.958589999999999520e+01 1.834850000000000136e+01 6.317390000000000505e-01
-9.935859999999999559e+01 1.834850000000000136e+01 6.112910000000000288e-01
-9.933329999999999416e+01 1.824749999999999872e+01 6.001520000000000188e-01
-9.953539999999999566e+01 1.842930000000000135e+01 5.916080000000000227e-01
-9.956059999999999377e+01 1.816669999999999874e+01 6.162180000000000435e-01
-9.951009999999999422e+01 1.820710000000000051e+01 6.443590000000000151e-01
-9.920709999999999695e+01 1.820710000000000051e+01 5.609410000000000229e-01
-9.933329999999999416e+01 1.826770000000000138e+01 6.231170000000000320e-01
-9.920709999999999695e+01 1.820710000000000051e+01 6.035179999999999989e-01
-9.938379999999999370e+01 1.814649999999999963e+01 6.461390000000000189e-01
-9.938379999999999370e+01 1.824749999999999872e+01 6.195110000000000339e-01
-9.973739999999999384e+01 1.836870000000000047e+01 6.023560000000000025e-01
-9.956059999999999377e+01 1.836870000000000047e+01 5.778959999999999653e-01
-9.973739999999999384e+01 1.840909999999999869e+01 6.324819999999999887e-01
-9.981310000000000571e+01 1.826770000000000138e+01 6.332969999999999988e-01
-9.973739999999999384e+01 1.840909999999999869e+01 6.384210000000000163e-01
-9.956059999999999377e+01 1.826770000000000138e+01 5.557819999999999983e-01
-9.991410000000000480e+01 1.855049999999999955e+01 5.742220000000000102e-01
-9.978789999999999338e+01 1.828790000000000049e+01 6.396770000000000511e-01
-9.956059999999999377e+01 1.824749999999999872e+01 6.231389999999999985e-01
-9.935859999999999559e+01 1.838889999999999958e+01 5.841410000000000213e-01
-9.956059999999999377e+01 1.834850000000000136e+01 6.042180000000000328e-01
-9.958589999999999520e+01 1.838889999999999958e+01 5.565940000000000332e-01
-9.988890000000000668e+01 1.838889999999999958e+01 5.822530000000000205e-01
-9.973739999999999384e+01 1.842930000000000135e+01 6.108919999999999906e-01
-9.951009999999999422e+01 1.840909999999999869e+01 6.176260000000000083e-01
-9.945959999999999468e+01 1.830809999999999960e+01 6.094019999999999992e-01
-9.976260000000000616e+01 1.832829999999999870e+01 5.975869999999999793e-01
-9.963639999999999475e+01 1.834850000000000136e+01 6.306880000000000264e-01
-9.956059999999999377e+01 1.840909999999999869e+01 6.126819999999999489e-01
-1.000151999999999930e+02 1.851010000000000133e+01 6.144979999999999887e-01
-9.953539999999999566e+01 1.851010000000000133e+01 6.161720000000000530e-01
-9.966160000000000707e+01 1.836870000000000047e+01 5.496630000000000127e-01
-9.986360000000000525e+01 1.838889999999999958e+01 6.003730000000000455e-01
-9.981310000000000571e+01 1.836870000000000047e+01 6.170039999999999969e-01
-9.978789999999999338e+01 1.851010000000000133e+01 5.830549999999999899e-01
-9.983839999999999293e+01 1.842930000000000135e+01 6.039200000000000124e-01
-9.996460000000000434e+01 1.840909999999999869e+01 6.060670000000000224e-01
-9.935859999999999559e+01 1.814649999999999963e+01 5.862849999999999451e-01
-9.923229999999999507e+01 1.794440000000000168e+01 5.464820000000000233e-01
-9.963639999999999475e+01 1.822729999999999961e+01 6.752209999999999601e-01
-9.991410000000000480e+01 1.822729999999999961e+01 6.403170000000000250e-01
-9.981310000000000571e+01 1.848989999999999867e+01 5.760899999999999910e-01
-9.978789999999999338e+01 1.812630000000000052e+01 6.187570000000000014e-01
-9.953539999999999566e+01 1.832829999999999870e+01 5.741659999999999542e-01
-9.961109999999999332e+01 1.808589999999999876e+01 6.823320000000000496e-01
-9.963639999999999475e+01 1.828790000000000049e+01 6.137029999999999985e-01
-9.998990000000000578e+01 1.774239999999999995e+01 6.768979999999999997e-01
-9.971210000000000662e+01 1.806569999999999965e+01 5.928679999999999506e-01
-9.961109999999999332e+01 1.808589999999999876e+01 6.087879999999999958e-01
-9.948480000000000700e+01 1.810610000000000142e+01 6.442449999999999566e-01
-9.973739999999999384e+01 1.824749999999999872e+01 6.526710000000000012e-01
-1.000151999999999930e+02 1.844950000000000045e+01 6.000609999999999555e-01
-9.951009999999999422e+01 1.832829999999999870e+01 6.434440000000000159e-01
-9.968689999999999429e+01 1.822729999999999961e+01 6.506129999999999969e-01
-9.958589999999999520e+01 1.828790000000000049e+01 5.793150000000000244e-01
-9.978789999999999338e+01 1.826770000000000138e+01 6.601209999999999578e-01
-9.953539999999999566e+01 1.818690000000000140e+01 6.169900000000000384e-01
-9.956059999999999377e+01 1.824749999999999872e+01 6.288859999999999451e-01
-9.958589999999999520e+01 1.816669999999999874e+01 6.141520000000000312e-01
-9.976260000000000616e+01 1.814649999999999963e+01 6.358549999999999480e-01
-9.976260000000000616e+01 1.800509999999999877e+01 6.232889999999999819e-01
-9.973739999999999384e+01 1.828790000000000049e+01 6.141760000000000552e-01
-9.976260000000000616e+01 1.830809999999999960e+01 6.065409999999999968e-01
-9.953539999999999566e+01 1.826770000000000138e+01 6.003849999999999465e-01
-9.953539999999999566e+01 1.826770000000000138e+01 5.700809999999999489e-01
-9.968689999999999429e+01 1.822729999999999961e+01 5.992610000000000436e-01
-9.925759999999999650e+01 1.830809999999999960e+01 5.722690000000000277e-01
-9.976260000000000616e+01 1.800509999999999877e+01 6.022020000000000151e-01
-9.956059999999999377e+01 1.820710000000000051e+01 6.406450000000000200e-01
-9.935859999999999559e+01 1.818690000000000140e+01 6.517549999999999732e-01
-9.986360000000000525e+01 1.760099999999999909e+01 6.343860000000000054e-01
-9.958589999999999520e+01 1.822729999999999961e+01 5.805029999999999912e-01
-9.978789999999999338e+01 1.772220000000000084e+01 6.710089999999999666e-01
-9.968689999999999429e+01 1.768179999999999907e+01 6.734320000000000306e-01
-9.925759999999999650e+01 1.798479999999999990e+01 6.542710000000000470e-01
-9.938379999999999370e+01 1.790399999999999991e+01 5.588520000000000154e-01
-9.933329999999999416e+01 1.810610000000000142e+01 6.578690000000000371e-01
-9.963639999999999475e+01 1.816669999999999874e+01 6.730930000000000524e-01
-9.943429999999999325e+01 1.808589999999999876e+01 5.996879999999999988e-01
-9.968689999999999429e+01 1.822729999999999961e+01 6.327260000000000106e-01
-9.966160000000000707e+01 1.770200000000000173e+01 6.642019999999999591e-01
-9.935859999999999559e+01 1.818690000000000140e+01 6.499890000000000390e-01
-9.953539999999999566e+01 1.830809999999999960e+01 6.497490000000000210e-01
-9.930809999999999604e+01 1.812630000000000052e+01 6.173389999999999711e-01
-9.933329999999999416e+01 1.804550000000000054e+01 6.593179999999999596e-01
-9.968689999999999429e+01 1.810610000000000142e+01 6.459529999999999994e-01
-9.953539999999999566e+01 1.824749999999999872e+01 5.514069999999999805e-01
-9.940909999999999513e+01 1.806569999999999965e+01 6.344290000000000207e-01
-9.986360000000000525e+01 1.768179999999999907e+01 7.003690000000000193e-01
-9.958589999999999520e+01 1.836870000000000047e+01 5.998499999999999943e-01
-9.973739999999999384e+01 1.842930000000000135e+01 6.144720000000000182e-01
-9.968689999999999429e+01 1.838889999999999958e+01 5.802359999999999740e-01
-9.963639999999999475e+01 1.840909999999999869e+01 6.030600000000000405e-01
-9.935859999999999559e+01 1.810610000000000142e+01 6.237129999999999619e-01
-9.940909999999999513e+01 1.816669999999999874e+01 6.458549999999999569e-01
-9.935859999999999559e+01 1.816669999999999874e+01 6.037069999999999936e-01
-9.938379999999999370e+01 1.816669999999999874e+01 6.496450000000000280e-01
-9.951009999999999422e+01 1.830809999999999960e+01 5.796440000000000481e-01
-9.956059999999999377e+01 1.836870000000000047e+01 6.015530000000000044e-01
-9.935859999999999559e+01 1.814649999999999963e+01 6.236660000000000537e-01
-9.968689999999999429e+01 1.832829999999999870e+01 6.118460000000000010e-01
-9.948480000000000700e+01 1.832829999999999870e+01 6.616180000000000394e-01
-9.940909999999999513e+01 1.812630000000000052e+01 6.612909999999999622e-01
-9.993940000000000623e+01 1.838889999999999958e+01 5.776130000000000431e-01
-9.956059999999999377e+01 1.824749999999999872e+01 5.931319999999999926e-01
-9.915659999999999741e+01 1.826770000000000138e+01 6.730540000000000411e-01
-9.945959999999999468e+01 1.842930000000000135e+01 5.766869999999999497e-01
-9.956059999999999377e+01 1.812630000000000052e+01 6.143950000000000244e-01
-9.983839999999999293e+01 1.764140000000000086e+01 6.581240000000000423e-01
-9.968689999999999429e+01 1.818690000000000140e+01 6.435840000000000449e-01
-9.963639999999999475e+01 1.814649999999999963e+01 6.301339999999999719e-01
-9.961109999999999332e+01 1.818690000000000140e+01 6.300719999999999654e-01
-9.961109999999999332e+01 1.826770000000000138e+01 6.124009999999999732e-01
-9.971210000000000662e+01 1.818690000000000140e+01 6.334710000000000063e-01
-9.948480000000000700e+01 1.814649999999999963e+01 6.028289999999999482e-01
-9.981310000000000571e+01 1.834850000000000136e+01 6.012790000000000079e-01
-9.966160000000000707e+01 1.810610000000000142e+01 6.110179999999999501e-01
-9.956059999999999377e+01 1.840909999999999869e+01 6.185739999999999572e-01
-9.963639999999999475e+01 1.824749999999999872e+01 6.039809999999999901e-01
-9.963639999999999475e+01 1.822729999999999961e+01 5.720480000000000009e-01
-9.951009999999999422e+01 1.842930000000000135e+01 5.831929999999999614e-01
-9.973739999999999384e+01 1.844950000000000045e+01 5.873610000000000220e-01
-9.956059999999999377e+01 1.836870000000000047e+01 5.374280000000000168e-01
-9.910609999999999786e+01 1.828790000000000049e+01 6.048559999999999492e-01
-9.910609999999999786e+01 1.830809999999999960e+01 6.376929999999999543e-01
-9.940909999999999513e+01 1.826770000000000138e+01 6.460230000000000139e-01
-9.966160000000000707e+01 1.810610000000000142e+01 6.680099999999999927e-01
-9.963639999999999475e+01 1.812630000000000052e+01 6.501099999999999657e-01
-9.923229999999999507e+01 1.832829999999999870e+01 6.463339999999999641e-01
-1.000404000000000053e+02 1.838889999999999958e+01 5.966500000000000137e-01
-9.988890000000000668e+01 1.780300000000000082e+01 6.539000000000000368e-01
-1.001919000000000040e+02 1.824749999999999872e+01 5.924110000000000209e-01
-9.963639999999999475e+01 1.832829999999999870e+01 6.059489999999999599e-01
-9.971210000000000662e+01 1.822729999999999961e+01 5.974599999999999911e-01
-9.971210000000000662e+01 1.816669999999999874e+01 6.686039999999999761e-01
-9.963639999999999475e+01 1.826770000000000138e+01 6.160520000000000440e-01
-9.968689999999999429e+01 1.774239999999999995e+01 5.407469999999999777e-01
-9.993940000000000623e+01 1.780300000000000082e+01 5.566240000000000077e-01
-9.991410000000000480e+01 1.782319999999999993e+01 6.432550000000000212e-01
-9.976260000000000616e+01 1.826770000000000138e+01 5.760490000000000332e-01
-9.983839999999999293e+01 1.826770000000000138e+01 6.151050000000000129e-01
-9.953539999999999566e+01 1.772220000000000084e+01 5.942290000000000072e-01
-9.986360000000000525e+01 1.832829999999999870e+01 5.546219999999999484e-01
-9.956059999999999377e+01 1.840909999999999869e+01 5.946399999999999464e-01
-9.976260000000000616e+01 1.768179999999999907e+01 6.760690000000000310e-01
-9.988890000000000668e+01 1.826770000000000138e+01 5.904279999999999529e-01
-9.971210000000000662e+01 1.834850000000000136e+01 6.258479999999999599e-01
-9.956059999999999377e+01 1.814649999999999963e+01 6.483229999999999826e-01
-9.978789999999999338e+01 1.826770000000000138e+01 6.195300000000000251e-01
-9.991410000000000480e+01 1.770200000000000173e+01 6.716860000000000053e-01
-9.976260000000000616e+01 1.762120000000000175e+01 6.872420000000000195e-01
-9.963639999999999475e+01 1.828790000000000049e+01 5.991790000000000171e-01
-9.963639999999999475e+01 1.816669999999999874e+01 6.929100000000000259e-01
-9.945959999999999468e+01 1.842930000000000135e+01 6.211400000000000254e-01
-9.981310000000000571e+01 1.824749999999999872e+01 6.324440000000000062e-01
-9.935859999999999559e+01 1.812630000000000052e+01 5.909579999999999833e-01
-9.981310000000000571e+01 1.824749999999999872e+01 5.851089999999999902e-01
-9.976260000000000616e+01 1.824749999999999872e+01 6.187580000000000302e-01
-9.951009999999999422e+01 1.840909999999999869e+01 6.391529999999999712e-01
-9.958589999999999520e+01 1.808589999999999876e+01 6.078400000000000469e-01
-9.963639999999999475e+01 1.762120000000000175e+01 6.622029999999999861e-01
-9.928279999999999461e+01 1.808589999999999876e+01 6.760009999999999630e-01
-9.938379999999999370e+01 1.822729999999999961e+01 6.187409999999999854e-01
-9.943429999999999325e+01 1.814649999999999963e+01 6.299420000000000019e-01
-9.940909999999999513e+01 1.812630000000000052e+01 5.961039999999999672e-01
-9.940909999999999513e+01 1.818690000000000140e+01 6.405859999999999888e-01
-9.928279999999999461e+01 1.810610000000000142e+01 6.766529999999999490e-01
-9.988890000000000668e+01 1.838889999999999958e+01 5.701040000000000552e-01
-9.943429999999999325e+01 1.826770000000000138e+01 5.878609999999999669e-01
-9.991410000000000480e+01 1.838889999999999958e+01 5.997249999999999526e-01
-9.973739999999999384e+01 1.838889999999999958e+01 6.241210000000000369e-01
-9.953539999999999566e+01 1.834850000000000136e+01 5.808219999999999494e-01
-9.933329999999999416e+01 1.826770000000000138e+01 6.113610000000000433e-01
-9.908079999999999643e+01 1.818690000000000140e+01 6.261989999999999501e-01
-9.981310000000000571e+01 1.810610000000000142e+01 5.965500000000000247e-01
-9.923229999999999507e+01 1.822729999999999961e+01 6.024779999999999580e-01
-9.925759999999999650e+01 1.816669999999999874e+01 6.182400000000000118e-01
-9.971210000000000662e+01 1.816669999999999874e+01 5.996350000000000291e-01
-9.953539999999999566e+01 1.836870000000000047e+01 7.984299999999999731e-01
-9.983839999999999293e+01 1.822729999999999961e+01 6.219160000000000244e-01
-9.996460000000000434e+01 1.776259999999999906e+01 6.040529999999999511e-01
-9.938379999999999370e+01 1.840909999999999869e+01 6.551350000000000229e-01
-9.918179999999999552e+01 1.836870000000000047e+01 5.782859999999999667e-01
-9.976260000000000616e+01 1.836870000000000047e+01 5.856000000000000094e-01
-9.983839999999999293e+01 1.851010000000000133e+01 6.282790000000000319e-01
-9.983839999999999293e+01 1.824749999999999872e+01 6.158930000000000238e-01
-9.956059999999999377e+01 1.824749999999999872e+01 6.261640000000000539e-01
-9.961109999999999332e+01 1.816669999999999874e+01 6.645029999999999548e-01
-9.958589999999999520e+01 1.812630000000000052e+01 6.262910000000000421e-01
-9.986360000000000525e+01 1.828790000000000049e+01 5.925300000000000011e-01
-9.976260000000000616e+01 1.832829999999999870e+01 6.488669999999999716e-01
-9.983839999999999293e+01 1.818690000000000140e+01 6.245239999999999680e-01
-9.993940000000000623e+01 1.780300000000000082e+01 5.647839999999999527e-01
-9.971210000000000662e+01 1.802530000000000143e+01 6.247049999999999548e-01
-9.976260000000000616e+01 1.784339999999999904e+01 5.635280000000000289e-01
-9.963639999999999475e+01 1.820710000000000051e+01 5.834740000000000482e-01
-9.973739999999999384e+01 1.802530000000000143e+01 5.977829999999999533e-01
-9.953539999999999566e+01 1.808589999999999876e+01 6.419850000000000279e-01
-9.973739999999999384e+01 1.824749999999999872e+01 5.746980000000000421e-01
-9.983839999999999293e+01 1.830809999999999960e+01 6.388530000000000042e-01
-1.004192000000000036e+02 1.800509999999999877e+01 5.610230000000000494e-01
-9.961109999999999332e+01 1.840909999999999869e+01 6.013199999999999656e-01
-9.976260000000000616e+01 1.760099999999999909e+01 6.505450000000000399e-01
-9.953539999999999566e+01 1.816669999999999874e+01 6.072680000000000300e-01
-9.993940000000000623e+01 1.844950000000000045e+01 5.503740000000000299e-01
-9.961109999999999332e+01 1.814649999999999963e+01 6.343130000000000157e-01
-9.976260000000000616e+01 1.800509999999999877e+01 6.045289999999999830e-01
-9.976260000000000616e+01 1.814649999999999963e+01 6.820209999999999884e-01
-9.978789999999999338e+01 1.808589999999999876e+01 6.693580000000000085e-01
-9.943429999999999325e+01 1.820710000000000051e+01 6.292860000000000120e-01
-9.966160000000000707e+01 1.810610000000000142e+01 6.103220000000000312e-01
-9.971210000000000662e+01 1.828790000000000049e+01 6.282839999999999536e-01
-9.953539999999999566e+01 1.812630000000000052e+01 6.264680000000000248e-01
-9.860099999999999909e+01 1.824749999999999872e+01 8.008939999999999948e-01
-9.951009999999999422e+01 1.822729999999999961e+01 6.038480000000000514e-01
-9.956059999999999377e+01 1.846969999999999956e+01 6.167920000000000069e-01
-9.948480000000000700e+01 1.844950000000000045e+01 6.341560000000000530e-01
-9.953539999999999566e+01 1.846969999999999956e+01 6.047190000000000065e-01
-9.940909999999999513e+01 1.830809999999999960e+01 6.063100000000000156e-01
-9.935859999999999559e+01 1.824749999999999872e+01 6.479460000000000219e-01
-9.961109999999999332e+01 1.834850000000000136e+01 6.283339999999999481e-01
-9.973739999999999384e+01 1.846969999999999956e+01 5.374949999999999450e-01
-9.973739999999999384e+01 1.832829999999999870e+01 6.028259999999999730e-01
-9.966160000000000707e+01 1.788380000000000081e+01 5.706639999999999491e-01
-9.971210000000000662e+01 1.770200000000000173e+01 6.989440000000000097e-01
-9.971210000000000662e+01 1.776259999999999906e+01 6.329299999999999926e-01
-9.973739999999999384e+01 1.840909999999999869e+01 5.742819999999999592e-01
-9.996460000000000434e+01 1.834850000000000136e+01 6.147390000000000354e-01
-9.948480000000000700e+01 1.782319999999999993e+01 6.689960000000000351e-01
-9.966160000000000707e+01 1.824749999999999872e+01 6.647030000000000438e-01
-9.966160000000000707e+01 1.820710000000000051e+01 6.505670000000000064e-01
-9.976260000000000616e+01 1.824749999999999872e+01 5.976590000000000513e-01
-9.951009999999999422e+01 1.834850000000000136e+01 6.597739999999999716e-01
-9.968689999999999429e+01 1.822729999999999961e+01 6.481280000000000374e-01
-9.963639999999999475e+01 1.806569999999999965e+01 6.260339999999999794e-01
-9.986360000000000525e+01 1.802530000000000143e+01 6.508899999999999686e-01
-9.973739999999999384e+01 1.802530000000000143e+01 6.361620000000000053e-01
-9.938379999999999370e+01 1.814649999999999963e+01 6.565010000000000012e-01
-9.991410000000000480e+01 1.846969999999999956e+01 5.649459999999999482e-01
-9.978789999999999338e+01 1.836870000000000047e+01 5.789029999999999454e-01
-9.986360000000000525e+01 1.844950000000000045e+01 5.896540000000000115e-01
-1.007727000000000004e+02 1.778280000000000172e+01 5.155980000000000008e-01
-9.963639999999999475e+01 1.844950000000000045e+01 6.190569999999999684e-01
-9.968689999999999429e+01 1.846969999999999956e+01 6.205129999999999812e-01
-9.971210000000000662e+01 1.838889999999999958e+01 6.298620000000000330e-01
-9.966160000000000707e+01 1.838889999999999958e+01 5.975639999999999841e-01
-9.976260000000000616e+01 1.842930000000000135e+01 5.775700000000000278e-01
-9.956059999999999377e+01 1.832829999999999870e+01 6.246289999999999898e-01
-9.958589999999999520e+01 1.832829999999999870e+01 5.785749999999999504e-01
-9.961109999999999332e+01 1.830809999999999960e+01 5.883669999999999733e-01
-9.961109999999999332e+01 1.830809999999999960e+01 6.222889999999999810e-01
-9.961109999999999332e+01 1.820710000000000051e+01 6.029660000000000020e-01
-9.991410000000000480e+01 1.778280000000000172e+01 5.866590000000000416e-01
-9.961109999999999332e+01 1.820710000000000051e+01 5.924230000000000329e-01
-9.968689999999999429e+01 1.808589999999999876e+01 6.740899999999999670e-01
-9.943429999999999325e+01 1.806569999999999965e+01 5.624299999999999855e-01
-9.913129999999999598e+01 1.824749999999999872e+01 6.260569999999999746e-01
-9.923229999999999507e+01 1.822729999999999961e+01 5.981940000000000035e-01
-9.961109999999999332e+01 1.810610000000000142e+01 5.873559999999999892e-01
-9.940909999999999513e+01 1.818690000000000140e+01 6.288489999999999913e-01
-9.963639999999999475e+01 1.820710000000000051e+01 5.988080000000000069e-01
-9.958589999999999520e+01 1.806569999999999965e+01 6.491390000000000216e-01
-9.956059999999999377e+01 1.812630000000000052e+01 6.528329999999999966e-01
-9.933329999999999416e+01 1.824749999999999872e+01 6.387850000000000472e-01
-9.920709999999999695e+01 1.820710000000000051e+01 6.644649999999999723e-01
-9.938379999999999370e+01 1.816669999999999874e+01 6.639639999999999986e-01
-9.961109999999999332e+01 1.816669999999999874e+01 6.167859999999999454e-01
-9.958589999999999520e+01 1.822729999999999961e+01 6.484529999999999461e-01
-9.958589999999999520e+01 1.822729999999999961e+01 6.057179999999999787e-01
-9.958589999999999520e+01 1.820710000000000051e+01 6.129259999999999708e-01
-9.966160000000000707e+01 1.826770000000000138e+01 5.981509999999999883e-01
-9.951009999999999422e+01 1.834850000000000136e+01 6.084840000000000249e-01
-9.956059999999999377e+01 1.832829999999999870e+01 6.386049999999999782e-01
-9.976260000000000616e+01 1.800509999999999877e+01 6.413480000000000292e-01
-9.953539999999999566e+01 1.828790000000000049e+01 6.714639999999999498e-01
-9.930809999999999604e+01 1.824749999999999872e+01 6.210670000000000357e-01
-9.958589999999999520e+01 1.816669999999999874e+01 6.148069999999999924e-01
-1.003434000000000026e+02 1.836870000000000047e+01 6.181990000000000540e-01
-9.961109999999999332e+01 1.828790000000000049e+01 6.387119999999999465e-01
-9.996460000000000434e+01 1.826770000000000138e+01 5.878780000000000117e-01
-1.004949000000000012e+02 1.804550000000000054e+01 6.480569999999999942e-01
-9.963639999999999475e+01 1.824749999999999872e+01 6.483579999999999899e-01
-9.958589999999999520e+01 1.814649999999999963e+01 6.283959999999999546e-01
-1.002172000000000054e+02 1.808589999999999876e+01 6.179759999999999698e-01
-9.973739999999999384e+01 1.806569999999999965e+01 6.377049999999999663e-01
-9.973739999999999384e+01 1.840909999999999869e+01 5.827149999999999830e-01
-9.951009999999999422e+01 1.848989999999999867e+01 6.429280000000000550e-01
-9.943429999999999325e+01 1.846969999999999956e+01 6.301569999999999672e-01
-9.993940000000000623e+01 1.814649999999999963e+01 6.109179999999999611e-01
-9.958589999999999520e+01 1.840909999999999869e+01 5.556929999999999925e-01
-9.973739999999999384e+01 1.840909999999999869e+01 5.889330000000000398e-01
-9.971210000000000662e+01 1.838889999999999958e+01 5.731049999999999756e-01
-9.953539999999999566e+01 1.828790000000000049e+01 5.290510000000000490e-01
-9.973739999999999384e+01 1.838889999999999958e+01 6.168320000000000469e-01
-9.956059999999999377e+01 1.830809999999999960e+01 5.960100000000000398e-01
-9.981310000000000571e+01 1.766159999999999997e+01 6.389209999999999612e-01
-9.991410000000000480e+01 1.764140000000000086e+01 6.633179999999999632e-01
-9.988890000000000668e+01 1.762120000000000175e+01 7.187750000000000528e-01
-9.973739999999999384e+01 1.822729999999999961e+01 6.059099999999999486e-01
-9.973739999999999384e+01 1.814649999999999963e+01 6.304210000000000091e-01
-9.978789999999999338e+01 1.774239999999999995e+01 6.844080000000000163e-01
-9.968689999999999429e+01 1.784339999999999904e+01 6.272360000000000158e-01
-9.978789999999999338e+01 1.768179999999999907e+01 6.705659999999999954e-01
-9.971210000000000662e+01 1.776259999999999906e+01 6.694149999999999823e-01
-9.976260000000000616e+01 1.814649999999999963e+01 5.700319999999999832e-01
-9.986360000000000525e+01 1.824749999999999872e+01 6.046580000000000288e-01
-9.991410000000000480e+01 1.762120000000000175e+01 6.663710000000000466e-01
-9.958589999999999520e+01 1.836870000000000047e+01 5.819429999999999881e-01
-9.943429999999999325e+01 1.788380000000000081e+01 5.946219999999999839e-01
-9.976260000000000616e+01 1.760099999999999909e+01 6.697319999999999940e-01
-9.956059999999999377e+01 1.840909999999999869e+01 5.839950000000000419e-01
-9.940909999999999513e+01 1.842930000000000135e+01 5.801370000000000138e-01
-9.943429999999999325e+01 1.832829999999999870e+01 5.794510000000000494e-01
-9.945959999999999468e+01 1.844950000000000045e+01 6.665290000000000381e-01
-9.940909999999999513e+01 1.842930000000000135e+01 6.283339999999999481e-01
-9.948480000000000700e+01 1.842930000000000135e+01 5.652509999999999479e-01
-9.998990000000000578e+01 1.816669999999999874e+01 6.040520000000000334e-01
-9.976260000000000616e+01 1.800509999999999877e+01 5.840910000000000268e-01
-9.986360000000000525e+01 1.812630000000000052e+01 5.685919999999999863e-01
-9.981310000000000571e+01 1.824749999999999872e+01 6.386870000000000047e-01
-9.971210000000000662e+01 1.828790000000000049e+01 6.142090000000000050e-01
-9.958589999999999520e+01 1.822729999999999961e+01 6.301440000000000374e-01
-9.963639999999999475e+01 1.814649999999999963e+01 6.364990000000000370e-01
-9.961109999999999332e+01 1.840909999999999869e+01 5.609229999999999494e-01
-9.961109999999999332e+01 1.822729999999999961e+01 6.348829999999999751e-01
-9.935859999999999559e+01 1.816669999999999874e+01 6.547709999999999919e-01
-9.951009999999999422e+01 1.830809999999999960e+01 6.628060000000000063e-01
-9.968689999999999429e+01 1.822729999999999961e+01 5.639990000000000281e-01
-9.938379999999999370e+01 1.812630000000000052e+01 6.307369999999999921e-01
-9.971210000000000662e+01 1.816669999999999874e+01 6.191079999999999917e-01
-9.935859999999999559e+01 1.820710000000000051e+01 6.009029999999999649e-01
-9.930809999999999604e+01 1.822729999999999961e+01 6.547420000000000462e-01
-9.930809999999999604e+01 1.824749999999999872e+01 6.470559999999999645e-01
-9.963639999999999475e+01 1.820710000000000051e+01 6.082910000000000261e-01
-9.978789999999999338e+01 1.828790000000000049e+01 5.657959999999999656e-01
-9.973739999999999384e+01 1.842930000000000135e+01 5.749640000000000306e-01
-9.993940000000000623e+01 1.800509999999999877e+01 5.447729999999999517e-01
-9.963639999999999475e+01 1.824749999999999872e+01 6.530209999999999626e-01
-9.935859999999999559e+01 1.808589999999999876e+01 6.124920000000000364e-01
-9.945959999999999468e+01 1.788380000000000081e+01 5.839210000000000234e-01
-9.961109999999999332e+01 1.816669999999999874e+01 6.354800000000000448e-01
-9.966160000000000707e+01 1.816669999999999874e+01 6.165040000000000520e-01
-9.948480000000000700e+01 1.840909999999999869e+01 5.661969999999999503e-01
-9.956059999999999377e+01 1.822729999999999961e+01 6.529019999999999824e-01
-9.978789999999999338e+01 1.800509999999999877e+01 6.302750000000000297e-01
-9.951009999999999422e+01 1.844950000000000045e+01 5.898419999999999774e-01
-9.925759999999999650e+01 1.812630000000000052e+01 5.995580000000000354e-01
-9.953539999999999566e+01 1.846969999999999956e+01 6.353229999999999711e-01
-9.918179999999999552e+01 1.810610000000000142e+01 6.528960000000000319e-01
-9.943429999999999325e+01 1.844950000000000045e+01 6.522219999999999684e-01
-9.925759999999999650e+01 1.812630000000000052e+01 6.452959999999999807e-01
-9.945959999999999468e+01 1.844950000000000045e+01 6.747830000000000217e-01
-9.930809999999999604e+01 1.834850000000000136e+01 5.859900000000000109e-01
-9.930809999999999604e+01 1.818690000000000140e+01 6.239099999999999646e-01
-9.925759999999999650e+01 1.812630000000000052e+01 6.105829999999999869e-01
-9.930809999999999604e+01 1.818690000000000140e+01 5.924040000000000417e-01
-9.951009999999999422e+01 1.826770000000000138e+01 6.328390000000000404e-01
-9.948480000000000700e+01 1.830809999999999960e+01 6.027390000000000247e-01
-9.925759999999999650e+01 1.834850000000000136e+01 6.228179999999999827e-01
-9.915659999999999741e+01 1.824749999999999872e+01 6.573670000000000346e-01
-9.958589999999999520e+01 1.816669999999999874e+01 6.636379999999999502e-01
-9.923229999999999507e+01 1.812630000000000052e+01 6.843639999999999723e-01
-9.956059999999999377e+01 1.818690000000000140e+01 6.273100000000000342e-01
-9.920709999999999695e+01 1.826770000000000138e+01 5.891589999999999883e-01
-9.928279999999999461e+01 1.814649999999999963e+01 6.575349999999999806e-01
-9.920709999999999695e+01 1.820710000000000051e+01 5.995549999999999491e-01
-9.920709999999999695e+01 1.802530000000000143e+01 5.464360000000000328e-01
-9.968689999999999429e+01 1.814649999999999963e+01 6.209559999999999524e-01
-9.933329999999999416e+01 1.810610000000000142e+01 6.054990000000000094e-01
-9.928279999999999461e+01 1.818690000000000140e+01 6.331879999999999731e-01
-9.971210000000000662e+01 1.814649999999999963e+01 6.651019999999999710e-01
-9.905559999999999832e+01 1.774239999999999995e+01 6.553020000000000511e-01
-9.925759999999999650e+01 1.834850000000000136e+01 6.296559999999999935e-01
-9.991410000000000480e+01 1.846969999999999956e+01 5.965030000000000054e-01
-9.996460000000000434e+01 1.842930000000000135e+01 5.922560000000000047e-01
-9.983839999999999293e+01 1.844950000000000045e+01 5.856510000000000327e-01
-9.968689999999999429e+01 1.820710000000000051e+01 6.224730000000000540e-01
-9.963639999999999475e+01 1.816669999999999874e+01 6.255180000000000184e-01
-9.938379999999999370e+01 1.834850000000000136e+01 6.245030000000000303e-01
-9.966160000000000707e+01 1.816669999999999874e+01 6.561789999999999567e-01
-9.915659999999999741e+01 1.832829999999999870e+01 5.536360000000000170e-01
-9.915659999999999741e+01 1.832829999999999870e+01 6.240830000000000544e-01
-9.971210000000000662e+01 1.840909999999999869e+01 6.234380000000000477e-01
-9.951009999999999422e+01 1.842930000000000135e+01 6.012999999999999456e-01
-1.001414000000000044e+02 1.828790000000000049e+01 6.362539999999999862e-01
-9.971210000000000662e+01 1.832829999999999870e+01 6.177719999999999878e-01
-9.958589999999999520e+01 1.812630000000000052e+01 6.007329999999999615e-01
-9.981310000000000571e+01 1.824749999999999872e+01 6.291499999999999870e-01
-9.986360000000000525e+01 1.830809999999999960e+01 5.464029999999999720e-01
-9.961109999999999332e+01 1.838889999999999958e+01 6.138789999999999525e-01
-9.971210000000000662e+01 1.824749999999999872e+01 6.306460000000000399e-01
-9.968689999999999429e+01 1.824749999999999872e+01 6.470059999999999700e-01
-9.978789999999999338e+01 1.832829999999999870e+01 6.060900000000000176e-01
-9.966160000000000707e+01 1.826770000000000138e+01 5.734150000000000080e-01
-9.963639999999999475e+01 1.818690000000000140e+01 6.891789999999999861e-01
-9.948480000000000700e+01 1.810610000000000142e+01 6.559409999999999963e-01
-9.961109999999999332e+01 1.830809999999999960e+01 5.990020000000000344e-01
-9.978789999999999338e+01 1.828790000000000049e+01 5.504839999999999733e-01
-9.951009999999999422e+01 1.826770000000000138e+01 5.427629999999999955e-01
-9.998990000000000578e+01 1.830809999999999960e+01 6.199780000000000291e-01
-9.973739999999999384e+01 1.802530000000000143e+01 5.911969999999999725e-01
-9.991410000000000480e+01 1.840909999999999869e+01 5.535080000000000000e-01
-9.963639999999999475e+01 1.820710000000000051e+01 6.744010000000000282e-01
-9.976260000000000616e+01 1.800509999999999877e+01 5.878520000000000412e-01
-9.956059999999999377e+01 1.824749999999999872e+01 5.527830000000000243e-01
-9.963639999999999475e+01 1.822729999999999961e+01 6.395490000000000341e-01
-9.978789999999999338e+01 1.800509999999999877e+01 5.952420000000000488e-01
-9.976260000000000616e+01 1.800509999999999877e+01 6.082290000000000196e-01
-9.958589999999999520e+01 1.820710000000000051e+01 6.330999999999999961e-01
-9.930809999999999604e+01 1.812630000000000052e+01 5.607050000000000090e-01
-9.953539999999999566e+01 1.820710000000000051e+01 5.981899999999999995e-01
-9.953539999999999566e+01 1.828790000000000049e+01 6.533470000000000111e-01
-9.928279999999999461e+01 1.810610000000000142e+01 6.446960000000000468e-01
-9.956059999999999377e+01 1.830809999999999960e+01 6.470740000000000380e-01
-9.953539999999999566e+01 1.834850000000000136e+01 5.867040000000000033e-01
-9.961109999999999332e+01 1.820710000000000051e+01 5.969529999999999559e-01
-9.928279999999999461e+01 1.808589999999999876e+01 6.049419999999999797e-01
-9.978789999999999338e+01 1.768179999999999907e+01 6.516049999999999898e-01
-9.918179999999999552e+01 1.796460000000000079e+01 6.503750000000000364e-01
-9.978789999999999338e+01 1.800509999999999877e+01 5.955190000000000206e-01
-9.966160000000000707e+01 1.762120000000000175e+01 6.495060000000000278e-01
-9.951009999999999422e+01 1.814649999999999963e+01 6.088440000000000518e-01
-9.968689999999999429e+01 1.820710000000000051e+01 6.128749999999999476e-01
-9.938379999999999370e+01 1.806569999999999965e+01 6.431780000000000275e-01
-9.930809999999999604e+01 1.802530000000000143e+01 6.074659999999999505e-01
-9.983839999999999293e+01 1.820710000000000051e+01 6.158719999999999750e-01
-9.956059999999999377e+01 1.818690000000000140e+01 6.835599999999999454e-01
-9.935859999999999559e+01 1.812630000000000052e+01 5.895399999999999530e-01
-9.938379999999999370e+01 1.818690000000000140e+01 5.638210000000000166e-01
-9.978789999999999338e+01 1.762120000000000175e+01 7.020140000000000269e-01
-9.956059999999999377e+01 1.820710000000000051e+01 5.978879999999999750e-01
-9.956059999999999377e+01 1.822729999999999961e+01 5.620249999999999968e-01
-9.963639999999999475e+01 1.826770000000000138e+01 6.258979999999999544e-01
-9.996460000000000434e+01 1.818690000000000140e+01 5.656600000000000517e-01
-9.966160000000000707e+01 1.810610000000000142e+01 6.294849999999999612e-01
-9.958589999999999520e+01 1.812630000000000052e+01 6.978790000000000271e-01
-9.986360000000000525e+01 1.774239999999999995e+01 6.765269999999999895e-01
-9.998990000000000578e+01 1.770200000000000173e+01 6.496830000000000105e-01
-9.996460000000000434e+01 1.776259999999999906e+01 6.221330000000000471e-01
-9.933329999999999416e+01 1.812630000000000052e+01 6.338409999999999878e-01
-9.961109999999999332e+01 1.822729999999999961e+01 6.771899999999999586e-01
-9.938379999999999370e+01 1.814649999999999963e+01 6.385150000000000547e-01
-9.963639999999999475e+01 1.816669999999999874e+01 6.549310000000000409e-01
-9.938379999999999370e+01 1.816669999999999874e+01 6.019039999999999946e-01
-9.958589999999999520e+01 1.824749999999999872e+01 5.942119999999999624e-01
-9.978789999999999338e+01 1.820710000000000051e+01 5.890739999999999865e-01
-9.976260000000000616e+01 1.762120000000000175e+01 6.647800000000000376e-01
-9.971210000000000662e+01 1.768179999999999907e+01 6.846619999999999928e-01
-9.976260000000000616e+01 1.832829999999999870e+01 6.199770000000000003e-01
-9.993940000000000623e+01 1.832829999999999870e+01 5.857879999999999754e-01
-1.000909000000000049e+02 1.820710000000000051e+01 5.895200000000000440e-01
-9.973739999999999384e+01 1.772220000000000084e+01 6.298200000000000465e-01
-9.940909999999999513e+01 1.840909999999999869e+01 6.503640000000000532e-01
-9.963639999999999475e+01 1.816669999999999874e+01 6.190430000000000099e-01
-9.973739999999999384e+01 1.802530000000000143e+01 5.996709999999999541e-01
-9.908079999999999643e+01 1.774239999999999995e+01 6.670719999999999983e-01
-9.971210000000000662e+01 1.814649999999999963e+01 6.246969999999999468e-01
-9.978789999999999338e+01 1.768179999999999907e+01 6.619460000000000344e-01
-9.948480000000000700e+01 1.834850000000000136e+01 6.195869999999999989e-01
-9.971210000000000662e+01 1.836870000000000047e+01 6.215119999999999534e-01
-9.961109999999999332e+01 1.826770000000000138e+01 6.562019999999999520e-01
-9.966160000000000707e+01 1.844950000000000045e+01 6.418430000000000524e-01
-9.956059999999999377e+01 1.834850000000000136e+01 5.796489999999999698e-01
-9.961109999999999332e+01 1.830809999999999960e+01 6.064310000000000533e-01
-9.943429999999999325e+01 1.844950000000000045e+01 6.519730000000000247e-01
-9.968689999999999429e+01 1.822729999999999961e+01 6.696149999999999602e-01
-9.968689999999999429e+01 1.838889999999999958e+01 5.812950000000000061e-01
-9.951009999999999422e+01 1.830809999999999960e+01 6.094530000000000225e-01
-9.966160000000000707e+01 1.820710000000000051e+01 5.532869999999999733e-01
-9.943429999999999325e+01 1.844950000000000045e+01 6.005669999999999620e-01
-9.961109999999999332e+01 1.824749999999999872e+01 5.786710000000000464e-01
-9.923229999999999507e+01 1.830809999999999960e+01 6.737490000000000423e-01
-9.908079999999999643e+01 1.822729999999999961e+01 6.552449999999999664e-01
-9.928279999999999461e+01 1.828790000000000049e+01 6.686769999999999659e-01
-9.925759999999999650e+01 1.812630000000000052e+01 6.081260000000000554e-01
-9.913129999999999598e+01 1.832829999999999870e+01 6.292729999999999713e-01
-9.988890000000000668e+01 1.846969999999999956e+01 5.634670000000000512e-01
-9.933329999999999416e+01 1.814649999999999963e+01 6.260609999999999786e-01
-9.923229999999999507e+01 1.812630000000000052e+01 6.699840000000000240e-01
-9.913129999999999598e+01 1.820710000000000051e+01 6.026749999999999607e-01
-9.933329999999999416e+01 1.818690000000000140e+01 6.246310000000000473e-01
-9.953539999999999566e+01 1.846969999999999956e+01 6.107150000000000079e-01
-9.940909999999999513e+01 1.818690000000000140e+01 5.850090000000000012e-01
-9.935859999999999559e+01 1.818690000000000140e+01 6.090109999999999690e-01
-9.951009999999999422e+01 1.830809999999999960e+01 5.767360000000000264e-01
-9.958589999999999520e+01 1.848989999999999867e+01 5.862169999999999881e-01
-9.953539999999999566e+01 1.844950000000000045e+01 5.888719999999999510e-01
-9.996460000000000434e+01 1.838889999999999958e+01 6.212149999999999617e-01
-9.961109999999999332e+01 1.846969999999999956e+01 5.909590000000000121e-01
-9.973739999999999384e+01 1.840909999999999869e+01 6.287179999999999991e-01
-9.956059999999999377e+01 1.836870000000000047e+01 5.678060000000000329e-01
-9.973739999999999384e+01 1.848989999999999867e+01 6.101159999999999917e-01
-9.978789999999999338e+01 1.851010000000000133e+01 5.578619999999999690e-01
-9.953539999999999566e+01 1.830809999999999960e+01 6.410130000000000550e-01
-9.971210000000000662e+01 1.838889999999999958e+01 6.279879999999999907e-01
-9.961109999999999332e+01 1.824749999999999872e+01 6.258740000000000414e-01
-9.918179999999999552e+01 1.832829999999999870e+01 6.835849999999999982e-01
-9.910609999999999786e+01 1.824749999999999872e+01 5.847879999999999745e-01
-9.953539999999999566e+01 1.826770000000000138e+01 5.740880000000000427e-01
-9.951009999999999422e+01 1.810610000000000142e+01 6.641899999999999471e-01
-9.966160000000000707e+01 1.826770000000000138e+01 6.296479999999999855e-01
-9.971210000000000662e+01 1.826770000000000138e+01 6.334809999999999608e-01
-9.968689999999999429e+01 1.832829999999999870e+01 6.007069999999999910e-01
-9.973739999999999384e+01 1.820710000000000051e+01 6.519880000000000120e-01
-9.951009999999999422e+01 1.826770000000000138e+01 6.286770000000000413e-01
-9.971210000000000662e+01 1.838889999999999958e+01 5.829419999999999602e-01
-9.956059999999999377e+01 1.812630000000000052e+01 6.359669999999999490e-01
-9.951009999999999422e+01 1.826770000000000138e+01 5.977510000000000323e-01
-9.958589999999999520e+01 1.840909999999999869e+01 6.008040000000000047e-01
-9.951009999999999422e+01 1.810610000000000142e+01 6.522609999999999797e-01
-1.001919000000000040e+02 1.848989999999999867e+01 6.069020000000000525e-01
-9.976260000000000616e+01 1.836870000000000047e+01 5.946080000000000254e-01
-9.978789999999999338e+01 1.798479999999999990e+01 6.041410000000000391e-01
-9.943429999999999325e+01 1.844950000000000045e+01 6.159339999999999815e-01
-9.976260000000000616e+01 1.840909999999999869e+01 6.422400000000000331e-01
-9.976260000000000616e+01 1.800509999999999877e+01 6.519390000000000462e-01
-9.951009999999999422e+01 1.814649999999999963e+01 5.928170000000000384e-01
-9.971210000000000662e+01 1.802530000000000143e+01 5.938139999999999530e-01
-9.988890000000000668e+01 1.780300000000000082e+01 5.997959999999999958e-01
-9.963639999999999475e+01 1.812630000000000052e+01 6.312940000000000218e-01
-9.956059999999999377e+01 1.822729999999999961e+01 5.682599999999999874e-01
-9.973739999999999384e+01 1.808589999999999876e+01 6.407990000000000075e-01
-9.935859999999999559e+01 1.804550000000000054e+01 5.852920000000000345e-01
-9.933329999999999416e+01 1.816669999999999874e+01 6.423450000000000548e-01
-9.958589999999999520e+01 1.816669999999999874e+01 6.543679999999999497e-01
-9.938379999999999370e+01 1.816669999999999874e+01 5.858139999999999459e-01
-9.961109999999999332e+01 1.816669999999999874e+01 6.608030000000000292e-01
-9.956059999999999377e+01 1.826770000000000138e+01 6.083509999999999751e-01
-9.928279999999999461e+01 1.808589999999999876e+01 6.810310000000000530e-01
-9.928279999999999461e+01 1.806569999999999965e+01 6.739469999999999628e-01
-9.953539999999999566e+01 1.820710000000000051e+01 6.092579999999999663e-01
-9.938379999999999370e+01 1.806569999999999965e+01 6.207420000000000160e-01
-9.943429999999999325e+01 1.814649999999999963e+01 6.189080000000000137e-01
-9.956059999999999377e+01 1.834850000000000136e+01 6.187420000000000142e-01
-9.923229999999999507e+01 1.816669999999999874e+01 6.498089999999999700e-01
-9.933329999999999416e+01 1.824749999999999872e+01 5.797200000000000131e-01
-9.933329999999999416e+01 1.824749999999999872e+01 6.614240000000000119e-01
-9.951009999999999422e+01 1.830809999999999960e+01 6.166160000000000529e-01
-9.935859999999999559e+01 1.810610000000000142e+01 6.752369999999999761e-01
-9.956059999999999377e+01 1.816669999999999874e+01 6.630810000000000315e-01
-9.935859999999999559e+01 1.822729999999999961e+01 6.471580000000000110e-01
-9.958589999999999520e+01 1.840909999999999869e+01 6.094509999999999650e-01
-9.943429999999999325e+01 1.842930000000000135e+01 6.108209999999999473e-01
-9.918179999999999552e+01 1.836870000000000047e+01 6.058130000000000459e-01
-9.961109999999999332e+01 1.838889999999999958e+01 5.842559999999999976e-01
-9.940909999999999513e+01 1.824749999999999872e+01 6.260050000000000336e-01
-9.935859999999999559e+01 1.824749999999999872e+01 6.504839999999999511e-01
-9.938379999999999370e+01 1.842930000000000135e+01 5.879320000000000102e-01
-9.968689999999999429e+01 1.798479999999999990e+01 6.393050000000000122e-01
-9.963639999999999475e+01 1.842930000000000135e+01 6.392889999999999961e-01
-9.976260000000000616e+01 1.838889999999999958e+01 5.766630000000000367e-01
-9.968689999999999429e+01 1.820710000000000051e+01 6.814459999999999962e-01
-9.966160000000000707e+01 1.824749999999999872e+01 5.886310000000000153e-01
-9.943429999999999325e+01 1.834850000000000136e+01 5.883340000000000236e-01
-9.991410000000000480e+01 1.846969999999999956e+01 5.991170000000000107e-01
-9.961109999999999332e+01 1.814649999999999963e+01 5.090949999999999642e-01
-9.953539999999999566e+01 1.846969999999999956e+01 5.956749999999999545e-01
-9.956059999999999377e+01 1.848989999999999867e+01 6.068329999999999558e-01
-9.940909999999999513e+01 1.844950000000000045e+01 6.338700000000000445e-01
-9.958589999999999520e+01 1.838889999999999958e+01 6.259179999999999744e-01
-9.966160000000000707e+01 1.844950000000000045e+01 6.376220000000000221e-01
-9.958589999999999520e+01 1.840909999999999869e+01 6.484189999999999676e-01
-9.951009999999999422e+01 1.836870000000000047e+01 5.571310000000000429e-01
-9.956059999999999377e+01 1.832829999999999870e+01 5.810849999999999627e-01
-9.983839999999999293e+01 1.842930000000000135e+01 5.890159999999999840e-01
-9.945959999999999468e+01 1.844950000000000045e+01 6.249390000000000223e-01
-9.968689999999999429e+01 1.838889999999999958e+01 6.208150000000000057e-01
-9.991410000000000480e+01 1.830809999999999960e+01 6.140889999999999960e-01
-1.000151999999999930e+02 1.830809999999999960e+01 6.357979999999999743e-01
-9.986360000000000525e+01 1.846969999999999956e+01 5.525130000000000319e-01
-9.940909999999999513e+01 1.818690000000000140e+01 6.098860000000000392e-01
-9.978789999999999338e+01 1.826770000000000138e+01 6.272379999999999622e-01
-9.981310000000000571e+01 1.822729999999999961e+01 5.616750000000000353e-01
-9.966160000000000707e+01 1.826770000000000138e+01 6.414269999999999694e-01
-9.956059999999999377e+01 1.822729999999999961e+01 5.891150000000000553e-01
-9.963639999999999475e+01 1.824749999999999872e+01 5.861279999999999824e-01
-9.956059999999999377e+01 1.828790000000000049e+01 5.563709999999999489e-01
-9.966160000000000707e+01 1.816669999999999874e+01 6.329179999999999806e-01
-9.966160000000000707e+01 1.812630000000000052e+01 5.960959999999999592e-01
-9.948480000000000700e+01 1.812630000000000052e+01 5.801490000000000258e-01
-9.986360000000000525e+01 1.830809999999999960e+01 6.209459999999999980e-01
-9.981310000000000571e+01 1.826770000000000138e+01 5.969480000000000341e-01
-9.988890000000000668e+01 1.836870000000000047e+01 5.805869999999999642e-01
-9.988890000000000668e+01 1.834850000000000136e+01 5.865200000000000413e-01
-9.988890000000000668e+01 1.836870000000000047e+01 5.649359999999999937e-01
-9.940909999999999513e+01 1.828790000000000049e+01 6.080400000000000249e-01
-9.978789999999999338e+01 1.840909999999999869e+01 6.055760000000000032e-01
-9.928279999999999461e+01 1.836870000000000047e+01 6.220219999999999638e-01
-9.938379999999999370e+01 1.840909999999999869e+01 5.988379999999999814e-01
-9.953539999999999566e+01 1.816669999999999874e+01 5.958290000000000530e-01
-9.951009999999999422e+01 1.838889999999999958e+01 6.361259999999999692e-01
-9.923229999999999507e+01 1.822729999999999961e+01 6.097820000000000462e-01
-9.918179999999999552e+01 1.834850000000000136e+01 5.814449999999999896e-01
-9.933329999999999416e+01 1.832829999999999870e+01 6.374039999999999706e-01
-9.925759999999999650e+01 1.834850000000000136e+01 6.450829999999999620e-01
-9.928279999999999461e+01 1.818690000000000140e+01 6.045009999999999550e-01
-9.953539999999999566e+01 1.836870000000000047e+01 5.598109999999999475e-01
-9.908079999999999643e+01 1.828790000000000049e+01 6.765889999999999960e-01
-9.940909999999999513e+01 1.828790000000000049e+01 5.524090000000000389e-01
-9.933329999999999416e+01 1.818690000000000140e+01 6.575130000000000141e-01
-9.935859999999999559e+01 1.812630000000000052e+01 6.913970000000000393e-01
-9.956059999999999377e+01 1.814649999999999963e+01 5.972269999999999524e-01
-9.930809999999999604e+01 1.808589999999999876e+01 6.494429999999999925e-01
-9.920709999999999695e+01 1.820710000000000051e+01 6.235749999999999904e-01
-9.956059999999999377e+01 1.836870000000000047e+01 6.051520000000000232e-01
-9.973739999999999384e+01 1.844950000000000045e+01 5.762720000000000065e-01
-9.928279999999999461e+01 1.814649999999999963e+01 6.881329999999999947e-01
-9.953539999999999566e+01 1.832829999999999870e+01 6.271590000000000220e-01
-9.940909999999999513e+01 1.818690000000000140e+01 6.645429999999999948e-01
-9.956059999999999377e+01 1.820710000000000051e+01 5.709899999999999975e-01
-9.951009999999999422e+01 1.842930000000000135e+01 5.612049999999999539e-01
-9.958589999999999520e+01 1.834850000000000136e+01 5.784730000000000150e-01
-9.920709999999999695e+01 1.826770000000000138e+01 6.079250000000000487e-01
-9.933329999999999416e+01 1.822729999999999961e+01 6.587439999999999962e-01
-9.963639999999999475e+01 1.828790000000000049e+01 6.225579999999999448e-01
-9.966160000000000707e+01 1.814649999999999963e+01 6.770749999999999824e-01
-9.981310000000000571e+01 1.798479999999999990e+01 6.069470000000000143e-01
-9.951009999999999422e+01 1.818690000000000140e+01 5.622249999999999748e-01
-9.966160000000000707e+01 1.806569999999999965e+01 5.607269999999999754e-01
-9.963639999999999475e+01 1.810610000000000142e+01 6.225920000000000343e-01
-9.908079999999999643e+01 1.820710000000000051e+01 6.749420000000000419e-01
-9.966160000000000707e+01 1.812630000000000052e+01 6.552069999999999839e-01
-9.988890000000000668e+01 1.824749999999999872e+01 6.272729999999999695e-01
-9.956059999999999377e+01 1.844950000000000045e+01 6.168839999999999879e-01
-9.956059999999999377e+01 1.826770000000000138e+01 6.171790000000000331e-01
-9.953539999999999566e+01 1.840909999999999869e+01 6.215279999999999694e-01
-9.938379999999999370e+01 1.818690000000000140e+01 6.567190000000000527e-01
-9.973739999999999384e+01 1.814649999999999963e+01 5.954129999999999701e-01
-9.938379999999999370e+01 1.808589999999999876e+01 6.216319999999999624e-01
-9.978789999999999338e+01 1.798479999999999990e+01 5.856710000000000527e-01
