-9.956059999999999377e+01 1.846969999999999956e+01 1.991449999999999887e-01
-9.938379999999999370e+01 1.842930000000000135e+01 1.552330000000000099e-01
-9.943429999999999325e+01 1.844950000000000045e+01 1.609619999999999940e-01
-9.935859999999999559e+01 1.830809999999999960e+01 1.527870000000000061e-01
-9.913129999999999598e+01 1.832829999999999870e+01 2.185509999999999953e-01
-9.918179999999999552e+01 1.836870000000000047e+01 1.954879999999999951e-01
-9.910609999999999786e+01 1.820710000000000051e+01 1.180100000000000038e-01
-9.918179999999999552e+01 1.820710000000000051e+01 2.096330000000000138e-01
-9.958589999999999520e+01 1.818690000000000140e+01 2.052910000000000013e-01
-9.956059999999999377e+01 1.842930000000000135e+01 1.716290000000000038e-01
-9.956059999999999377e+01 1.826770000000000138e+01 1.691499999999999948e-01
-9.963639999999999475e+01 1.842930000000000135e+01 1.532060000000000088e-01
-9.961109999999999332e+01 1.830809999999999960e+01 1.581690000000000040e-01
-9.961109999999999332e+01 1.834850000000000136e+01 1.448500000000000065e-01
-9.976260000000000616e+01 1.838889999999999958e+01 2.495799999999999963e-01
-9.920709999999999695e+01 1.820710000000000051e+01 2.087070000000000036e-01
-9.915659999999999741e+01 1.826770000000000138e+01 1.048769999999999980e-01
-9.910609999999999786e+01 1.830809999999999960e+01 1.439380000000000104e-01
-9.915659999999999741e+01 1.832829999999999870e+01 1.585189999999999932e-01
-9.925759999999999650e+01 1.826770000000000138e+01 2.188259999999999927e-01
-9.930809999999999604e+01 1.818690000000000140e+01 1.836089999999999944e-01
-9.923229999999999507e+01 1.798479999999999990e+01 1.483520000000000116e-01
-9.930809999999999604e+01 1.824749999999999872e+01 1.662659999999999971e-01
-9.925759999999999650e+01 1.806569999999999965e+01 1.565830000000000000e-01
-9.925759999999999650e+01 1.816669999999999874e+01 1.521200000000000052e-01
-9.930809999999999604e+01 1.820710000000000051e+01 1.619140000000000024e-01
-9.935859999999999559e+01 1.818690000000000140e+01 1.169219999999999982e-01
-9.951009999999999422e+01 1.832829999999999870e+01 1.500269999999999937e-01
-9.935859999999999559e+01 1.818690000000000140e+01 1.801639999999999908e-01
-9.951009999999999422e+01 1.828790000000000049e+01 2.371769999999999989e-01
-9.925759999999999650e+01 1.812630000000000052e+01 1.273440000000000127e-01
-9.956059999999999377e+01 1.816669999999999874e+01 1.564059999999999895e-01
-9.953539999999999566e+01 1.846969999999999956e+01 2.108170000000000044e-01
-9.920709999999999695e+01 1.824749999999999872e+01 1.275380000000000125e-01
-9.925759999999999650e+01 1.800509999999999877e+01 1.534649999999999903e-01
-9.928279999999999461e+01 1.806569999999999965e+01 2.136990000000000001e-01
-9.933329999999999416e+01 1.816669999999999874e+01 1.269810000000000105e-01
-9.935859999999999559e+01 1.820710000000000051e+01 1.511119999999999963e-01
-9.928279999999999461e+01 1.814649999999999963e+01 1.380949999999999955e-01
-9.925759999999999650e+01 1.812630000000000052e+01 1.150820000000000037e-01
-9.910609999999999786e+01 1.828790000000000049e+01 1.960300000000000098e-01
-9.913129999999999598e+01 1.832829999999999870e+01 1.010709999999999942e-01
-9.958589999999999520e+01 1.800509999999999877e+01 1.276529999999999887e-01
-9.930809999999999604e+01 1.812630000000000052e+01 2.440819999999999934e-01
-9.938379999999999370e+01 1.816669999999999874e+01 1.481500000000000039e-01
-9.935859999999999559e+01 1.804550000000000054e+01 1.221269999999999994e-01
-9.930809999999999604e+01 1.804550000000000054e+01 1.099080000000000057e-01
-9.928279999999999461e+01 1.804550000000000054e+01 7.615199999999999747e-02
-9.961109999999999332e+01 1.808589999999999876e+01 1.283990000000000131e-01
-9.920709999999999695e+01 1.824749999999999872e+01 1.732799999999999896e-01
-9.933329999999999416e+01 1.810610000000000142e+01 1.142979999999999968e-01
-9.918179999999999552e+01 1.820710000000000051e+01 2.019519999999999926e-01
-9.940909999999999513e+01 1.804550000000000054e+01 1.167180000000000023e-01
-9.948480000000000700e+01 1.824749999999999872e+01 2.151139999999999997e-01
-9.925759999999999650e+01 1.812630000000000052e+01 1.496389999999999942e-01
-9.993940000000000623e+01 1.842930000000000135e+01 2.363190000000000013e-01
-9.968689999999999429e+01 1.842930000000000135e+01 1.030469999999999997e-01
-9.966160000000000707e+01 1.832829999999999870e+01 1.762779999999999903e-01
-1.005455000000000041e+02 1.758079999999999998e+01 1.926640000000000019e-01
-9.963639999999999475e+01 1.828790000000000049e+01 1.875799999999999967e-01
-9.958589999999999520e+01 1.828790000000000049e+01 8.240300000000000402e-02
-1.001162000000000063e+02 1.822729999999999961e+01 1.396959999999999869e-01
-9.961109999999999332e+01 1.822729999999999961e+01 1.997919999999999974e-01
-9.998990000000000578e+01 1.863129999999999953e+01 1.363419999999999910e-01
-9.953539999999999566e+01 1.836870000000000047e+01 1.558229999999999893e-01
-9.956059999999999377e+01 1.830809999999999960e+01 1.238139999999999935e-01
-9.986360000000000525e+01 1.820710000000000051e+01 1.512169999999999903e-01
-9.958589999999999520e+01 1.814649999999999963e+01 1.405170000000000030e-01
-9.958589999999999520e+01 1.816669999999999874e+01 2.219260000000000121e-01
-9.996460000000000434e+01 1.834850000000000136e+01 2.708539999999999837e-01
-9.978789999999999338e+01 1.820710000000000051e+01 1.343139999999999890e-01
-9.968689999999999429e+01 1.820710000000000051e+01 2.493249999999999911e-01
-9.966160000000000707e+01 1.826770000000000138e+01 1.370560000000000112e-01
-9.956059999999999377e+01 1.824749999999999872e+01 1.166630000000000028e-01
-9.940909999999999513e+01 1.816669999999999874e+01 8.852999999999999758e-02
-9.976260000000000616e+01 1.800509999999999877e+01 1.672019999999999895e-01
-9.973739999999999384e+01 1.822729999999999961e+01 1.244389999999999941e-01
-9.968689999999999429e+01 1.822729999999999961e+01 1.282310000000000116e-01
-9.973739999999999384e+01 1.838889999999999958e+01 1.408969999999999945e-01
-9.971210000000000662e+01 1.838889999999999958e+01 1.892729999999999968e-01
-9.935859999999999559e+01 1.818690000000000140e+01 8.401500000000000634e-02
-9.943429999999999325e+01 1.816669999999999874e+01 1.206600000000000034e-01
-9.940909999999999513e+01 1.816669999999999874e+01 1.413659999999999917e-01
-9.958589999999999520e+01 1.826770000000000138e+01 1.573640000000000039e-01
-9.973739999999999384e+01 1.814649999999999963e+01 1.505670000000000064e-01
-9.956059999999999377e+01 1.842930000000000135e+01 1.796999999999999986e-01
-9.938379999999999370e+01 1.808589999999999876e+01 1.949279999999999902e-01
-9.951009999999999422e+01 1.820710000000000051e+01 9.298199999999999521e-02
-9.966160000000000707e+01 1.818690000000000140e+01 1.668669999999999876e-01
-9.930809999999999604e+01 1.812630000000000052e+01 1.585550000000000015e-01
-9.956059999999999377e+01 1.826770000000000138e+01 1.051269999999999982e-01
-9.961109999999999332e+01 1.820710000000000051e+01 1.158229999999999954e-01
-9.958589999999999520e+01 1.824749999999999872e+01 1.691819999999999991e-01
-9.930809999999999604e+01 1.808589999999999876e+01 1.914399999999999991e-01
-9.966160000000000707e+01 1.810610000000000142e+01 7.393299999999999872e-02
-9.938379999999999370e+01 1.808589999999999876e+01 1.308549999999999991e-01
-9.958589999999999520e+01 1.814649999999999963e+01 1.218690000000000051e-01
-9.986360000000000525e+01 1.846969999999999956e+01 1.318979999999999875e-01
-9.971210000000000662e+01 1.808589999999999876e+01 8.421399999999999719e-02
-9.928279999999999461e+01 1.822729999999999961e+01 1.345669999999999922e-01
-9.933329999999999416e+01 1.822729999999999961e+01 2.107360000000000066e-01
-9.973739999999999384e+01 1.848989999999999867e+01 1.482199999999999906e-01
-9.948480000000000700e+01 1.826770000000000138e+01 1.740109999999999990e-01
-9.938379999999999370e+01 1.810610000000000142e+01 2.274950000000000028e-01
-9.938379999999999370e+01 1.816669999999999874e+01 1.689219999999999888e-01
-9.933329999999999416e+01 1.818690000000000140e+01 1.539989999999999970e-01
-9.925759999999999650e+01 1.826770000000000138e+01 2.097700000000000120e-01
-9.930809999999999604e+01 1.824749999999999872e+01 1.697329999999999950e-01
-9.963639999999999475e+01 1.826770000000000138e+01 1.834270000000000067e-01
-9.925759999999999650e+01 1.826770000000000138e+01 2.293729999999999936e-01
-9.913129999999999598e+01 1.830809999999999960e+01 1.381130000000000135e-01
-9.958589999999999520e+01 1.818690000000000140e+01 1.327629999999999921e-01
-9.966160000000000707e+01 1.812630000000000052e+01 1.965389999999999915e-01
-9.913129999999999598e+01 1.832829999999999870e+01 1.006890000000000007e-01
-9.986360000000000525e+01 1.826770000000000138e+01 1.855680000000000107e-01
-9.953539999999999566e+01 1.834850000000000136e+01 2.046699999999999908e-01
-9.910609999999999786e+01 1.824749999999999872e+01 1.408999999999999975e-01
-9.953539999999999566e+01 1.842930000000000135e+01 1.893400000000000083e-01
-9.928279999999999461e+01 1.818690000000000140e+01 2.207999999999999963e-01
-9.938379999999999370e+01 1.840909999999999869e+01 1.639349999999999974e-01
-9.976260000000000616e+01 1.848989999999999867e+01 1.448530000000000095e-01
-9.971210000000000662e+01 1.770200000000000173e+01 1.650129999999999930e-01
-9.986360000000000525e+01 1.770200000000000173e+01 1.394279999999999964e-01
-9.983839999999999293e+01 1.798479999999999990e+01 1.437340000000000007e-01
-9.966160000000000707e+01 1.836870000000000047e+01 2.434580000000000077e-01
-9.943429999999999325e+01 1.808589999999999876e+01 1.228130000000000055e-01
-9.951009999999999422e+01 1.826770000000000138e+01 1.996479999999999921e-01
-9.961109999999999332e+01 1.822729999999999961e+01 1.127689999999999942e-01
-9.963639999999999475e+01 1.826770000000000138e+01 2.313939999999999886e-01
-9.976260000000000616e+01 1.754040000000000177e+01 9.013799999999999590e-02
-9.968689999999999429e+01 1.816669999999999874e+01 1.776929999999999898e-01
-9.983839999999999293e+01 1.782319999999999993e+01 1.438750000000000029e-01
-9.961109999999999332e+01 1.768179999999999907e+01 1.025309999999999971e-01
-9.925759999999999650e+01 1.812630000000000052e+01 1.402440000000000075e-01
-9.971210000000000662e+01 1.764140000000000086e+01 1.594689999999999996e-01
-9.966160000000000707e+01 1.768179999999999907e+01 1.429209999999999925e-01
-9.983839999999999293e+01 1.830809999999999960e+01 2.749849999999999794e-01
-1.000151999999999930e+02 1.834850000000000136e+01 1.833289999999999920e-01
-9.998990000000000578e+01 1.830809999999999960e+01 2.632030000000000203e-01
-9.978789999999999338e+01 1.826770000000000138e+01 1.120519999999999988e-01
-9.920709999999999695e+01 1.820710000000000051e+01 1.246649999999999980e-01
-9.981310000000000571e+01 1.846969999999999956e+01 1.726709999999999912e-01
-9.948480000000000700e+01 1.846969999999999956e+01 1.910209999999999964e-01
-9.976260000000000616e+01 1.848989999999999867e+01 1.606059999999999988e-01
-9.973739999999999384e+01 1.824749999999999872e+01 2.143140000000000045e-01
-9.973739999999999384e+01 1.822729999999999961e+01 1.698199999999999987e-01
-9.986360000000000525e+01 1.844950000000000045e+01 1.929319999999999924e-01
-9.983839999999999293e+01 1.846969999999999956e+01 8.765900000000000081e-02
-1.000151999999999930e+02 1.836870000000000047e+01 1.594299999999999884e-01
-9.920709999999999695e+01 1.832829999999999870e+01 6.742700000000000082e-02
-9.910609999999999786e+01 1.826770000000000138e+01 1.011490000000000028e-01
-9.996460000000000434e+01 1.832829999999999870e+01 8.447399999999999354e-02
-9.945959999999999468e+01 1.824749999999999872e+01 2.417779999999999929e-01
-9.971210000000000662e+01 1.842930000000000135e+01 2.545689999999999897e-01
-9.956059999999999377e+01 1.836870000000000047e+01 1.685129999999999961e-01
-9.961109999999999332e+01 1.844950000000000045e+01 1.464149999999999896e-01
-9.953539999999999566e+01 1.842930000000000135e+01 1.478929999999999967e-01
-9.948480000000000700e+01 1.816669999999999874e+01 1.367079999999999962e-01
-9.983839999999999293e+01 1.844950000000000045e+01 2.554259999999999864e-01
-1.000151999999999930e+02 1.851010000000000133e+01 2.161859999999999893e-01
-9.981310000000000571e+01 1.822729999999999961e+01 1.090659999999999963e-01
-9.976260000000000616e+01 1.760099999999999909e+01 1.432070000000000010e-01
-9.923229999999999507e+01 1.830809999999999960e+01 1.825960000000000083e-01
-1.000657000000000068e+02 1.840909999999999869e+01 1.198629999999999973e-01
-1.001919000000000040e+02 1.838889999999999958e+01 2.034050000000000025e-01
-1.000909000000000049e+02 1.812630000000000052e+01 1.885219999999999951e-01
-1.004192000000000036e+02 1.838889999999999958e+01 9.762200000000000044e-02
-9.973739999999999384e+01 1.824749999999999872e+01 8.513700000000000434e-02
-1.001919000000000040e+02 1.834850000000000136e+01 1.014929999999999999e-01
-9.948480000000000700e+01 1.844950000000000045e+01 2.295780000000000043e-01
-9.940909999999999513e+01 1.820710000000000051e+01 2.086109999999999909e-01
-9.963639999999999475e+01 1.812630000000000052e+01 1.314800000000000135e-01
-1.000151999999999930e+02 1.830809999999999960e+01 1.776040000000000119e-01
-9.993940000000000623e+01 1.822729999999999961e+01 7.065799999999999859e-02
-9.996460000000000434e+01 1.840909999999999869e+01 4.711100000000000010e-02
-9.923229999999999507e+01 1.806569999999999965e+01 1.768399999999999972e-01
-9.963639999999999475e+01 1.836870000000000047e+01 1.841079999999999939e-01
-9.958589999999999520e+01 1.816669999999999874e+01 1.395579999999999876e-01
-9.971210000000000662e+01 1.830809999999999960e+01 1.059299999999999999e-02
-9.940909999999999513e+01 1.842930000000000135e+01 1.110980000000000023e-01
-9.953539999999999566e+01 1.838889999999999958e+01 2.051030000000000075e-01
-9.953539999999999566e+01 1.842930000000000135e+01 1.909599999999999909e-01
-9.890399999999999636e+01 1.766159999999999997e+01 1.278469999999999884e-01
-9.948480000000000700e+01 1.812630000000000052e+01 1.703919999999999879e-01
-9.938379999999999370e+01 1.840909999999999869e+01 2.451039999999999885e-01
-9.998990000000000578e+01 1.834850000000000136e+01 2.018669999999999909e-01
-9.953539999999999566e+01 1.832829999999999870e+01 1.462650000000000061e-01
-9.953539999999999566e+01 1.836870000000000047e+01 1.571929999999999994e-01
-9.951009999999999422e+01 1.844950000000000045e+01 1.932520000000000071e-01
-9.948480000000000700e+01 1.844950000000000045e+01 2.369380000000000097e-01
-9.913129999999999598e+01 1.832829999999999870e+01 1.385959999999999970e-01
-9.913129999999999598e+01 1.832829999999999870e+01 1.372970000000000024e-01
-9.940909999999999513e+01 1.828790000000000049e+01 1.092909999999999993e-01
-9.971210000000000662e+01 1.836870000000000047e+01 1.206839999999999996e-01
-9.953539999999999566e+01 1.842930000000000135e+01 1.358570000000000055e-01
-9.953539999999999566e+01 1.838889999999999958e+01 1.530479999999999896e-01
-9.991410000000000480e+01 1.836870000000000047e+01 1.350639999999999896e-01
-9.923229999999999507e+01 1.832829999999999870e+01 1.095860000000000029e-01
-9.928279999999999461e+01 1.814649999999999963e+01 2.202220000000000011e-01
-9.910609999999999786e+01 1.830809999999999960e+01 2.051139999999999908e-01
-9.928279999999999461e+01 1.814649999999999963e+01 1.448840000000000128e-01
-9.908079999999999643e+01 1.830809999999999960e+01 1.153669999999999973e-01
-9.948480000000000700e+01 1.832829999999999870e+01 1.271529999999999883e-01
-9.920709999999999695e+01 1.826770000000000138e+01 1.097999999999999948e-01
-9.928279999999999461e+01 1.828790000000000049e+01 1.716330000000000078e-01
-9.930809999999999604e+01 1.828790000000000049e+01 1.679110000000000047e-01
-9.953539999999999566e+01 1.818690000000000140e+01 1.367839999999999889e-01
-9.920709999999999695e+01 1.824749999999999872e+01 2.248130000000000128e-01
-9.905559999999999832e+01 1.802530000000000143e+01 6.910099999999999576e-02
-9.930809999999999604e+01 1.818690000000000140e+01 1.335419999999999940e-01
-9.920709999999999695e+01 1.816669999999999874e+01 1.393419999999999936e-01
-9.923229999999999507e+01 1.832829999999999870e+01 1.139489999999999947e-01
-9.930809999999999604e+01 1.808589999999999876e+01 1.140769999999999978e-01
-9.920709999999999695e+01 1.820710000000000051e+01 1.078279999999999933e-01
-9.913129999999999598e+01 1.830809999999999960e+01 2.119840000000000058e-01
-9.948480000000000700e+01 1.830809999999999960e+01 1.216850000000000015e-01
-9.956059999999999377e+01 1.820710000000000051e+01 1.286750000000000116e-01
-9.933329999999999416e+01 1.820710000000000051e+01 1.500350000000000017e-01
-9.925759999999999650e+01 1.818690000000000140e+01 1.171009999999999968e-01
-9.956059999999999377e+01 1.826770000000000138e+01 9.653100000000000569e-02
-9.887879999999999825e+01 1.812630000000000052e+01 1.053680000000000033e-01
-9.938379999999999370e+01 1.816669999999999874e+01 6.726400000000000434e-02
-9.933329999999999416e+01 1.816669999999999874e+01 1.385389999999999955e-01
-9.928279999999999461e+01 1.816669999999999874e+01 1.839339999999999864e-01
-9.933329999999999416e+01 1.818690000000000140e+01 1.686890000000000056e-01
-9.958589999999999520e+01 1.820710000000000051e+01 2.453879999999999950e-01
-9.910609999999999786e+01 1.824749999999999872e+01 1.378830000000000056e-01
-9.920709999999999695e+01 1.820710000000000051e+01 1.893799999999999928e-01
-9.971210000000000662e+01 1.814649999999999963e+01 1.346940000000000082e-01
-9.951009999999999422e+01 1.840909999999999869e+01 1.357919999999999960e-01
-9.958589999999999520e+01 1.840909999999999869e+01 6.101600000000000079e-02
-9.956059999999999377e+01 1.838889999999999958e+01 5.643800000000000205e-02
-9.951009999999999422e+01 1.836870000000000047e+01 2.110960000000000059e-01
-9.958589999999999520e+01 1.836870000000000047e+01 8.428499999999999881e-02
-9.973739999999999384e+01 1.844950000000000045e+01 1.204989999999999950e-01
-9.956059999999999377e+01 1.840909999999999869e+01 1.417410000000000059e-01
-9.958589999999999520e+01 1.820710000000000051e+01 1.504089999999999872e-01
-9.956059999999999377e+01 1.824749999999999872e+01 2.119810000000000028e-01
-9.961109999999999332e+01 1.838889999999999958e+01 2.268139999999999878e-01
-9.961109999999999332e+01 1.818690000000000140e+01 2.536189999999999833e-01
-9.958589999999999520e+01 1.826770000000000138e+01 2.358490000000000031e-01
-9.948480000000000700e+01 1.836870000000000047e+01 1.428200000000000025e-01
-9.956059999999999377e+01 1.838889999999999958e+01 2.425160000000000093e-01
-9.956059999999999377e+01 1.822729999999999961e+01 1.444429999999999881e-01
-9.958589999999999520e+01 1.834850000000000136e+01 1.738999999999999990e-01
-9.963639999999999475e+01 1.816669999999999874e+01 1.567659999999999887e-01
-9.956059999999999377e+01 1.840909999999999869e+01 1.411479999999999957e-01
-9.983839999999999293e+01 1.824749999999999872e+01 1.276390000000000025e-01
-9.966160000000000707e+01 1.802530000000000143e+01 1.529349999999999876e-01
-9.966160000000000707e+01 1.814649999999999963e+01 2.510080000000000089e-01
-9.961109999999999332e+01 1.802530000000000143e+01 2.130529999999999924e-01
-9.973739999999999384e+01 1.820710000000000051e+01 1.245089999999999947e-01
-9.958589999999999520e+01 1.826770000000000138e+01 1.909740000000000049e-01
-9.961109999999999332e+01 1.810610000000000142e+01 1.371350000000000069e-01
-9.966160000000000707e+01 1.812630000000000052e+01 2.452030000000000043e-01
-9.963639999999999475e+01 1.808589999999999876e+01 1.373620000000000119e-01
-9.973739999999999384e+01 1.818690000000000140e+01 2.205149999999999888e-01
-9.968689999999999429e+01 1.832829999999999870e+01 8.696800000000000364e-02
-9.966160000000000707e+01 1.826770000000000138e+01 5.939500000000000335e-02
-9.966160000000000707e+01 1.822729999999999961e+01 1.585590000000000055e-01
-9.976260000000000616e+01 1.842930000000000135e+01 1.045429999999999970e-01
-9.973739999999999384e+01 1.842930000000000135e+01 1.257340000000000124e-01
-9.940909999999999513e+01 1.840909999999999869e+01 1.578380000000000061e-01
-9.978789999999999338e+01 1.842930000000000135e+01 2.493849999999999956e-01
-1.005707000000000022e+02 1.950000000000000000e+01 6.748400000000000232e-02
-9.976260000000000616e+01 1.834850000000000136e+01 1.859909999999999897e-01
-9.978789999999999338e+01 1.846969999999999956e+01 8.308300000000000407e-02
-9.983839999999999293e+01 1.844950000000000045e+01 1.814409999999999912e-01
-9.986360000000000525e+01 1.846969999999999956e+01 1.141660000000000036e-01
-9.958589999999999520e+01 1.844950000000000045e+01 1.875539999999999985e-01
-1.001414000000000044e+02 1.830809999999999960e+01 8.382000000000000561e-02
-9.966160000000000707e+01 1.806569999999999965e+01 1.119779999999999942e-01
-9.953539999999999566e+01 1.828790000000000049e+01 7.503100000000000047e-02
-9.953539999999999566e+01 1.838889999999999958e+01 2.006120000000000125e-01
-9.981310000000000571e+01 1.844950000000000045e+01 1.402869999999999950e-01
-9.978789999999999338e+01 1.832829999999999870e+01 2.462350000000000094e-01
-9.973739999999999384e+01 1.842930000000000135e+01 1.354329999999999978e-01
-9.966160000000000707e+01 1.822729999999999961e+01 1.758490000000000053e-01
-9.976260000000000616e+01 1.838889999999999958e+01 2.498110000000000053e-01
-9.996460000000000434e+01 1.826770000000000138e+01 1.103299999999999975e-01
-9.948480000000000700e+01 1.830809999999999960e+01 1.724600000000000022e-01
-9.983839999999999293e+01 1.834850000000000136e+01 1.928670000000000107e-01
-9.968689999999999429e+01 1.798479999999999990e+01 2.109689999999999899e-01
-9.988890000000000668e+01 1.826770000000000138e+01 1.178690000000000015e-01
-9.963639999999999475e+01 1.816669999999999874e+01 1.981569999999999998e-01
-9.961109999999999332e+01 1.798479999999999990e+01 1.305129999999999901e-01
-9.953539999999999566e+01 1.806569999999999965e+01 1.354779999999999873e-01
-9.961109999999999332e+01 1.806569999999999965e+01 8.661099999999999355e-02
-9.953539999999999566e+01 1.820710000000000051e+01 1.389559999999999962e-01
-9.988890000000000668e+01 1.828790000000000049e+01 2.028109999999999913e-01
-9.956059999999999377e+01 1.826770000000000138e+01 1.904470000000000052e-01
-9.968689999999999429e+01 1.816669999999999874e+01 1.484570000000000056e-01
-9.951009999999999422e+01 1.810610000000000142e+01 1.295669999999999877e-01
-9.953539999999999566e+01 1.844950000000000045e+01 1.715589999999999893e-01
-9.915659999999999741e+01 1.832829999999999870e+01 1.559129999999999960e-01
-9.938379999999999370e+01 1.838889999999999958e+01 2.052759999999999863e-01
-9.928279999999999461e+01 1.828790000000000049e+01 1.588640000000000052e-01
-9.940909999999999513e+01 1.842930000000000135e+01 1.564540000000000097e-01
-9.940909999999999513e+01 1.840909999999999869e+01 2.073859999999999870e-01
-9.953539999999999566e+01 1.840909999999999869e+01 1.587989999999999957e-01
-9.935859999999999559e+01 1.836870000000000047e+01 2.094250000000000000e-01
-9.923229999999999507e+01 1.824749999999999872e+01 1.285600000000000076e-01
-9.913129999999999598e+01 1.830809999999999960e+01 1.451699999999999935e-01
-9.910609999999999786e+01 1.824749999999999872e+01 1.171709999999999974e-01
-9.923229999999999507e+01 1.826770000000000138e+01 1.332480000000000053e-01
-9.913129999999999598e+01 1.824749999999999872e+01 9.468500000000000527e-02
-9.930809999999999604e+01 1.828790000000000049e+01 1.195210000000000022e-01
-9.923229999999999507e+01 1.832829999999999870e+01 1.886639999999999984e-01
-9.920709999999999695e+01 1.820710000000000051e+01 1.365879999999999872e-01
-9.910609999999999786e+01 1.822729999999999961e+01 1.416429999999999911e-01
-9.956059999999999377e+01 1.836870000000000047e+01 1.928489999999999926e-01
-9.976260000000000616e+01 1.834850000000000136e+01 1.881899999999999962e-01
-9.981310000000000571e+01 1.834850000000000136e+01 1.639660000000000006e-01
-9.948480000000000700e+01 1.820710000000000051e+01 1.330199999999999994e-01
-9.988890000000000668e+01 1.836870000000000047e+01 1.275070000000000092e-01
-1.001162000000000063e+02 1.830809999999999960e+01 2.081989999999999952e-01
-9.983839999999999293e+01 1.830809999999999960e+01 6.975000000000000644e-02
-9.978789999999999338e+01 1.822729999999999961e+01 2.143130000000000035e-01
-9.983839999999999293e+01 1.848989999999999867e+01 1.314069999999999960e-01
-9.930809999999999604e+01 1.816669999999999874e+01 1.751219999999999999e-01
-9.951009999999999422e+01 1.820710000000000051e+01 8.644599999999999507e-02
-9.976260000000000616e+01 1.824749999999999872e+01 6.955699999999999383e-02
-9.943429999999999325e+01 1.818690000000000140e+01 1.224380000000000052e-01
-9.963639999999999475e+01 1.838889999999999958e+01 1.148539999999999978e-01
-9.971210000000000662e+01 1.836870000000000047e+01 1.136309999999999959e-01
-9.961109999999999332e+01 1.834850000000000136e+01 2.397249999999999936e-01
-9.978789999999999338e+01 1.840909999999999869e+01 1.800640000000000018e-01
-9.966160000000000707e+01 1.832829999999999870e+01 1.273529999999999940e-01
-9.966160000000000707e+01 1.834850000000000136e+01 1.112429999999999947e-01
-9.986360000000000525e+01 1.824749999999999872e+01 1.028030000000000055e-01
-9.976260000000000616e+01 1.840909999999999869e+01 2.045800000000000118e-01
-9.981310000000000571e+01 1.832829999999999870e+01 1.638409999999999866e-01
-9.996460000000000434e+01 1.838889999999999958e+01 1.336640000000000050e-01
-9.958589999999999520e+01 1.828790000000000049e+01 1.130720000000000058e-01
-9.963639999999999475e+01 1.830809999999999960e+01 1.058090000000000003e-01
-9.968689999999999429e+01 1.818690000000000140e+01 1.265940000000000121e-01
-9.953539999999999566e+01 1.834850000000000136e+01 1.627709999999999990e-01
-9.973739999999999384e+01 1.842930000000000135e+01 1.458480000000000054e-01
-9.983839999999999293e+01 1.830809999999999960e+01 1.374559999999999949e-01
-9.973739999999999384e+01 1.814649999999999963e+01 8.784999999999999754e-02
-9.966160000000000707e+01 1.846969999999999956e+01 2.296380000000000088e-01
-9.983839999999999293e+01 1.844950000000000045e+01 9.044399999999999662e-02
-9.973739999999999384e+01 1.806569999999999965e+01 8.243000000000000327e-02
-9.976260000000000616e+01 1.832829999999999870e+01 1.041070000000000051e-01
-9.961109999999999332e+01 1.822729999999999961e+01 1.729839999999999989e-01
-9.951009999999999422e+01 1.832829999999999870e+01 1.466590000000000116e-01
-9.940909999999999513e+01 1.838889999999999958e+01 1.589470000000000049e-01
-9.968689999999999429e+01 1.812630000000000052e+01 1.468049999999999911e-01
-9.973739999999999384e+01 1.814649999999999963e+01 1.257780000000000009e-01
-9.973739999999999384e+01 1.834850000000000136e+01 1.624819999999999875e-01
-9.976260000000000616e+01 1.826770000000000138e+01 1.240880000000000039e-01
-9.978789999999999338e+01 1.840909999999999869e+01 1.097189999999999971e-01
-9.993940000000000623e+01 1.838889999999999958e+01 1.689219999999999888e-01
-9.958589999999999520e+01 1.808589999999999876e+01 1.248250000000000054e-01
-9.966160000000000707e+01 1.834850000000000136e+01 2.481510000000000105e-01
-9.976260000000000616e+01 1.832829999999999870e+01 1.372009999999999896e-01
-9.991410000000000480e+01 1.836870000000000047e+01 1.620929999999999871e-01
-9.948480000000000700e+01 1.832829999999999870e+01 1.143190000000000039e-01
-9.920709999999999695e+01 1.824749999999999872e+01 1.786230000000000040e-01
-9.930809999999999604e+01 1.824749999999999872e+01 1.284009999999999874e-01
-9.935859999999999559e+01 1.818690000000000140e+01 1.579290000000000138e-01
-9.923229999999999507e+01 1.832829999999999870e+01 2.268860000000000043e-01
-9.910609999999999786e+01 1.830809999999999960e+01 1.893430000000000113e-01
-9.910609999999999786e+01 1.820710000000000051e+01 1.582220000000000015e-01
-9.935859999999999559e+01 1.816669999999999874e+01 8.432599999999999818e-02
-9.925759999999999650e+01 1.814649999999999963e+01 1.277959999999999929e-01
-9.920709999999999695e+01 1.832829999999999870e+01 1.704539999999999944e-01
-9.928279999999999461e+01 1.816669999999999874e+01 2.192790000000000017e-01
-9.915659999999999741e+01 1.826770000000000138e+01 1.178659999999999985e-01
-9.938379999999999370e+01 1.816669999999999874e+01 1.644079999999999986e-01
-9.920709999999999695e+01 1.824749999999999872e+01 2.392219999999999902e-01
-9.958589999999999520e+01 1.802530000000000143e+01 9.554300000000000292e-02
-9.928279999999999461e+01 1.808589999999999876e+01 1.683659999999999879e-01
-9.956059999999999377e+01 1.816669999999999874e+01 1.021849999999999981e-01
-9.943429999999999325e+01 1.844950000000000045e+01 1.559079999999999910e-01
-9.951009999999999422e+01 1.834850000000000136e+01 8.646800000000000319e-02
-9.925759999999999650e+01 1.828790000000000049e+01 1.729310000000000014e-01
-9.918179999999999552e+01 1.826770000000000138e+01 1.172730000000000022e-01
-9.993940000000000623e+01 1.804550000000000054e+01 1.151699999999999946e-01
-9.940909999999999513e+01 1.816669999999999874e+01 1.170950000000000046e-01
-9.933329999999999416e+01 1.804550000000000054e+01 1.227300000000000058e-01
-9.940909999999999513e+01 1.812630000000000052e+01 1.417440000000000089e-01
-9.930809999999999604e+01 1.812630000000000052e+01 1.657879999999999909e-01
-9.943429999999999325e+01 1.826770000000000138e+01 1.557570000000000066e-01
-9.973739999999999384e+01 1.838889999999999958e+01 1.513329999999999953e-01
-9.958589999999999520e+01 1.836870000000000047e+01 1.245769999999999933e-01
-9.976260000000000616e+01 1.838889999999999958e+01 1.438530000000000086e-01
-9.945959999999999468e+01 1.818690000000000140e+01 1.316660000000000053e-01
-9.961109999999999332e+01 1.820710000000000051e+01 1.600380000000000136e-01
-9.976260000000000616e+01 1.832829999999999870e+01 1.358469999999999955e-01
-9.958589999999999520e+01 1.826770000000000138e+01 2.725969999999999782e-01
-9.961109999999999332e+01 1.814649999999999963e+01 1.739050000000000040e-01
-9.956059999999999377e+01 1.832829999999999870e+01 1.801979999999999971e-01
-9.958589999999999520e+01 1.828790000000000049e+01 2.539719999999999756e-01
-9.935859999999999559e+01 1.808589999999999876e+01 1.070440000000000003e-01
-9.933329999999999416e+01 1.814649999999999963e+01 1.081820000000000004e-01
-9.958589999999999520e+01 1.822729999999999961e+01 6.370900000000000174e-02
-9.940909999999999513e+01 1.814649999999999963e+01 2.046099999999999863e-01
-9.958589999999999520e+01 1.818690000000000140e+01 1.530819999999999959e-01
-9.993940000000000623e+01 1.848989999999999867e+01 1.553579999999999961e-01
-9.973739999999999384e+01 1.822729999999999961e+01 1.176780000000000048e-01
-9.940909999999999513e+01 1.818690000000000140e+01 1.339809999999999890e-01
-9.961109999999999332e+01 1.822729999999999961e+01 7.157099999999999573e-02
-9.961109999999999332e+01 1.820710000000000051e+01 1.875809999999999977e-01
-9.953539999999999566e+01 1.826770000000000138e+01 2.420990000000000086e-01
-1.000404000000000053e+02 1.848989999999999867e+01 2.204339999999999911e-01
-9.928279999999999461e+01 1.810610000000000142e+01 1.570819999999999994e-01
-9.935859999999999559e+01 1.810610000000000142e+01 4.007200000000000345e-02
-9.956059999999999377e+01 1.812630000000000052e+01 1.005349999999999994e-01
-9.976260000000000616e+01 1.816669999999999874e+01 1.123259999999999953e-01
-9.958589999999999520e+01 1.836870000000000047e+01 1.412239999999999884e-01
-9.993940000000000623e+01 1.782319999999999993e+01 1.205770000000000036e-01
-9.983839999999999293e+01 1.844950000000000045e+01 1.626740000000000130e-01
-9.983839999999999293e+01 1.836870000000000047e+01 1.795009999999999939e-01
-9.951009999999999422e+01 1.824749999999999872e+01 1.823029999999999928e-01
-9.996460000000000434e+01 1.820710000000000051e+01 2.310939999999999939e-01
-9.988890000000000668e+01 1.846969999999999956e+01 9.045200000000000462e-02
-9.943429999999999325e+01 1.812630000000000052e+01 9.756299999999999695e-02
-1.000404000000000053e+02 1.834850000000000136e+01 1.144909999999999956e-01
-1.000151999999999930e+02 1.830809999999999960e+01 1.152210000000000040e-01
-9.996460000000000434e+01 1.832829999999999870e+01 2.225860000000000061e-01
-9.976260000000000616e+01 1.848989999999999867e+01 1.831460000000000032e-01
-9.933329999999999416e+01 1.834850000000000136e+01 1.252709999999999935e-01
-9.938379999999999370e+01 1.840909999999999869e+01 1.528430000000000066e-01
-9.945959999999999468e+01 1.844950000000000045e+01 2.377460000000000129e-01
-9.920709999999999695e+01 1.834850000000000136e+01 1.146579999999999960e-01
-9.966160000000000707e+01 1.840909999999999869e+01 6.184800000000000020e-02
-9.920709999999999695e+01 1.830809999999999960e+01 5.702000000000000124e-02
-9.961109999999999332e+01 1.834850000000000136e+01 1.561639999999999973e-01
-9.940909999999999513e+01 1.818690000000000140e+01 1.406830000000000025e-01
-9.943429999999999325e+01 1.842930000000000135e+01 1.731650000000000134e-01
-9.945959999999999468e+01 1.816669999999999874e+01 5.579599999999999838e-02
-9.928279999999999461e+01 1.816669999999999874e+01 1.485239999999999894e-01
-9.948480000000000700e+01 1.842930000000000135e+01 2.153130000000000044e-01
-9.940909999999999513e+01 1.836870000000000047e+01 1.140639999999999987e-01
-9.973739999999999384e+01 1.834850000000000136e+01 2.635129999999999972e-01
-9.981310000000000571e+01 1.851010000000000133e+01 6.411699999999999344e-02
-9.920709999999999695e+01 1.822729999999999961e+01 1.425539999999999863e-01
-9.925759999999999650e+01 1.826770000000000138e+01 1.435510000000000119e-01
-9.938379999999999370e+01 1.828790000000000049e+01 1.005339999999999984e-01
-9.925759999999999650e+01 1.832829999999999870e+01 1.291740000000000110e-01
-9.923229999999999507e+01 1.822729999999999961e+01 1.812739999999999907e-01
-9.920709999999999695e+01 1.826770000000000138e+01 1.292139999999999955e-01
-9.943429999999999325e+01 1.834850000000000136e+01 1.383780000000000010e-01
-9.956059999999999377e+01 1.842930000000000135e+01 1.512620000000000076e-01
-9.961109999999999332e+01 1.840909999999999869e+01 1.361719999999999875e-01
-9.951009999999999422e+01 1.840909999999999869e+01 1.584059999999999913e-01
-9.968689999999999429e+01 1.844950000000000045e+01 1.454280000000000017e-01
-9.925759999999999650e+01 1.826770000000000138e+01 2.043999999999999984e-01
-9.966160000000000707e+01 1.822729999999999961e+01 2.580830000000000068e-01
-9.968689999999999429e+01 1.824749999999999872e+01 1.655359999999999887e-01
-9.978789999999999338e+01 1.828790000000000049e+01 1.755929999999999991e-01
-1.000151999999999930e+02 1.838889999999999958e+01 1.614130000000000009e-01
-9.951009999999999422e+01 1.838889999999999958e+01 1.704189999999999872e-01
-1.009746999999999986e+02 1.903539999999999921e+01 1.061829999999999996e-01
-9.976260000000000616e+01 1.824749999999999872e+01 1.363389999999999880e-01
-9.935859999999999559e+01 1.816669999999999874e+01 1.466300000000000103e-01
-9.993940000000000623e+01 1.818690000000000140e+01 2.297520000000000118e-01
-1.004949000000000012e+02 1.806569999999999965e+01 1.774600000000000066e-01
-9.976260000000000616e+01 1.828790000000000049e+01 5.510099999999999720e-02
-9.981310000000000571e+01 1.842930000000000135e+01 1.323249999999999982e-01
-9.973739999999999384e+01 1.840909999999999869e+01 2.526349999999999985e-01
-9.920709999999999695e+01 1.816669999999999874e+01 1.687659999999999993e-01
-9.948480000000000700e+01 1.834850000000000136e+01 1.390180000000000027e-01
-9.913129999999999598e+01 1.824749999999999872e+01 2.241859999999999964e-01
-9.918179999999999552e+01 1.824749999999999872e+01 1.494350000000000123e-01
-9.923229999999999507e+01 1.826770000000000138e+01 1.406689999999999885e-01
-9.923229999999999507e+01 1.818690000000000140e+01 5.600999999999999729e-02
-9.923229999999999507e+01 1.826770000000000138e+01 1.843150000000000066e-01
-9.940909999999999513e+01 1.816669999999999874e+01 8.433400000000000618e-02
-9.930809999999999604e+01 1.824749999999999872e+01 1.369229999999999892e-01
-9.928279999999999461e+01 1.814649999999999963e+01 2.515020000000000033e-01
-9.918179999999999552e+01 1.826770000000000138e+01 1.266750000000000098e-01
-9.910609999999999786e+01 1.812630000000000052e+01 1.651729999999999865e-01
-9.930809999999999604e+01 1.822729999999999961e+01 1.181040000000000006e-01
-9.925759999999999650e+01 1.840909999999999869e+01 5.785200000000000065e-02
-9.928279999999999461e+01 1.832829999999999870e+01 1.884919999999999929e-01
-9.913129999999999598e+01 1.824749999999999872e+01 1.283930000000000071e-01
-9.933329999999999416e+01 1.824749999999999872e+01 1.961829999999999963e-01
-9.953539999999999566e+01 1.832829999999999870e+01 1.305369999999999864e-01
-9.963639999999999475e+01 1.820710000000000051e+01 1.425119999999999998e-01
-9.938379999999999370e+01 1.842930000000000135e+01 1.189449999999999952e-01
-9.951009999999999422e+01 1.842930000000000135e+01 1.315429999999999933e-01
-9.913129999999999598e+01 1.834850000000000136e+01 2.335510000000000086e-01
-9.953539999999999566e+01 1.838889999999999958e+01 1.520320000000000005e-01
-9.943429999999999325e+01 1.832829999999999870e+01 1.654809999999999892e-01
-9.933329999999999416e+01 1.808589999999999876e+01 7.282700000000000284e-02
-9.925759999999999650e+01 1.834850000000000136e+01 1.377440000000000053e-01
-9.938379999999999370e+01 1.834850000000000136e+01 1.997909999999999964e-01
-9.958589999999999520e+01 1.834850000000000136e+01 1.871470000000000078e-01
-9.935859999999999559e+01 1.834850000000000136e+01 1.456929999999999892e-01
-9.933329999999999416e+01 1.824749999999999872e+01 1.306370000000000031e-01
-9.953539999999999566e+01 1.842930000000000135e+01 1.174049999999999955e-01
-9.956059999999999377e+01 1.816669999999999874e+01 1.021419999999999967e-01
-9.951009999999999422e+01 1.820710000000000051e+01 1.764489999999999947e-01
-9.920709999999999695e+01 1.820710000000000051e+01 7.954200000000000159e-02
-9.933329999999999416e+01 1.826770000000000138e+01 1.562379999999999880e-01
-9.920709999999999695e+01 1.820710000000000051e+01 1.131960000000000049e-01
-9.938379999999999370e+01 1.814649999999999963e+01 1.498529999999999862e-01
-9.938379999999999370e+01 1.824749999999999872e+01 1.488839999999999886e-01
-9.973739999999999384e+01 1.836870000000000047e+01 1.728310000000000124e-01
-9.956059999999999377e+01 1.836870000000000047e+01 1.088179999999999981e-01
-9.973739999999999384e+01 1.840909999999999869e+01 2.135799999999999921e-01
-9.981310000000000571e+01 1.826770000000000138e+01 1.768309999999999882e-01
-9.973739999999999384e+01 1.840909999999999869e+01 2.298800000000000010e-01
-9.956059999999999377e+01 1.826770000000000138e+01 7.693999999999999451e-02
-9.991410000000000480e+01 1.855049999999999955e+01 1.706129999999999869e-01
-9.978789999999999338e+01 1.828790000000000049e+01 2.205989999999999895e-01
-9.956059999999999377e+01 1.824749999999999872e+01 1.634649999999999992e-01
-9.935859999999999559e+01 1.838889999999999958e+01 1.294639999999999957e-01
-9.956059999999999377e+01 1.834850000000000136e+01 1.876279999999999892e-01
-9.958589999999999520e+01 1.838889999999999958e+01 1.041740000000000027e-01
-9.988890000000000668e+01 1.838889999999999958e+01 1.173779999999999962e-01
-9.973739999999999384e+01 1.842930000000000135e+01 1.428800000000000070e-01
-9.951009999999999422e+01 1.840909999999999869e+01 1.722819999999999907e-01
-9.945959999999999468e+01 1.830809999999999960e+01 1.347069999999999934e-01
-9.976260000000000616e+01 1.832829999999999870e+01 1.178160000000000041e-01
-9.963639999999999475e+01 1.834850000000000136e+01 2.089459999999999928e-01
-9.956059999999999377e+01 1.840909999999999869e+01 1.698379999999999890e-01
-1.000151999999999930e+02 1.851010000000000133e+01 2.214139999999999997e-01
-9.953539999999999566e+01 1.851010000000000133e+01 1.813240000000000129e-01
-9.966160000000000707e+01 1.836870000000000047e+01 6.066499999999999670e-02
-9.986360000000000525e+01 1.838889999999999958e+01 1.875920000000000087e-01
-9.981310000000000571e+01 1.836870000000000047e+01 2.187270000000000048e-01
-9.978789999999999338e+01 1.851010000000000133e+01 1.265169999999999906e-01
-9.983839999999999293e+01 1.842930000000000135e+01 2.213310000000000000e-01
-9.996460000000000434e+01 1.840909999999999869e+01 2.754829999999999779e-01
-9.935859999999999559e+01 1.814649999999999963e+01 8.403900000000000259e-02
-9.923229999999999507e+01 1.794440000000000168e+01 5.147999999999999798e-02
-9.963639999999999475e+01 1.822729999999999961e+01 2.743829999999999880e-01
-9.991410000000000480e+01 1.822729999999999961e+01 1.564099999999999935e-01
-9.981310000000000571e+01 1.848989999999999867e+01 1.386120000000000130e-01
-9.978789999999999338e+01 1.812630000000000052e+01 1.161709999999999965e-01
-9.953539999999999566e+01 1.832829999999999870e+01 1.160940000000000027e-01
-9.961109999999999332e+01 1.808589999999999876e+01 2.408770000000000078e-01
-9.963639999999999475e+01 1.828790000000000049e+01 1.493200000000000083e-01
-9.998990000000000578e+01 1.774239999999999995e+01 1.155560000000000059e-01
-9.971210000000000662e+01 1.806569999999999965e+01 1.006250000000000061e-01
-9.961109999999999332e+01 1.808589999999999876e+01 1.347059999999999924e-01
-9.948480000000000700e+01 1.810610000000000142e+01 1.898459999999999870e-01
-9.973739999999999384e+01 1.824749999999999872e+01 2.185449999999999893e-01
-1.000151999999999930e+02 1.844950000000000045e+01 9.732499999999999485e-02
-9.951009999999999422e+01 1.832829999999999870e+01 2.455410000000000093e-01
-9.968689999999999429e+01 1.822729999999999961e+01 2.191639999999999977e-01
-9.958589999999999520e+01 1.828790000000000049e+01 7.717000000000000248e-02
-9.978789999999999338e+01 1.826770000000000138e+01 2.089949999999999863e-01
-9.953539999999999566e+01 1.818690000000000140e+01 1.319369999999999987e-01
-9.956059999999999377e+01 1.824749999999999872e+01 1.901470000000000105e-01
-9.958589999999999520e+01 1.816669999999999874e+01 1.467690000000000106e-01
-9.976260000000000616e+01 1.814649999999999963e+01 1.545940000000000092e-01
-9.976260000000000616e+01 1.800509999999999877e+01 1.292899999999999883e-01
-9.973739999999999384e+01 1.828790000000000049e+01 1.258219999999999894e-01
-9.976260000000000616e+01 1.830809999999999960e+01 1.411020000000000052e-01
-9.953539999999999566e+01 1.826770000000000138e+01 1.296440000000000092e-01
-9.953539999999999566e+01 1.826770000000000138e+01 9.162800000000000111e-02
-9.968689999999999429e+01 1.822729999999999961e+01 9.155199999999999450e-02
-9.925759999999999650e+01 1.830809999999999960e+01 1.280540000000000012e-01
-9.976260000000000616e+01 1.800509999999999877e+01 9.355299999999999727e-02
-9.956059999999999377e+01 1.820710000000000051e+01 1.554999999999999993e-01
-9.935859999999999559e+01 1.818690000000000140e+01 1.668360000000000121e-01
-9.986360000000000525e+01 1.760099999999999909e+01 9.489499999999999325e-02
-9.958589999999999520e+01 1.822729999999999961e+01 6.941600000000000548e-02
-9.978789999999999338e+01 1.772220000000000084e+01 1.386610000000000065e-01
-9.968689999999999429e+01 1.768179999999999907e+01 1.461570000000000091e-01
-9.925759999999999650e+01 1.798479999999999990e+01 1.495740000000000125e-01
-9.938379999999999370e+01 1.790399999999999991e+01 7.275099999999999623e-02
-9.933329999999999416e+01 1.810610000000000142e+01 1.696419999999999872e-01
-9.963639999999999475e+01 1.816669999999999874e+01 1.766250000000000042e-01
-9.943429999999999325e+01 1.808589999999999876e+01 1.066740000000000049e-01
-9.968689999999999429e+01 1.822729999999999961e+01 1.254349999999999909e-01
-9.966160000000000707e+01 1.770200000000000173e+01 1.324299999999999922e-01
-9.935859999999999559e+01 1.818690000000000140e+01 1.747509999999999897e-01
-9.953539999999999566e+01 1.830809999999999960e+01 1.782710000000000128e-01
-9.930809999999999604e+01 1.812630000000000052e+01 1.245359999999999939e-01
-9.933329999999999416e+01 1.804550000000000054e+01 1.398530000000000051e-01
-9.968689999999999429e+01 1.810610000000000142e+01 1.283209999999999906e-01
-9.953539999999999566e+01 1.824749999999999872e+01 7.461299999999999877e-02
-9.940909999999999513e+01 1.806569999999999965e+01 1.295630000000000115e-01
-9.986360000000000525e+01 1.768179999999999907e+01 2.053869999999999862e-01
-9.958589999999999520e+01 1.836870000000000047e+01 1.458830000000000127e-01
-9.973739999999999384e+01 1.842930000000000135e+01 1.420190000000000063e-01
-9.968689999999999429e+01 1.838889999999999958e+01 1.259989999999999999e-01
-9.963639999999999475e+01 1.840909999999999869e+01 1.685639999999999916e-01
-9.935859999999999559e+01 1.810610000000000142e+01 1.087779999999999997e-01
-9.940909999999999513e+01 1.816669999999999874e+01 1.480019999999999947e-01
-9.935859999999999559e+01 1.816669999999999874e+01 8.824099999999999999e-02
-9.938379999999999370e+01 1.816669999999999874e+01 1.552330000000000099e-01
-9.951009999999999422e+01 1.830809999999999960e+01 1.135820000000000024e-01
-9.956059999999999377e+01 1.836870000000000047e+01 1.225720000000000004e-01
-9.935859999999999559e+01 1.814649999999999963e+01 1.096310000000000062e-01
-9.968689999999999429e+01 1.832829999999999870e+01 1.222469999999999946e-01
-9.948480000000000700e+01 1.832829999999999870e+01 1.992800000000000127e-01
-9.940909999999999513e+01 1.812630000000000052e+01 1.571099999999999997e-01
-9.993940000000000623e+01 1.838889999999999958e+01 1.397980000000000056e-01
-9.956059999999999377e+01 1.824749999999999872e+01 1.332270000000000121e-01
-9.915659999999999741e+01 1.826770000000000138e+01 2.202399999999999913e-01
-9.945959999999999468e+01 1.842930000000000135e+01 1.188919999999999977e-01
-9.956059999999999377e+01 1.812630000000000052e+01 1.076909999999999951e-01
-9.983839999999999293e+01 1.764140000000000086e+01 1.111540000000000028e-01
-9.968689999999999429e+01 1.818690000000000140e+01 1.809449999999999947e-01
-9.963639999999999475e+01 1.814649999999999963e+01 1.641299999999999981e-01
-9.961109999999999332e+01 1.818690000000000140e+01 1.586309999999999942e-01
-9.961109999999999332e+01 1.826770000000000138e+01 1.460849999999999926e-01
-9.971210000000000662e+01 1.818690000000000140e+01 1.776560000000000084e-01
-9.948480000000000700e+01 1.814649999999999963e+01 1.606690000000000063e-01
-9.981310000000000571e+01 1.834850000000000136e+01 2.244690000000000019e-01
-9.966160000000000707e+01 1.810610000000000142e+01 1.217749999999999944e-01
-9.956059999999999377e+01 1.840909999999999869e+01 2.039150000000000129e-01
-9.963639999999999475e+01 1.824749999999999872e+01 1.048410000000000036e-01
-9.963639999999999475e+01 1.822729999999999961e+01 1.093800000000000050e-01
-9.951009999999999422e+01 1.842930000000000135e+01 1.313070000000000070e-01
-9.973739999999999384e+01 1.844950000000000045e+01 1.710280000000000133e-01
-9.956059999999999377e+01 1.836870000000000047e+01 7.608299999999999785e-02
-9.910609999999999786e+01 1.828790000000000049e+01 1.340629999999999877e-01
-9.910609999999999786e+01 1.830809999999999960e+01 2.033459999999999990e-01
-9.940909999999999513e+01 1.826770000000000138e+01 2.076119999999999910e-01
-9.966160000000000707e+01 1.810610000000000142e+01 2.176410000000000011e-01
-9.963639999999999475e+01 1.812630000000000052e+01 1.860880000000000034e-01
-9.923229999999999507e+01 1.832829999999999870e+01 2.080029999999999935e-01
-1.000404000000000053e+02 1.838889999999999958e+01 1.239539999999999947e-01
-9.988890000000000668e+01 1.780300000000000082e+01 1.413800000000000057e-01
-1.001919000000000040e+02 1.824749999999999872e+01 1.196880000000000027e-01
-9.963639999999999475e+01 1.832829999999999870e+01 1.465180000000000093e-01
-9.971210000000000662e+01 1.822729999999999961e+01 1.172470000000000040e-01
-9.971210000000000662e+01 1.816669999999999874e+01 2.205330000000000068e-01
-9.963639999999999475e+01 1.826770000000000138e+01 1.671050000000000035e-01
-9.968689999999999429e+01 1.774239999999999995e+01 2.500099999999999892e-02
-9.993940000000000623e+01 1.780300000000000082e+01 2.508200000000000013e-02
-9.991410000000000480e+01 1.782319999999999993e+01 1.272790000000000032e-01
-9.976260000000000616e+01 1.826770000000000138e+01 7.376299999999999524e-02
-9.983839999999999293e+01 1.826770000000000138e+01 1.381350000000000078e-01
-9.953539999999999566e+01 1.772220000000000084e+01 3.464199999999999918e-02
-9.986360000000000525e+01 1.832829999999999870e+01 5.962300000000000239e-02
-9.956059999999999377e+01 1.840909999999999869e+01 1.413459999999999994e-01
-9.976260000000000616e+01 1.768179999999999907e+01 1.398739999999999983e-01
-9.988890000000000668e+01 1.826770000000000138e+01 1.512759999999999938e-01
-9.971210000000000662e+01 1.834850000000000136e+01 1.449439999999999895e-01
-9.956059999999999377e+01 1.814649999999999963e+01 1.853080000000000005e-01
-9.978789999999999338e+01 1.826770000000000138e+01 1.383560000000000068e-01
-9.991410000000000480e+01 1.770200000000000173e+01 1.266450000000000076e-01
-9.976260000000000616e+01 1.762120000000000175e+01 1.606029999999999958e-01
-9.963639999999999475e+01 1.828790000000000049e+01 1.188599999999999934e-01
-9.963639999999999475e+01 1.816669999999999874e+01 2.098109999999999975e-01
-9.945959999999999468e+01 1.842930000000000135e+01 1.835209999999999897e-01
-9.981310000000000571e+01 1.824749999999999872e+01 1.999950000000000061e-01
-9.935859999999999559e+01 1.812630000000000052e+01 7.741900000000000170e-02
-9.981310000000000571e+01 1.824749999999999872e+01 7.602100000000000524e-02
-9.976260000000000616e+01 1.824749999999999872e+01 1.408490000000000020e-01
-9.951009999999999422e+01 1.840909999999999869e+01 1.620449999999999946e-01
-9.958589999999999520e+01 1.808589999999999876e+01 1.163659999999999972e-01
-9.963639999999999475e+01 1.762120000000000175e+01 1.050070000000000031e-01
-9.928279999999999461e+01 1.808589999999999876e+01 1.896269999999999900e-01
-9.938379999999999370e+01 1.822729999999999961e+01 1.411169999999999924e-01
-9.943429999999999325e+01 1.814649999999999963e+01 1.276799999999999879e-01
-9.940909999999999513e+01 1.812630000000000052e+01 9.925699999999999801e-02
-9.940909999999999513e+01 1.818690000000000140e+01 1.866349999999999953e-01
-9.928279999999999461e+01 1.810610000000000142e+01 1.976610000000000034e-01
-9.988890000000000668e+01 1.838889999999999958e+01 1.438850000000000129e-01
-9.943429999999999325e+01 1.826770000000000138e+01 1.082189999999999958e-01
-9.991410000000000480e+01 1.838889999999999958e+01 2.372080000000000022e-01
-9.973739999999999384e+01 1.838889999999999958e+01 2.076389999999999902e-01
-9.953539999999999566e+01 1.834850000000000136e+01 1.380800000000000083e-01
-9.933329999999999416e+01 1.826770000000000138e+01 1.335369999999999890e-01
-9.908079999999999643e+01 1.818690000000000140e+01 1.548380000000000034e-01
-9.981310000000000571e+01 1.810610000000000142e+01 8.872900000000000231e-02
-9.923229999999999507e+01 1.822729999999999961e+01 1.321460000000000135e-01
-9.925759999999999650e+01 1.816669999999999874e+01 1.356439999999999868e-01
-9.971210000000000662e+01 1.816669999999999874e+01 8.154500000000000637e-02
-9.953539999999999566e+01 1.836870000000000047e+01 1.466389999999999916e-01
-9.983839999999999293e+01 1.822729999999999961e+01 1.557360000000000133e-01
-9.996460000000000434e+01 1.776259999999999906e+01 5.570499999999999757e-02
-9.938379999999999370e+01 1.840909999999999869e+01 2.473329999999999973e-01
-9.918179999999999552e+01 1.836870000000000047e+01 1.422529999999999906e-01
-9.976260000000000616e+01 1.836870000000000047e+01 2.059570000000000012e-01
-9.983839999999999293e+01 1.851010000000000133e+01 2.071699999999999930e-01
-9.983839999999999293e+01 1.824749999999999872e+01 1.609569999999999890e-01
-9.956059999999999377e+01 1.824749999999999872e+01 1.770059999999999967e-01
-9.961109999999999332e+01 1.816669999999999874e+01 2.053049999999999875e-01
-9.958589999999999520e+01 1.812630000000000052e+01 1.449840000000000018e-01
-9.986360000000000525e+01 1.828790000000000049e+01 1.453869999999999885e-01
-9.976260000000000616e+01 1.832829999999999870e+01 1.968290000000000040e-01
-9.983839999999999293e+01 1.818690000000000140e+01 1.697369999999999990e-01
-9.993940000000000623e+01 1.780300000000000082e+01 3.333400000000000252e-02
-9.971210000000000662e+01 1.802530000000000143e+01 1.258110000000000062e-01
-9.976260000000000616e+01 1.784339999999999904e+01 5.353800000000000225e-02
-9.963639999999999475e+01 1.820710000000000051e+01 8.249399999999999789e-02
-9.973739999999999384e+01 1.802530000000000143e+01 9.523099999999999621e-02
-9.953539999999999566e+01 1.808589999999999876e+01 1.534750000000000003e-01
-9.973739999999999384e+01 1.824749999999999872e+01 7.882799999999999530e-02
-9.983839999999999293e+01 1.830809999999999960e+01 1.581510000000000138e-01
-1.004192000000000036e+02 1.800509999999999877e+01 7.355799999999999839e-02
-9.961109999999999332e+01 1.840909999999999869e+01 1.794739999999999946e-01
-9.976260000000000616e+01 1.760099999999999909e+01 1.101400000000000018e-01
-9.953539999999999566e+01 1.816669999999999874e+01 2.095879999999999965e-01
-9.993940000000000623e+01 1.844950000000000045e+01 7.407900000000000595e-02
-9.961109999999999332e+01 1.814649999999999963e+01 1.456570000000000087e-01
-9.976260000000000616e+01 1.800509999999999877e+01 1.165500000000000008e-01
-9.976260000000000616e+01 1.814649999999999963e+01 2.475070000000000048e-01
-9.978789999999999338e+01 1.808589999999999876e+01 2.136450000000000016e-01
-9.943429999999999325e+01 1.820710000000000051e+01 1.578549999999999953e-01
-9.966160000000000707e+01 1.810610000000000142e+01 1.079429999999999973e-01
-9.971210000000000662e+01 1.828790000000000049e+01 1.698320000000000107e-01
-9.953539999999999566e+01 1.812630000000000052e+01 1.327309999999999879e-01
-9.860099999999999909e+01 1.824749999999999872e+01 1.063700000000000062e-01
-9.951009999999999422e+01 1.822729999999999961e+01 1.328570000000000029e-01
-9.956059999999999377e+01 1.846969999999999956e+01 1.906920000000000004e-01
-9.948480000000000700e+01 1.844950000000000045e+01 2.323300000000000087e-01
-9.953539999999999566e+01 1.846969999999999956e+01 1.689249999999999918e-01
-9.940909999999999513e+01 1.830809999999999960e+01 1.369920000000000027e-01
-9.935859999999999559e+01 1.824749999999999872e+01 2.097950000000000093e-01
-9.961109999999999332e+01 1.834850000000000136e+01 1.609450000000000047e-01
-9.973739999999999384e+01 1.846969999999999956e+01 1.098100000000000048e-01
-9.973739999999999384e+01 1.832829999999999870e+01 2.443899999999999961e-01
-9.966160000000000707e+01 1.788380000000000081e+01 2.590900000000000147e-02
-9.971210000000000662e+01 1.770200000000000173e+01 1.989400000000000057e-01
-9.971210000000000662e+01 1.776259999999999906e+01 1.130359999999999976e-01
-9.973739999999999384e+01 1.840909999999999869e+01 1.294770000000000088e-01
-9.996460000000000434e+01 1.834850000000000136e+01 1.192809999999999981e-01
-9.948480000000000700e+01 1.782319999999999993e+01 1.606859999999999955e-01
-9.966160000000000707e+01 1.824749999999999872e+01 2.666899999999999826e-01
-9.966160000000000707e+01 1.820710000000000051e+01 1.909540000000000126e-01
-9.976260000000000616e+01 1.824749999999999872e+01 1.305890000000000106e-01
-9.951009999999999422e+01 1.834850000000000136e+01 9.016699999999999715e-02
-9.968689999999999429e+01 1.822729999999999961e+01 1.811329999999999885e-01
-9.963639999999999475e+01 1.806569999999999965e+01 1.621120000000000061e-01
-9.986360000000000525e+01 1.802530000000000143e+01 1.885539999999999994e-01
-9.973739999999999384e+01 1.802530000000000143e+01 1.497960000000000125e-01
-9.938379999999999370e+01 1.814649999999999963e+01 1.645939999999999903e-01
-9.991410000000000480e+01 1.846969999999999956e+01 1.168310000000000043e-01
-9.978789999999999338e+01 1.836870000000000047e+01 1.652430000000000010e-01
-9.986360000000000525e+01 1.844950000000000045e+01 1.727710000000000079e-01
-1.007727000000000004e+02 1.778280000000000172e+01 1.506500000000000027e-02
-9.963639999999999475e+01 1.844950000000000045e+01 1.937300000000000133e-01
-9.968689999999999429e+01 1.846969999999999956e+01 1.879190000000000027e-01
-9.971210000000000662e+01 1.838889999999999958e+01 2.066310000000000091e-01
-9.966160000000000707e+01 1.838889999999999958e+01 1.448290000000000133e-01
-9.976260000000000616e+01 1.842930000000000135e+01 9.838399999999999923e-02
-9.956059999999999377e+01 1.832829999999999870e+01 1.643989999999999896e-01
-9.958589999999999520e+01 1.832829999999999870e+01 8.021599999999999564e-02
-9.961109999999999332e+01 1.830809999999999960e+01 1.078390000000000043e-01
-9.961109999999999332e+01 1.830809999999999960e+01 1.302550000000000097e-01
-9.961109999999999332e+01 1.820710000000000051e+01 1.582580000000000098e-01
-9.991410000000000480e+01 1.778280000000000172e+01 6.168200000000000072e-02
-9.961109999999999332e+01 1.820710000000000051e+01 1.126280000000000059e-01
-9.968689999999999429e+01 1.808589999999999876e+01 2.192719999999999947e-01
-9.943429999999999325e+01 1.806569999999999965e+01 5.191599999999999687e-02
-9.913129999999999598e+01 1.824749999999999872e+01 1.587369999999999892e-01
-9.923229999999999507e+01 1.822729999999999961e+01 1.215989999999999988e-01
-9.961109999999999332e+01 1.810610000000000142e+01 9.273499999999999799e-02
-9.940909999999999513e+01 1.818690000000000140e+01 1.222720000000000057e-01
-9.963639999999999475e+01 1.820710000000000051e+01 8.056800000000000073e-02
-9.958589999999999520e+01 1.806569999999999965e+01 1.724789999999999934e-01
-9.956059999999999377e+01 1.812630000000000052e+01 1.761949999999999905e-01
-9.933329999999999416e+01 1.824749999999999872e+01 1.551400000000000001e-01
-9.920709999999999695e+01 1.820710000000000051e+01 2.046370000000000133e-01
-9.938379999999999370e+01 1.816669999999999874e+01 1.609279999999999877e-01
-9.961109999999999332e+01 1.816669999999999874e+01 9.608700000000000574e-02
-9.958589999999999520e+01 1.822729999999999961e+01 1.937159999999999993e-01
-9.958589999999999520e+01 1.822729999999999961e+01 1.549780000000000046e-01
-9.958589999999999520e+01 1.820710000000000051e+01 1.109539999999999971e-01
-9.966160000000000707e+01 1.826770000000000138e+01 1.303670000000000107e-01
-9.951009999999999422e+01 1.834850000000000136e+01 2.138100000000000001e-01
-9.956059999999999377e+01 1.832829999999999870e+01 1.719040000000000012e-01
-9.976260000000000616e+01 1.800509999999999877e+01 1.804429999999999923e-01
-9.953539999999999566e+01 1.828790000000000049e+01 2.088160000000000016e-01
-9.930809999999999604e+01 1.824749999999999872e+01 1.274720000000000020e-01
-9.958589999999999520e+01 1.816669999999999874e+01 1.108630000000000032e-01
-1.003434000000000026e+02 1.836870000000000047e+01 1.215559999999999974e-01
-9.961109999999999332e+01 1.828790000000000049e+01 1.776929999999999898e-01
-9.996460000000000434e+01 1.826770000000000138e+01 9.774599999999999955e-02
-1.004949000000000012e+02 1.804550000000000054e+01 1.931489999999999874e-01
-9.963639999999999475e+01 1.824749999999999872e+01 2.431190000000000018e-01
-9.958589999999999520e+01 1.814649999999999963e+01 1.789040000000000075e-01
-1.002172000000000054e+02 1.808589999999999876e+01 1.326819999999999944e-01
-9.973739999999999384e+01 1.806569999999999965e+01 1.681189999999999907e-01
-9.973739999999999384e+01 1.840909999999999869e+01 1.355830000000000091e-01
-9.951009999999999422e+01 1.848989999999999867e+01 2.976380000000000137e-01
-9.943429999999999325e+01 1.846969999999999956e+01 2.089320000000000066e-01
-9.993940000000000623e+01 1.814649999999999963e+01 1.108819999999999945e-01
-9.958589999999999520e+01 1.840909999999999869e+01 1.203380000000000005e-01
-9.973739999999999384e+01 1.840909999999999869e+01 1.169779999999999986e-01
-9.971210000000000662e+01 1.838889999999999958e+01 1.005039999999999961e-01
-9.953539999999999566e+01 1.828790000000000049e+01 3.932100000000000178e-02
-9.973739999999999384e+01 1.838889999999999958e+01 1.943809999999999982e-01
-9.956059999999999377e+01 1.830809999999999960e+01 1.173550000000000010e-01
-9.981310000000000571e+01 1.766159999999999997e+01 1.154590000000000061e-01
-9.991410000000000480e+01 1.764140000000000086e+01 1.139860000000000040e-01
-9.988890000000000668e+01 1.762120000000000175e+01 1.964950000000000030e-01
-9.973739999999999384e+01 1.822729999999999961e+01 1.441560000000000064e-01
-9.973739999999999384e+01 1.814649999999999963e+01 1.479920000000000124e-01
-9.978789999999999338e+01 1.774239999999999995e+01 1.811349999999999905e-01
-9.968689999999999429e+01 1.784339999999999904e+01 1.021809999999999941e-01
-9.978789999999999338e+01 1.768179999999999907e+01 1.391020000000000034e-01
-9.971210000000000662e+01 1.776259999999999906e+01 1.315739999999999965e-01
-9.976260000000000616e+01 1.814649999999999963e+01 7.090599999999999681e-02
-9.986360000000000525e+01 1.824749999999999872e+01 1.280689999999999884e-01
-9.991410000000000480e+01 1.762120000000000175e+01 1.200350000000000028e-01
-9.958589999999999520e+01 1.836870000000000047e+01 1.335119999999999918e-01
-9.943429999999999325e+01 1.788380000000000081e+01 8.374299999999999800e-02
-9.976260000000000616e+01 1.760099999999999909e+01 1.295870000000000077e-01
-9.956059999999999377e+01 1.840909999999999869e+01 1.251639999999999975e-01
-9.940909999999999513e+01 1.842930000000000135e+01 1.311680000000000068e-01
-9.943429999999999325e+01 1.832829999999999870e+01 1.063029999999999947e-01
-9.945959999999999468e+01 1.844950000000000045e+01 2.495739999999999903e-01
-9.940909999999999513e+01 1.842930000000000135e+01 2.043459999999999999e-01
-9.948480000000000700e+01 1.842930000000000135e+01 1.107350000000000001e-01
-9.998990000000000578e+01 1.816669999999999874e+01 1.287609999999999866e-01
-9.976260000000000616e+01 1.800509999999999877e+01 8.240899999999999614e-02
-9.986360000000000525e+01 1.812630000000000052e+01 7.005899999999999628e-02
-9.981310000000000571e+01 1.824749999999999872e+01 2.073589999999999878e-01
-9.971210000000000662e+01 1.828790000000000049e+01 1.562030000000000085e-01
-9.958589999999999520e+01 1.822729999999999961e+01 1.813760000000000094e-01
-9.963639999999999475e+01 1.814649999999999963e+01 1.687549999999999883e-01
-9.961109999999999332e+01 1.840909999999999869e+01 1.192590000000000039e-01
-9.961109999999999332e+01 1.822729999999999961e+01 1.713649999999999896e-01
-9.935859999999999559e+01 1.816669999999999874e+01 1.890300000000000036e-01
-9.951009999999999422e+01 1.830809999999999960e+01 2.052299999999999958e-01
-9.968689999999999429e+01 1.822729999999999961e+01 7.150199999999999612e-02
-9.938379999999999370e+01 1.812630000000000052e+01 1.243859999999999966e-01
-9.971210000000000662e+01 1.816669999999999874e+01 1.397710000000000063e-01
-9.935859999999999559e+01 1.820710000000000051e+01 1.223970000000000058e-01
-9.930809999999999604e+01 1.822729999999999961e+01 1.943280000000000007e-01
-9.930809999999999604e+01 1.824749999999999872e+01 1.814119999999999899e-01
-9.963639999999999475e+01 1.820710000000000051e+01 1.474380000000000135e-01
-9.978789999999999338e+01 1.828790000000000049e+01 1.010989999999999944e-01
-9.973739999999999384e+01 1.842930000000000135e+01 1.222580000000000056e-01
-9.993940000000000623e+01 1.800509999999999877e+01 4.302500000000000074e-02
-9.963639999999999475e+01 1.824749999999999872e+01 2.457280000000000020e-01
-9.935859999999999559e+01 1.808589999999999876e+01 1.045439999999999980e-01
-9.945959999999999468e+01 1.788380000000000081e+01 9.707699999999999663e-02
-9.961109999999999332e+01 1.816669999999999874e+01 1.486609999999999876e-01
-9.966160000000000707e+01 1.816669999999999874e+01 1.080359999999999931e-01
-9.948480000000000700e+01 1.840909999999999869e+01 8.448799999999999366e-02
-9.956059999999999377e+01 1.822729999999999961e+01 1.416429999999999911e-01
-9.978789999999999338e+01 1.800509999999999877e+01 1.449509999999999965e-01
-9.951009999999999422e+01 1.844950000000000045e+01 1.393089999999999884e-01
-9.925759999999999650e+01 1.812630000000000052e+01 9.439899999999999680e-02
-9.953539999999999566e+01 1.846969999999999956e+01 1.754489999999999938e-01
-9.918179999999999552e+01 1.810610000000000142e+01 1.452849999999999975e-01
-9.943429999999999325e+01 1.844950000000000045e+01 2.394560000000000022e-01
-9.925759999999999650e+01 1.812630000000000052e+01 1.505049999999999999e-01
-9.945959999999999468e+01 1.844950000000000045e+01 2.709570000000000034e-01
-9.930809999999999604e+01 1.834850000000000136e+01 8.775700000000000167e-02
-9.930809999999999604e+01 1.818690000000000140e+01 1.270719999999999905e-01
-9.925759999999999650e+01 1.812630000000000052e+01 1.032340000000000063e-01
-9.930809999999999604e+01 1.818690000000000140e+01 8.343399999999999428e-02
-9.951009999999999422e+01 1.826770000000000138e+01 1.363199999999999967e-01
-9.948480000000000700e+01 1.830809999999999960e+01 1.235659999999999953e-01
-9.925759999999999650e+01 1.834850000000000136e+01 1.651759999999999895e-01
-9.915659999999999741e+01 1.824749999999999872e+01 1.964100000000000013e-01
-9.958589999999999520e+01 1.816669999999999874e+01 1.615179999999999949e-01
-9.923229999999999507e+01 1.812630000000000052e+01 2.390549999999999897e-01
-9.956059999999999377e+01 1.818690000000000140e+01 1.064360000000000028e-01
-9.920709999999999695e+01 1.826770000000000138e+01 9.887200000000000155e-02
-9.928279999999999461e+01 1.814649999999999963e+01 1.639710000000000056e-01
-9.920709999999999695e+01 1.820710000000000051e+01 9.143800000000000539e-02
-9.920709999999999695e+01 1.802530000000000143e+01 5.258700000000000180e-02
-9.968689999999999429e+01 1.814649999999999963e+01 1.312409999999999966e-01
-9.933329999999999416e+01 1.810610000000000142e+01 1.014069999999999971e-01
-9.928279999999999461e+01 1.818690000000000140e+01 1.442759999999999876e-01
-9.971210000000000662e+01 1.814649999999999963e+01 2.252770000000000050e-01
-9.905559999999999832e+01 1.774239999999999995e+01 1.738010000000000110e-01
-9.925759999999999650e+01 1.834850000000000136e+01 1.990889999999999882e-01
-9.991410000000000480e+01 1.846969999999999956e+01 1.948080000000000089e-01
-9.996460000000000434e+01 1.842930000000000135e+01 1.784169999999999923e-01
-9.983839999999999293e+01 1.844950000000000045e+01 1.684120000000000061e-01
-9.968689999999999429e+01 1.820710000000000051e+01 2.190759999999999930e-01
-9.963639999999999475e+01 1.816669999999999874e+01 1.737910000000000010e-01
-9.938379999999999370e+01 1.834850000000000136e+01 1.570360000000000089e-01
-9.966160000000000707e+01 1.816669999999999874e+01 2.228330000000000033e-01
-9.915659999999999741e+01 1.832829999999999870e+01 9.263799999999999812e-02
-9.915659999999999741e+01 1.832829999999999870e+01 2.128400000000000014e-01
-9.971210000000000662e+01 1.840909999999999869e+01 1.905779999999999974e-01
-9.951009999999999422e+01 1.842930000000000135e+01 1.394539999999999946e-01
-1.001414000000000044e+02 1.828790000000000049e+01 2.623369999999999869e-01
-9.971210000000000662e+01 1.832829999999999870e+01 2.827549999999999786e-01
-9.958589999999999520e+01 1.812630000000000052e+01 1.215470000000000023e-01
-9.981310000000000571e+01 1.824749999999999872e+01 1.984640000000000015e-01
-9.986360000000000525e+01 1.830809999999999960e+01 4.124799999999999994e-02
-9.961109999999999332e+01 1.838889999999999958e+01 1.716030000000000055e-01
-9.971210000000000662e+01 1.824749999999999872e+01 1.732549999999999923e-01
-9.968689999999999429e+01 1.824749999999999872e+01 2.291849999999999998e-01
-9.978789999999999338e+01 1.832829999999999870e+01 1.358759999999999968e-01
-9.966160000000000707e+01 1.826770000000000138e+01 1.295040000000000080e-01
-9.963639999999999475e+01 1.818690000000000140e+01 2.895519999999999761e-01
-9.948480000000000700e+01 1.810610000000000142e+01 1.983679999999999888e-01
-9.961109999999999332e+01 1.830809999999999960e+01 1.428220000000000045e-01
-9.978789999999999338e+01 1.828790000000000049e+01 5.623000000000000220e-02
-9.951009999999999422e+01 1.826770000000000138e+01 4.228400000000000214e-02
-9.998990000000000578e+01 1.830809999999999960e+01 2.083480000000000054e-01
-9.973739999999999384e+01 1.802530000000000143e+01 1.020820000000000061e-01
-9.991410000000000480e+01 1.840909999999999869e+01 1.554550000000000098e-01
-9.963639999999999475e+01 1.820710000000000051e+01 2.586359999999999770e-01
-9.976260000000000616e+01 1.800509999999999877e+01 9.302699999999999858e-02
-9.956059999999999377e+01 1.824749999999999872e+01 5.906499999999999945e-02
-9.963639999999999475e+01 1.822729999999999961e+01 2.075299999999999923e-01
-9.978789999999999338e+01 1.800509999999999877e+01 1.188680000000000014e-01
-9.976260000000000616e+01 1.800509999999999877e+01 1.186760000000000037e-01
-9.958589999999999520e+01 1.820710000000000051e+01 1.693119999999999903e-01
-9.930809999999999604e+01 1.812630000000000052e+01 7.047200000000000686e-02
-9.953539999999999566e+01 1.820710000000000051e+01 1.331330000000000013e-01
-9.953539999999999566e+01 1.828790000000000049e+01 2.495459999999999900e-01
-9.928279999999999461e+01 1.810610000000000142e+01 1.488579999999999903e-01
-9.956059999999999377e+01 1.830809999999999960e+01 2.394979999999999887e-01
-9.953539999999999566e+01 1.834850000000000136e+01 1.388469999999999982e-01
-9.961109999999999332e+01 1.820710000000000051e+01 9.589200000000000501e-02
-9.928279999999999461e+01 1.808589999999999876e+01 9.267699999999999549e-02
-9.978789999999999338e+01 1.768179999999999907e+01 1.268150000000000110e-01
-9.918179999999999552e+01 1.796460000000000079e+01 1.369160000000000099e-01
-9.978789999999999338e+01 1.800509999999999877e+01 1.036529999999999951e-01
-9.966160000000000707e+01 1.762120000000000175e+01 1.024420000000000053e-01
-9.951009999999999422e+01 1.814649999999999963e+01 1.048619999999999969e-01
-9.968689999999999429e+01 1.820710000000000051e+01 1.083930000000000032e-01
-9.938379999999999370e+01 1.806569999999999965e+01 1.253130000000000077e-01
-9.930809999999999604e+01 1.802530000000000143e+01 1.031040000000000012e-01
-9.983839999999999293e+01 1.820710000000000051e+01 1.355179999999999996e-01
-9.956059999999999377e+01 1.818690000000000140e+01 2.382140000000000091e-01
-9.935859999999999559e+01 1.812630000000000052e+01 7.901199999999999890e-02
-9.938379999999999370e+01 1.818690000000000140e+01 6.597999999999999698e-02
-9.978789999999999338e+01 1.762120000000000175e+01 1.645629999999999871e-01
-9.956059999999999377e+01 1.820710000000000051e+01 1.385589999999999877e-01
-9.956059999999999377e+01 1.822729999999999961e+01 7.080000000000000182e-02
-9.963639999999999475e+01 1.826770000000000138e+01 1.708369999999999889e-01
-9.996460000000000434e+01 1.818690000000000140e+01 5.664899999999999797e-02
-9.966160000000000707e+01 1.810610000000000142e+01 1.359690000000000065e-01
-9.958589999999999520e+01 1.812630000000000052e+01 2.816190000000000082e-01
-9.986360000000000525e+01 1.774239999999999995e+01 1.416560000000000041e-01
-9.998990000000000578e+01 1.770200000000000173e+01 9.483900000000000663e-02
-9.996460000000000434e+01 1.776259999999999906e+01 7.854800000000000670e-02
-9.933329999999999416e+01 1.812630000000000052e+01 1.313819999999999988e-01
-9.961109999999999332e+01 1.822729999999999961e+01 2.022919999999999996e-01
-9.938379999999999370e+01 1.814649999999999963e+01 1.347500000000000087e-01
-9.963639999999999475e+01 1.816669999999999874e+01 2.174709999999999976e-01
-9.938379999999999370e+01 1.816669999999999874e+01 1.124290000000000012e-01
-9.958589999999999520e+01 1.824749999999999872e+01 1.324150000000000049e-01
-9.978789999999999338e+01 1.820710000000000051e+01 1.168059999999999932e-01
-9.976260000000000616e+01 1.762120000000000175e+01 1.420220000000000093e-01
-9.971210000000000662e+01 1.768179999999999907e+01 1.565499999999999947e-01
-9.976260000000000616e+01 1.832829999999999870e+01 2.296469999999999900e-01
-9.993940000000000623e+01 1.832829999999999870e+01 1.302240000000000064e-01
-1.000909000000000049e+02 1.820710000000000051e+01 1.668020000000000058e-01
-9.973739999999999384e+01 1.772220000000000084e+01 9.302100000000000646e-02
-9.940909999999999513e+01 1.840909999999999869e+01 2.350959999999999994e-01
-9.963639999999999475e+01 1.816669999999999874e+01 1.301249999999999907e-01
-9.973739999999999384e+01 1.802530000000000143e+01 1.287949999999999928e-01
-9.908079999999999643e+01 1.774239999999999995e+01 1.887359999999999871e-01
-9.971210000000000662e+01 1.814649999999999963e+01 1.325209999999999999e-01
-9.978789999999999338e+01 1.768179999999999907e+01 1.228220000000000006e-01
-9.948480000000000700e+01 1.834850000000000136e+01 2.429240000000000010e-01
-9.971210000000000662e+01 1.836870000000000047e+01 1.948880000000000057e-01
-9.961109999999999332e+01 1.826770000000000138e+01 2.464099999999999902e-01
-9.966160000000000707e+01 1.844950000000000045e+01 2.422999999999999876e-01
-9.956059999999999377e+01 1.834850000000000136e+01 1.873229999999999895e-01
-9.961109999999999332e+01 1.830809999999999960e+01 2.250189999999999968e-01
-9.943429999999999325e+01 1.844950000000000045e+01 2.438589999999999924e-01
-9.968689999999999429e+01 1.822729999999999961e+01 2.484699999999999964e-01
-9.968689999999999429e+01 1.838889999999999958e+01 1.062759999999999955e-01
-9.951009999999999422e+01 1.830809999999999960e+01 1.532270000000000021e-01
-9.966160000000000707e+01 1.820710000000000051e+01 1.286460000000000103e-01
-9.943429999999999325e+01 1.844950000000000045e+01 1.698699999999999932e-01
-9.961109999999999332e+01 1.824749999999999872e+01 9.985199999999999632e-02
-9.923229999999999507e+01 1.830809999999999960e+01 2.104360000000000119e-01
-9.908079999999999643e+01 1.822729999999999961e+01 1.815070000000000017e-01
-9.928279999999999461e+01 1.828790000000000049e+01 2.110670000000000046e-01
-9.925759999999999650e+01 1.812630000000000052e+01 1.127480000000000010e-01
-9.913129999999999598e+01 1.832829999999999870e+01 1.484109999999999874e-01
-9.988890000000000668e+01 1.846969999999999956e+01 1.110249999999999987e-01
-9.933329999999999416e+01 1.814649999999999963e+01 1.174290000000000056e-01
-9.923229999999999507e+01 1.812630000000000052e+01 1.966179999999999872e-01
-9.913129999999999598e+01 1.820710000000000051e+01 1.090700000000000003e-01
-9.933329999999999416e+01 1.818690000000000140e+01 1.422370000000000023e-01
-9.953539999999999566e+01 1.846969999999999956e+01 1.507479999999999931e-01
-9.940909999999999513e+01 1.818690000000000140e+01 7.590700000000000225e-02
-9.935859999999999559e+01 1.818690000000000140e+01 9.767699999999999994e-02
-9.951009999999999422e+01 1.830809999999999960e+01 6.611899999999999722e-02
-9.958589999999999520e+01 1.848989999999999867e+01 1.334909999999999985e-01
-9.953539999999999566e+01 1.844950000000000045e+01 1.503230000000000122e-01
-9.996460000000000434e+01 1.838889999999999958e+01 1.580270000000000008e-01
-9.961109999999999332e+01 1.846969999999999956e+01 1.721290000000000042e-01
-9.973739999999999384e+01 1.840909999999999869e+01 1.772100000000000064e-01
-9.956059999999999377e+01 1.836870000000000047e+01 9.259299999999999475e-02
-9.973739999999999384e+01 1.848989999999999867e+01 1.593160000000000132e-01
-9.978789999999999338e+01 1.851010000000000133e+01 1.365530000000000077e-01
-9.953539999999999566e+01 1.830809999999999960e+01 2.105950000000000044e-01
-9.971210000000000662e+01 1.838889999999999958e+01 1.553980000000000083e-01
-9.961109999999999332e+01 1.824749999999999872e+01 1.451800000000000035e-01
-9.918179999999999552e+01 1.832829999999999870e+01 2.402789999999999926e-01
-9.910609999999999786e+01 1.824749999999999872e+01 8.814299999999999913e-02
-9.953539999999999566e+01 1.826770000000000138e+01 8.321000000000000618e-02
-9.951009999999999422e+01 1.810610000000000142e+01 2.051179999999999948e-01
-9.966160000000000707e+01 1.826770000000000138e+01 1.449199999999999933e-01
-9.971210000000000662e+01 1.826770000000000138e+01 1.772170000000000134e-01
-9.968689999999999429e+01 1.832829999999999870e+01 1.201809999999999962e-01
-9.973739999999999384e+01 1.820710000000000051e+01 2.146659999999999957e-01
-9.951009999999999422e+01 1.826770000000000138e+01 1.782070000000000043e-01
-9.971210000000000662e+01 1.838889999999999958e+01 1.340069999999999872e-01
-9.956059999999999377e+01 1.812630000000000052e+01 1.499639999999999862e-01
-9.951009999999999422e+01 1.826770000000000138e+01 1.184940000000000021e-01
-9.958589999999999520e+01 1.840909999999999869e+01 1.455950000000000022e-01
-9.951009999999999422e+01 1.810610000000000142e+01 1.750249999999999861e-01
-1.001919000000000040e+02 1.848989999999999867e+01 1.937450000000000006e-01
-9.976260000000000616e+01 1.836870000000000047e+01 1.384199999999999875e-01
-9.978789999999999338e+01 1.798479999999999990e+01 1.022010000000000002e-01
-9.943429999999999325e+01 1.844950000000000045e+01 1.735260000000000136e-01
-9.976260000000000616e+01 1.840909999999999869e+01 2.359860000000000013e-01
-9.976260000000000616e+01 1.800509999999999877e+01 1.774570000000000036e-01
-9.951009999999999422e+01 1.814649999999999963e+01 8.479299999999999338e-02
-9.971210000000000662e+01 1.802530000000000143e+01 8.596399999999999875e-02
-9.988890000000000668e+01 1.780300000000000082e+01 8.507299999999999585e-02
-9.963639999999999475e+01 1.812630000000000052e+01 1.442559999999999953e-01
-9.956059999999999377e+01 1.822729999999999961e+01 7.385400000000000298e-02
-9.973739999999999384e+01 1.808589999999999876e+01 1.526780000000000082e-01
-9.935859999999999559e+01 1.804550000000000054e+01 6.810900000000000287e-02
-9.933329999999999416e+01 1.816669999999999874e+01 1.488170000000000048e-01
-9.958589999999999520e+01 1.816669999999999874e+01 1.615099999999999869e-01
-9.938379999999999370e+01 1.816669999999999874e+01 6.569500000000000339e-02
-9.961109999999999332e+01 1.816669999999999874e+01 1.484240000000000004e-01
-9.956059999999999377e+01 1.826770000000000138e+01 1.380699999999999983e-01
-9.928279999999999461e+01 1.808589999999999876e+01 1.960270000000000068e-01
-9.928279999999999461e+01 1.806569999999999965e+01 1.761260000000000048e-01
-9.953539999999999566e+01 1.820710000000000051e+01 1.328110000000000124e-01
-9.938379999999999370e+01 1.806569999999999965e+01 1.101469999999999949e-01
-9.943429999999999325e+01 1.814649999999999963e+01 1.184920000000000001e-01
-9.956059999999999377e+01 1.834850000000000136e+01 1.533920000000000006e-01
-9.923229999999999507e+01 1.816669999999999874e+01 1.635139999999999927e-01
-9.933329999999999416e+01 1.824749999999999872e+01 7.583199999999999663e-02
-9.933329999999999416e+01 1.824749999999999872e+01 1.888110000000000066e-01
-9.951009999999999422e+01 1.830809999999999960e+01 1.396820000000000006e-01
-9.935859999999999559e+01 1.810610000000000142e+01 1.801889999999999881e-01
-9.956059999999999377e+01 1.816669999999999874e+01 1.791820000000000079e-01
-9.935859999999999559e+01 1.822729999999999961e+01 1.583769999999999900e-01
-9.958589999999999520e+01 1.840909999999999869e+01 1.528960000000000041e-01
-9.943429999999999325e+01 1.842930000000000135e+01 1.776109999999999911e-01
-9.918179999999999552e+01 1.836870000000000047e+01 2.115289999999999948e-01
-9.961109999999999332e+01 1.838889999999999958e+01 1.579919999999999936e-01
-9.940909999999999513e+01 1.824749999999999872e+01 1.516399999999999970e-01
-9.935859999999999559e+01 1.824749999999999872e+01 2.020250000000000101e-01
-9.938379999999999370e+01 1.842930000000000135e+01 1.032330000000000053e-01
-9.968689999999999429e+01 1.798479999999999990e+01 1.548899999999999999e-01
-9.963639999999999475e+01 1.842930000000000135e+01 2.257770000000000055e-01
-9.976260000000000616e+01 1.838889999999999958e+01 9.137800000000000089e-02
-9.968689999999999429e+01 1.820710000000000051e+01 2.574400000000000022e-01
-9.966160000000000707e+01 1.824749999999999872e+01 1.295999999999999930e-01
-9.943429999999999325e+01 1.834850000000000136e+01 1.485730000000000106e-01
-9.991410000000000480e+01 1.846969999999999956e+01 1.683510000000000006e-01
-9.961109999999999332e+01 1.814649999999999963e+01 1.537700000000000004e-02
-9.953539999999999566e+01 1.846969999999999956e+01 1.652550000000000130e-01
-9.956059999999999377e+01 1.848989999999999867e+01 1.384880000000000000e-01
-9.940909999999999513e+01 1.844950000000000045e+01 1.739910000000000068e-01
-9.958589999999999520e+01 1.838889999999999958e+01 2.165199999999999902e-01
-9.966160000000000707e+01 1.844950000000000045e+01 2.200189999999999924e-01
-9.958589999999999520e+01 1.840909999999999869e+01 2.538250000000000228e-01
-9.951009999999999422e+01 1.836870000000000047e+01 1.006890000000000007e-01
-9.956059999999999377e+01 1.832829999999999870e+01 1.199970000000000064e-01
-9.983839999999999293e+01 1.842930000000000135e+01 1.345689999999999942e-01
-9.945959999999999468e+01 1.844950000000000045e+01 2.587329999999999908e-01
-9.968689999999999429e+01 1.838889999999999958e+01 1.629859999999999920e-01
-9.991410000000000480e+01 1.830809999999999960e+01 1.826270000000000115e-01
-1.000151999999999930e+02 1.830809999999999960e+01 2.027500000000000135e-01
-9.986360000000000525e+01 1.846969999999999956e+01 7.138300000000000201e-02
-9.940909999999999513e+01 1.818690000000000140e+01 1.033950000000000008e-01
-9.978789999999999338e+01 1.826770000000000138e+01 1.565570000000000017e-01
-9.981310000000000571e+01 1.822729999999999961e+01 7.645799999999999819e-02
-9.966160000000000707e+01 1.826770000000000138e+01 1.917049999999999865e-01
-9.956059999999999377e+01 1.822729999999999961e+01 1.022529999999999967e-01
-9.963639999999999475e+01 1.824749999999999872e+01 1.061919999999999947e-01
-9.956059999999999377e+01 1.828790000000000049e+01 8.692900000000000627e-02
-9.966160000000000707e+01 1.816669999999999874e+01 1.809020000000000072e-01
-9.966160000000000707e+01 1.812630000000000052e+01 1.114600000000000035e-01
-9.948480000000000700e+01 1.812630000000000052e+01 6.567699999999999927e-02
-9.986360000000000525e+01 1.830809999999999960e+01 1.900979999999999892e-01
-9.981310000000000571e+01 1.826770000000000138e+01 1.992849999999999899e-01
-9.988890000000000668e+01 1.836870000000000047e+01 1.319069999999999965e-01
-9.988890000000000668e+01 1.834850000000000136e+01 1.347069999999999934e-01
-9.988890000000000668e+01 1.836870000000000047e+01 1.327959999999999974e-01
-9.940909999999999513e+01 1.828790000000000049e+01 2.115559999999999941e-01
-9.978789999999999338e+01 1.840909999999999869e+01 2.306539999999999979e-01
-9.928279999999999461e+01 1.836870000000000047e+01 1.777650000000000063e-01
-9.938379999999999370e+01 1.840909999999999869e+01 1.096639999999999976e-01
-9.953539999999999566e+01 1.816669999999999874e+01 8.871300000000000019e-02
-9.951009999999999422e+01 1.838889999999999958e+01 1.894180000000000030e-01
-9.923229999999999507e+01 1.822729999999999961e+01 1.173359999999999959e-01
-9.918179999999999552e+01 1.834850000000000136e+01 1.312409999999999966e-01
-9.933329999999999416e+01 1.832829999999999870e+01 2.005109999999999948e-01
-9.925759999999999650e+01 1.834850000000000136e+01 1.778359999999999941e-01
-9.928279999999999461e+01 1.818690000000000140e+01 1.200999999999999984e-01
-9.953539999999999566e+01 1.836870000000000047e+01 8.055099999999999760e-02
-9.908079999999999643e+01 1.828790000000000049e+01 2.581339999999999746e-01
-9.940909999999999513e+01 1.828790000000000049e+01 8.094200000000000006e-02
-9.933329999999999416e+01 1.818690000000000140e+01 1.921630000000000005e-01
-9.935859999999999559e+01 1.812630000000000052e+01 2.201990000000000058e-01
-9.956059999999999377e+01 1.814649999999999963e+01 9.697600000000000664e-02
-9.930809999999999604e+01 1.808589999999999876e+01 1.405440000000000023e-01
-9.920709999999999695e+01 1.820710000000000051e+01 1.540970000000000117e-01
-9.956059999999999377e+01 1.836870000000000047e+01 2.185570000000000013e-01
-9.973739999999999384e+01 1.844950000000000045e+01 1.535350000000000048e-01
-9.928279999999999461e+01 1.814649999999999963e+01 2.524529999999999830e-01
-9.953539999999999566e+01 1.832829999999999870e+01 1.600590000000000068e-01
-9.940909999999999513e+01 1.818690000000000140e+01 1.603479999999999905e-01
-9.956059999999999377e+01 1.820710000000000051e+01 6.025699999999999806e-02
-9.951009999999999422e+01 1.842930000000000135e+01 1.142480000000000023e-01
-9.958589999999999520e+01 1.834850000000000136e+01 1.260900000000000076e-01
-9.920709999999999695e+01 1.826770000000000138e+01 1.113320000000000004e-01
-9.933329999999999416e+01 1.822729999999999961e+01 2.003149999999999931e-01
-9.963639999999999475e+01 1.828790000000000049e+01 1.767040000000000000e-01
-9.966160000000000707e+01 1.814649999999999963e+01 2.543110000000000093e-01
-9.981310000000000571e+01 1.798479999999999990e+01 1.050439999999999985e-01
-9.951009999999999422e+01 1.818690000000000140e+01 5.659100000000000241e-02
-9.966160000000000707e+01 1.806569999999999965e+01 7.515499999999999958e-02
-9.963639999999999475e+01 1.810610000000000142e+01 1.398310000000000108e-01
-9.908079999999999643e+01 1.820710000000000051e+01 2.462229999999999974e-01
-9.966160000000000707e+01 1.812630000000000052e+01 1.968310000000000060e-01
-9.988890000000000668e+01 1.824749999999999872e+01 1.694469999999999865e-01
-9.956059999999999377e+01 1.844950000000000045e+01 2.158200000000000118e-01
-9.956059999999999377e+01 1.826770000000000138e+01 1.557080000000000131e-01
-9.953539999999999566e+01 1.840909999999999869e+01 1.915300000000000058e-01
-9.938379999999999370e+01 1.818690000000000140e+01 1.766939999999999900e-01
-9.973739999999999384e+01 1.814649999999999963e+01 7.870900000000000118e-02
-9.938379999999999370e+01 1.808589999999999876e+01 1.126449999999999951e-01
-9.978789999999999338e+01 1.798479999999999990e+01 8.979399999999999882e-02
