-9.956059999999999377e+01 1.846969999999999956e+01 1.236970000000000014e-01
-9.938379999999999370e+01 1.842930000000000135e+01 1.106130000000000030e-01
-9.943429999999999325e+01 1.844950000000000045e+01 1.139270000000000005e-01
-9.935859999999999559e+01 1.830809999999999960e+01 1.191819999999999963e-01
-9.913129999999999598e+01 1.832829999999999870e+01 1.192389999999999978e-01
-9.918179999999999552e+01 1.836870000000000047e+01 8.558399999999999341e-02
-9.910609999999999786e+01 1.820710000000000051e+01 1.143539999999999973e-01
-9.918179999999999552e+01 1.820710000000000051e+01 1.634009999999999907e-01
-9.958589999999999520e+01 1.818690000000000140e+01 1.481349999999999889e-01
-9.956059999999999377e+01 1.842930000000000135e+01 1.122739999999999988e-01
-9.956059999999999377e+01 1.826770000000000138e+01 1.367289999999999894e-01
-9.963639999999999475e+01 1.842930000000000135e+01 9.706900000000000250e-02
-9.961109999999999332e+01 1.830809999999999960e+01 1.304009999999999891e-01
-9.961109999999999332e+01 1.834850000000000136e+01 9.677700000000000191e-02
-9.976260000000000616e+01 1.838889999999999958e+01 1.476669999999999927e-01
-9.920709999999999695e+01 1.820710000000000051e+01 1.592359999999999887e-01
-9.915659999999999741e+01 1.826770000000000138e+01 9.011399999999999966e-02
-9.910609999999999786e+01 1.830809999999999960e+01 1.130049999999999943e-01
-9.915659999999999741e+01 1.832829999999999870e+01 1.048639999999999989e-01
-9.925759999999999650e+01 1.826770000000000138e+01 1.659180000000000099e-01
-9.930809999999999604e+01 1.818690000000000140e+01 1.583469999999999878e-01
-9.923229999999999507e+01 1.798479999999999990e+01 1.643459999999999921e-01
-9.930809999999999604e+01 1.824749999999999872e+01 1.325260000000000049e-01
-9.925759999999999650e+01 1.806569999999999965e+01 1.495100000000000040e-01
-9.925759999999999650e+01 1.816669999999999874e+01 1.467169999999999863e-01
-9.930809999999999604e+01 1.820710000000000051e+01 1.507320000000000049e-01
-9.935859999999999559e+01 1.818690000000000140e+01 1.114529999999999965e-01
-9.951009999999999422e+01 1.832829999999999870e+01 1.234100000000000058e-01
-9.935859999999999559e+01 1.818690000000000140e+01 1.531629999999999936e-01
-9.951009999999999422e+01 1.828790000000000049e+01 1.791500000000000037e-01
-9.925759999999999650e+01 1.812630000000000052e+01 1.364049999999999985e-01
-9.956059999999999377e+01 1.816669999999999874e+01 1.497539999999999982e-01
-9.953539999999999566e+01 1.846969999999999956e+01 1.342599999999999905e-01
-9.920709999999999695e+01 1.824749999999999872e+01 1.168619999999999937e-01
-9.925759999999999650e+01 1.800509999999999877e+01 1.623630000000000073e-01
-9.928279999999999461e+01 1.806569999999999965e+01 1.937810000000000088e-01
-9.933329999999999416e+01 1.816669999999999874e+01 1.226610000000000061e-01
-9.935859999999999559e+01 1.820710000000000051e+01 1.425690000000000013e-01
-9.928279999999999461e+01 1.814649999999999963e+01 1.408159999999999967e-01
-9.925759999999999650e+01 1.812630000000000052e+01 1.197560000000000013e-01
-9.910609999999999786e+01 1.828790000000000049e+01 1.394189999999999874e-01
-9.913129999999999598e+01 1.832829999999999870e+01 7.213200000000000167e-02
-9.958589999999999520e+01 1.800509999999999877e+01 1.293519999999999948e-01
-9.930809999999999604e+01 1.812630000000000052e+01 1.999930000000000041e-01
-9.938379999999999370e+01 1.816669999999999874e+01 1.504659999999999886e-01
-9.935859999999999559e+01 1.804550000000000054e+01 1.430869999999999920e-01
-9.930809999999999604e+01 1.804550000000000054e+01 1.324680000000000024e-01
-9.928279999999999461e+01 1.804550000000000054e+01 8.999500000000000555e-02
-9.961109999999999332e+01 1.808589999999999876e+01 1.477779999999999927e-01
-9.920709999999999695e+01 1.824749999999999872e+01 1.351400000000000101e-01
-9.933329999999999416e+01 1.810610000000000142e+01 1.081909999999999955e-01
-9.918179999999999552e+01 1.820710000000000051e+01 1.521710000000000007e-01
-9.940909999999999513e+01 1.804550000000000054e+01 1.270340000000000080e-01
-9.948480000000000700e+01 1.824749999999999872e+01 8.221000000000000529e-02
-9.925759999999999650e+01 1.812630000000000052e+01 7.130799999999999639e-02
-9.993940000000000623e+01 1.842930000000000135e+01 9.582799999999999652e-02
-9.968689999999999429e+01 1.842930000000000135e+01 4.583700000000000274e-02
-9.966160000000000707e+01 1.832829999999999870e+01 1.316940000000000055e-01
-1.005455000000000041e+02 1.758079999999999998e+01 1.341160000000000130e-01
-9.963639999999999475e+01 1.828790000000000049e+01 1.367410000000000014e-01
-9.958589999999999520e+01 1.828790000000000049e+01 6.813199999999999812e-02
-1.001162000000000063e+02 1.822729999999999961e+01 1.244760000000000033e-01
-9.961109999999999332e+01 1.822729999999999961e+01 1.384690000000000087e-01
-9.998990000000000578e+01 1.863129999999999953e+01 7.583600000000000063e-02
-9.953539999999999566e+01 1.836870000000000047e+01 1.013809999999999989e-01
-9.956059999999999377e+01 1.830809999999999960e+01 9.753599999999999770e-02
-9.986360000000000525e+01 1.820710000000000051e+01 1.337109999999999965e-01
-9.958589999999999520e+01 1.814649999999999963e+01 1.130659999999999998e-01
-9.958589999999999520e+01 1.816669999999999874e+01 1.673330000000000095e-01
-9.996460000000000434e+01 1.834850000000000136e+01 1.175009999999999943e-01
-9.978789999999999338e+01 1.820710000000000051e+01 1.232469999999999954e-01
-9.968689999999999429e+01 1.820710000000000051e+01 1.799320000000000086e-01
-9.966160000000000707e+01 1.826770000000000138e+01 9.628000000000000447e-02
-9.956059999999999377e+01 1.824749999999999872e+01 1.031040000000000012e-01
-9.940909999999999513e+01 1.816669999999999874e+01 8.783000000000000529e-02
-9.976260000000000616e+01 1.800509999999999877e+01 1.373119999999999896e-01
-9.973739999999999384e+01 1.822729999999999961e+01 1.318539999999999990e-01
-9.968689999999999429e+01 1.822729999999999961e+01 1.233240000000000031e-01
-9.973739999999999384e+01 1.838889999999999958e+01 1.138779999999999931e-01
-9.971210000000000662e+01 1.838889999999999958e+01 1.208189999999999958e-01
-9.935859999999999559e+01 1.818690000000000140e+01 9.067799999999999472e-02
-9.943429999999999325e+01 1.816669999999999874e+01 1.130710000000000048e-01
-9.940909999999999513e+01 1.816669999999999874e+01 1.380000000000000115e-01
-9.958589999999999520e+01 1.826770000000000138e+01 1.140980000000000050e-01
-9.973739999999999384e+01 1.814649999999999963e+01 1.460220000000000129e-01
-9.956059999999999377e+01 1.842930000000000135e+01 1.158099999999999963e-01
-9.938379999999999370e+01 1.808589999999999876e+01 1.867739999999999956e-01
-9.951009999999999422e+01 1.820710000000000051e+01 8.874899999999999456e-02
-9.966160000000000707e+01 1.818690000000000140e+01 1.579379999999999951e-01
-9.930809999999999604e+01 1.812630000000000052e+01 1.460120000000000029e-01
-9.956059999999999377e+01 1.826770000000000138e+01 8.685199999999999865e-02
-9.961109999999999332e+01 1.820710000000000051e+01 1.286150000000000071e-01
-9.958589999999999520e+01 1.824749999999999872e+01 1.597480000000000011e-01
-9.930809999999999604e+01 1.808589999999999876e+01 1.804679999999999895e-01
-9.966160000000000707e+01 1.810610000000000142e+01 8.856899999999999495e-02
-9.938379999999999370e+01 1.808589999999999876e+01 1.324349999999999972e-01
-9.958589999999999520e+01 1.814649999999999963e+01 1.349460000000000104e-01
-9.986360000000000525e+01 1.846969999999999956e+01 5.105400000000000216e-02
-9.971210000000000662e+01 1.808589999999999876e+01 1.052659999999999985e-01
-9.928279999999999461e+01 1.822729999999999961e+01 1.217140000000000027e-01
-9.933329999999999416e+01 1.822729999999999961e+01 1.656120000000000092e-01
-9.973739999999999384e+01 1.848989999999999867e+01 1.144899999999999946e-01
-9.948480000000000700e+01 1.826770000000000138e+01 1.526899999999999924e-01
-9.938379999999999370e+01 1.810610000000000142e+01 2.011890000000000067e-01
-9.938379999999999370e+01 1.816669999999999874e+01 1.632220000000000060e-01
-9.933329999999999416e+01 1.818690000000000140e+01 1.421600000000000086e-01
-9.925759999999999650e+01 1.826770000000000138e+01 1.642240000000000089e-01
-9.930809999999999604e+01 1.824749999999999872e+01 1.580129999999999868e-01
-9.963639999999999475e+01 1.826770000000000138e+01 1.148949999999999971e-01
-9.925759999999999650e+01 1.826770000000000138e+01 1.674309999999999965e-01
-9.913129999999999598e+01 1.830809999999999960e+01 1.125300000000000050e-01
-9.958589999999999520e+01 1.818690000000000140e+01 1.118230000000000057e-01
-9.966160000000000707e+01 1.812630000000000052e+01 1.573440000000000116e-01
-9.913129999999999598e+01 1.832829999999999870e+01 8.149700000000000000e-02
-9.986360000000000525e+01 1.826770000000000138e+01 1.401399999999999868e-01
-9.953539999999999566e+01 1.834850000000000136e+01 1.017099999999999949e-01
-9.910609999999999786e+01 1.824749999999999872e+01 1.248070000000000013e-01
-9.953539999999999566e+01 1.842930000000000135e+01 1.192700000000000010e-01
-9.928279999999999461e+01 1.818690000000000140e+01 1.736669999999999880e-01
-9.938379999999999370e+01 1.840909999999999869e+01 1.178440000000000043e-01
-9.976260000000000616e+01 1.848989999999999867e+01 6.449299999999999478e-02
-9.971210000000000662e+01 1.770200000000000173e+01 1.763480000000000047e-01
-9.986360000000000525e+01 1.770200000000000173e+01 1.675959999999999950e-01
-9.983839999999999293e+01 1.798479999999999990e+01 1.255739999999999912e-01
-9.966160000000000707e+01 1.836870000000000047e+01 1.539580000000000115e-01
-9.943429999999999325e+01 1.808589999999999876e+01 1.309430000000000038e-01
-9.951009999999999422e+01 1.826770000000000138e+01 1.304899999999999949e-01
-9.961109999999999332e+01 1.822729999999999961e+01 9.525200000000000333e-02
-9.963639999999999475e+01 1.826770000000000138e+01 1.570080000000000087e-01
-9.976260000000000616e+01 1.754040000000000177e+01 1.197249999999999981e-01
-9.968689999999999429e+01 1.816669999999999874e+01 1.467179999999999873e-01
-9.983839999999999293e+01 1.782319999999999993e+01 1.480970000000000064e-01
-9.961109999999999332e+01 1.768179999999999907e+01 1.321839999999999959e-01
-9.925759999999999650e+01 1.812630000000000052e+01 1.388490000000000002e-01
-9.971210000000000662e+01 1.764140000000000086e+01 1.814199999999999979e-01
-9.966160000000000707e+01 1.768179999999999907e+01 1.767489999999999895e-01
-9.983839999999999293e+01 1.830809999999999960e+01 1.589049999999999907e-01
-1.000151999999999930e+02 1.834850000000000136e+01 9.797000000000000153e-02
-9.998990000000000578e+01 1.830809999999999960e+01 1.449719999999999898e-01
-9.978789999999999338e+01 1.826770000000000138e+01 9.785599999999999854e-02
-9.920709999999999695e+01 1.820710000000000051e+01 1.099200000000000038e-01
-9.981310000000000571e+01 1.846969999999999956e+01 7.455499999999999627e-02
-9.948480000000000700e+01 1.846969999999999956e+01 1.048449999999999938e-01
-9.976260000000000616e+01 1.848989999999999867e+01 6.907800000000000051e-02
-9.973739999999999384e+01 1.824749999999999872e+01 1.544429999999999970e-01
-9.973739999999999384e+01 1.822729999999999961e+01 1.364390000000000047e-01
-9.986360000000000525e+01 1.844950000000000045e+01 1.002230000000000065e-01
-9.983839999999999293e+01 1.846969999999999956e+01 4.139199999999999824e-02
-1.000151999999999930e+02 1.836870000000000047e+01 1.261529999999999874e-01
-9.920709999999999695e+01 1.832829999999999870e+01 5.659499999999999947e-02
-9.910609999999999786e+01 1.826770000000000138e+01 8.770400000000000418e-02
-9.996460000000000434e+01 1.832829999999999870e+01 8.109500000000000042e-02
-9.945959999999999468e+01 1.824749999999999872e+01 1.076339999999999936e-01
-9.971210000000000662e+01 1.842930000000000135e+01 1.272830000000000072e-01
-9.956059999999999377e+01 1.836870000000000047e+01 7.034300000000000275e-02
-9.961109999999999332e+01 1.844950000000000045e+01 1.025039999999999979e-01
-9.953539999999999566e+01 1.842930000000000135e+01 9.834600000000000286e-02
-9.948480000000000700e+01 1.816669999999999874e+01 1.132190000000000002e-01
-9.983839999999999293e+01 1.844950000000000045e+01 1.364950000000000052e-01
-1.000151999999999930e+02 1.851010000000000133e+01 1.151090000000000030e-01
-9.981310000000000571e+01 1.822729999999999961e+01 1.175019999999999953e-01
-9.976260000000000616e+01 1.760099999999999909e+01 1.601950000000000041e-01
-9.923229999999999507e+01 1.830809999999999960e+01 1.303330000000000044e-01
-1.000657000000000068e+02 1.840909999999999869e+01 6.708999999999999686e-02
-1.001919000000000040e+02 1.838889999999999958e+01 1.435349999999999959e-01
-1.000909000000000049e+02 1.812630000000000052e+01 1.393300000000000094e-01
-1.004192000000000036e+02 1.838889999999999958e+01 9.539499999999999369e-02
-9.973739999999999384e+01 1.824749999999999872e+01 1.020019999999999954e-01
-1.001919000000000040e+02 1.834850000000000136e+01 8.842999999999999472e-02
-9.948480000000000700e+01 1.844950000000000045e+01 1.284899999999999931e-01
-9.940909999999999513e+01 1.820710000000000051e+01 1.071150000000000019e-01
-9.963639999999999475e+01 1.812630000000000052e+01 1.123129999999999962e-01
-1.000151999999999930e+02 1.830809999999999960e+01 1.260580000000000034e-01
-9.993940000000000623e+01 1.822729999999999961e+01 6.592900000000000149e-02
-9.996460000000000434e+01 1.840909999999999869e+01 2.505999999999999894e-02
-9.923229999999999507e+01 1.806569999999999965e+01 1.467120000000000091e-01
-9.963639999999999475e+01 1.836870000000000047e+01 1.064879999999999993e-01
-9.958589999999999520e+01 1.816669999999999874e+01 1.161439999999999972e-01
-9.971210000000000662e+01 1.830809999999999960e+01 1.955499999999999947e-02
-9.940909999999999513e+01 1.842930000000000135e+01 8.077900000000000358e-02
-9.953539999999999566e+01 1.838889999999999958e+01 1.317480000000000040e-01
-9.953539999999999566e+01 1.842930000000000135e+01 1.285590000000000066e-01
-9.890399999999999636e+01 1.766159999999999997e+01 1.297570000000000112e-01
-9.948480000000000700e+01 1.812630000000000052e+01 1.454660000000000120e-01
-9.938379999999999370e+01 1.840909999999999869e+01 1.543539999999999912e-01
-9.998990000000000578e+01 1.834850000000000136e+01 1.225569999999999993e-01
-9.953539999999999566e+01 1.832829999999999870e+01 1.179189999999999960e-01
-9.953539999999999566e+01 1.836870000000000047e+01 9.149599999999999400e-02
-9.951009999999999422e+01 1.844950000000000045e+01 1.037659999999999971e-01
-9.948480000000000700e+01 1.844950000000000045e+01 1.472199999999999898e-01
-9.913129999999999598e+01 1.832829999999999870e+01 7.409399999999999320e-02
-9.913129999999999598e+01 1.832829999999999870e+01 8.666300000000000392e-02
-9.940909999999999513e+01 1.828790000000000049e+01 9.827299999999999924e-02
-9.971210000000000662e+01 1.836870000000000047e+01 5.395300000000000096e-02
-9.953539999999999566e+01 1.842930000000000135e+01 1.087909999999999988e-01
-9.953539999999999566e+01 1.838889999999999958e+01 1.235839999999999994e-01
-9.991410000000000480e+01 1.836870000000000047e+01 1.124229999999999952e-01
-9.923229999999999507e+01 1.832829999999999870e+01 8.749500000000000333e-02
-9.928279999999999461e+01 1.814649999999999963e+01 1.686050000000000049e-01
-9.910609999999999786e+01 1.830809999999999960e+01 1.528279999999999916e-01
-9.928279999999999461e+01 1.814649999999999963e+01 1.254560000000000120e-01
-9.908079999999999643e+01 1.830809999999999960e+01 9.844100000000000072e-02
-9.948480000000000700e+01 1.832829999999999870e+01 1.155749999999999972e-01
-9.920709999999999695e+01 1.826770000000000138e+01 1.000339999999999979e-01
-9.928279999999999461e+01 1.828790000000000049e+01 1.422370000000000023e-01
-9.930809999999999604e+01 1.828790000000000049e+01 1.462630000000000041e-01
-9.953539999999999566e+01 1.818690000000000140e+01 1.251549999999999885e-01
-9.920709999999999695e+01 1.824749999999999872e+01 1.764340000000000075e-01
-9.905559999999999832e+01 1.802530000000000143e+01 6.536500000000000643e-02
-9.930809999999999604e+01 1.818690000000000140e+01 1.152959999999999957e-01
-9.920709999999999695e+01 1.816669999999999874e+01 1.253710000000000102e-01
-9.923229999999999507e+01 1.832829999999999870e+01 9.206200000000000494e-02
-9.930809999999999604e+01 1.808589999999999876e+01 1.064070000000000016e-01
-9.920709999999999695e+01 1.820710000000000051e+01 9.511100000000000110e-02
-9.913129999999999598e+01 1.830809999999999960e+01 1.595419999999999894e-01
-9.948480000000000700e+01 1.830809999999999960e+01 1.105610000000000065e-01
-9.956059999999999377e+01 1.820710000000000051e+01 1.238240000000000035e-01
-9.933329999999999416e+01 1.820710000000000051e+01 1.388989999999999947e-01
-9.925759999999999650e+01 1.818690000000000140e+01 9.854699999999999571e-02
-9.956059999999999377e+01 1.826770000000000138e+01 1.046109999999999957e-01
-9.887879999999999825e+01 1.812630000000000052e+01 9.173599999999999810e-02
-9.938379999999999370e+01 1.816669999999999874e+01 9.044900000000000162e-02
-9.933329999999999416e+01 1.816669999999999874e+01 1.219709999999999961e-01
-9.928279999999999461e+01 1.816669999999999874e+01 1.572070000000000134e-01
-9.933329999999999416e+01 1.818690000000000140e+01 1.415569999999999884e-01
-9.958589999999999520e+01 1.820710000000000051e+01 1.911480000000000123e-01
-9.910609999999999786e+01 1.824749999999999872e+01 1.263980000000000103e-01
-9.920709999999999695e+01 1.820710000000000051e+01 1.456560000000000077e-01
-9.971210000000000662e+01 1.814649999999999963e+01 1.438979999999999981e-01
-9.951009999999999422e+01 1.840909999999999869e+01 9.682000000000000328e-02
-9.958589999999999520e+01 1.840909999999999869e+01 5.015399999999999719e-02
-9.956059999999999377e+01 1.838889999999999958e+01 3.866699999999999998e-02
-9.951009999999999422e+01 1.836870000000000047e+01 1.133509999999999934e-01
-9.958589999999999520e+01 1.836870000000000047e+01 4.906599999999999850e-02
-9.973739999999999384e+01 1.844950000000000045e+01 7.211599999999999955e-02
-9.956059999999999377e+01 1.840909999999999869e+01 1.064390000000000058e-01
-9.958589999999999520e+01 1.820710000000000051e+01 1.194749999999999979e-01
-9.956059999999999377e+01 1.824749999999999872e+01 1.656380000000000075e-01
-9.961109999999999332e+01 1.838889999999999958e+01 1.407990000000000075e-01
-9.961109999999999332e+01 1.818690000000000140e+01 1.667029999999999901e-01
-9.958589999999999520e+01 1.826770000000000138e+01 1.435990000000000044e-01
-9.948480000000000700e+01 1.836870000000000047e+01 9.071300000000000197e-02
-9.956059999999999377e+01 1.838889999999999958e+01 1.224670000000000064e-01
-9.956059999999999377e+01 1.822729999999999961e+01 1.104429999999999995e-01
-9.958589999999999520e+01 1.834850000000000136e+01 1.218260000000000037e-01
-9.963639999999999475e+01 1.816669999999999874e+01 1.269919999999999938e-01
-9.956059999999999377e+01 1.840909999999999869e+01 8.863500000000000545e-02
-9.983839999999999293e+01 1.824749999999999872e+01 1.027840000000000004e-01
-9.966160000000000707e+01 1.802530000000000143e+01 1.150619999999999976e-01
-9.966160000000000707e+01 1.814649999999999963e+01 1.752700000000000091e-01
-9.961109999999999332e+01 1.802530000000000143e+01 1.690659999999999941e-01
-9.973739999999999384e+01 1.820710000000000051e+01 1.233429999999999943e-01
-9.958589999999999520e+01 1.826770000000000138e+01 1.326890000000000014e-01
-9.961109999999999332e+01 1.810610000000000142e+01 1.231209999999999943e-01
-9.966160000000000707e+01 1.812630000000000052e+01 1.870489999999999930e-01
-9.963639999999999475e+01 1.808589999999999876e+01 1.227369999999999989e-01
-9.973739999999999384e+01 1.818690000000000140e+01 1.701259999999999994e-01
-9.968689999999999429e+01 1.832829999999999870e+01 8.514900000000000246e-02
-9.966160000000000707e+01 1.826770000000000138e+01 5.536499999999999755e-02
-9.966160000000000707e+01 1.822729999999999961e+01 1.262719999999999954e-01
-9.976260000000000616e+01 1.842930000000000135e+01 8.303499999999999770e-02
-9.973739999999999384e+01 1.842930000000000135e+01 1.026259999999999950e-01
-9.940909999999999513e+01 1.840909999999999869e+01 1.222010000000000041e-01
-9.978789999999999338e+01 1.842930000000000135e+01 1.106599999999999945e-01
-1.005707000000000022e+02 1.950000000000000000e+01 5.354500000000000232e-02
-9.976260000000000616e+01 1.834850000000000136e+01 1.075099999999999945e-01
-9.978789999999999338e+01 1.846969999999999956e+01 6.298099999999999532e-02
-9.983839999999999293e+01 1.844950000000000045e+01 9.235200000000000353e-02
-9.986360000000000525e+01 1.846969999999999956e+01 3.648699999999999860e-02
-9.958589999999999520e+01 1.844950000000000045e+01 1.206519999999999954e-01
-1.001414000000000044e+02 1.830809999999999960e+01 8.676499999999999491e-02
-9.966160000000000707e+01 1.806569999999999965e+01 1.343100000000000127e-01
-9.953539999999999566e+01 1.828790000000000049e+01 5.409800000000000025e-02
-9.953539999999999566e+01 1.838889999999999958e+01 1.387349999999999972e-01
-9.981310000000000571e+01 1.844950000000000045e+01 1.037840000000000013e-01
-9.978789999999999338e+01 1.832829999999999870e+01 1.636209999999999887e-01
-9.973739999999999384e+01 1.842930000000000135e+01 1.021380000000000066e-01
-9.966160000000000707e+01 1.822729999999999961e+01 1.366640000000000077e-01
-9.976260000000000616e+01 1.838889999999999958e+01 1.531379999999999963e-01
-9.996460000000000434e+01 1.826770000000000138e+01 9.795299999999999840e-02
-9.948480000000000700e+01 1.830809999999999960e+01 6.996800000000000241e-02
-9.983839999999999293e+01 1.834850000000000136e+01 1.178570000000000034e-01
-9.968689999999999429e+01 1.798479999999999990e+01 1.669660000000000033e-01
-9.988890000000000668e+01 1.826770000000000138e+01 7.886799999999999367e-02
-9.963639999999999475e+01 1.816669999999999874e+01 1.577330000000000121e-01
-9.961109999999999332e+01 1.798479999999999990e+01 1.223400000000000043e-01
-9.953539999999999566e+01 1.806569999999999965e+01 1.549550000000000094e-01
-9.961109999999999332e+01 1.806569999999999965e+01 1.099230000000000068e-01
-9.953539999999999566e+01 1.820710000000000051e+01 1.211860000000000021e-01
-9.988890000000000668e+01 1.828790000000000049e+01 1.170820000000000055e-01
-9.956059999999999377e+01 1.826770000000000138e+01 1.267669999999999908e-01
-9.968689999999999429e+01 1.816669999999999874e+01 1.284929999999999961e-01
-9.951009999999999422e+01 1.810610000000000142e+01 1.222690000000000027e-01
-9.953539999999999566e+01 1.844950000000000045e+01 1.402700000000000058e-01
-9.915659999999999741e+01 1.832829999999999870e+01 1.073390000000000039e-01
-9.938379999999999370e+01 1.838889999999999958e+01 1.388949999999999907e-01
-9.928279999999999461e+01 1.828790000000000049e+01 1.240320000000000034e-01
-9.940909999999999513e+01 1.842930000000000135e+01 9.372900000000000675e-02
-9.940909999999999513e+01 1.840909999999999869e+01 1.369680000000000064e-01
-9.953539999999999566e+01 1.840909999999999869e+01 1.347170000000000034e-01
-9.935859999999999559e+01 1.836870000000000047e+01 1.352760000000000074e-01
-9.923229999999999507e+01 1.824749999999999872e+01 1.134499999999999953e-01
-9.913129999999999598e+01 1.830809999999999960e+01 1.075679999999999970e-01
-9.910609999999999786e+01 1.824749999999999872e+01 1.136999999999999955e-01
-9.923229999999999507e+01 1.826770000000000138e+01 1.147350000000000037e-01
-9.913129999999999598e+01 1.824749999999999872e+01 8.310800000000000132e-02
-9.930809999999999604e+01 1.828790000000000049e+01 9.034999999999999976e-02
-9.923229999999999507e+01 1.832829999999999870e+01 1.334519999999999873e-01
-9.920709999999999695e+01 1.820710000000000051e+01 1.089090000000000058e-01
-9.910609999999999786e+01 1.822729999999999961e+01 1.274520000000000097e-01
-9.956059999999999377e+01 1.836870000000000047e+01 1.206190000000000040e-01
-9.976260000000000616e+01 1.834850000000000136e+01 8.006299999999999528e-02
-9.981310000000000571e+01 1.834850000000000136e+01 7.811700000000000588e-02
-9.948480000000000700e+01 1.820710000000000051e+01 7.240599999999999814e-02
-9.988890000000000668e+01 1.836870000000000047e+01 6.383099999999999885e-02
-1.001162000000000063e+02 1.830809999999999960e+01 1.270360000000000100e-01
-9.983839999999999293e+01 1.830809999999999960e+01 6.424900000000000055e-02
-9.978789999999999338e+01 1.822729999999999961e+01 1.231819999999999998e-01
-9.983839999999999293e+01 1.848989999999999867e+01 7.432400000000000118e-02
-9.930809999999999604e+01 1.816669999999999874e+01 1.371179999999999899e-01
-9.951009999999999422e+01 1.820710000000000051e+01 7.435700000000000642e-02
-9.976260000000000616e+01 1.824749999999999872e+01 6.232900000000000246e-02
-9.943429999999999325e+01 1.818690000000000140e+01 1.107690000000000063e-01
-9.963639999999999475e+01 1.838889999999999958e+01 8.186000000000000221e-02
-9.971210000000000662e+01 1.836870000000000047e+01 1.119760000000000061e-01
-9.961109999999999332e+01 1.834850000000000136e+01 1.467030000000000001e-01
-9.978789999999999338e+01 1.840909999999999869e+01 1.447660000000000058e-01
-9.966160000000000707e+01 1.832829999999999870e+01 9.922000000000000264e-02
-9.966160000000000707e+01 1.834850000000000136e+01 9.874299999999999744e-02
-9.986360000000000525e+01 1.824749999999999872e+01 1.010770000000000002e-01
-9.976260000000000616e+01 1.840909999999999869e+01 1.601760000000000128e-01
-9.981310000000000571e+01 1.832829999999999870e+01 1.245929999999999954e-01
-9.996460000000000434e+01 1.838889999999999958e+01 1.018050000000000066e-01
-9.958589999999999520e+01 1.828790000000000049e+01 9.137699999999999989e-02
-9.963639999999999475e+01 1.830809999999999960e+01 8.358100000000000251e-02
-9.968689999999999429e+01 1.818690000000000140e+01 1.054350000000000009e-01
-9.953539999999999566e+01 1.834850000000000136e+01 1.050060000000000021e-01
-9.973739999999999384e+01 1.842930000000000135e+01 1.171669999999999934e-01
-9.983839999999999293e+01 1.830809999999999960e+01 1.156189999999999996e-01
-9.973739999999999384e+01 1.814649999999999963e+01 9.601600000000000412e-02
-9.966160000000000707e+01 1.846969999999999956e+01 1.357569999999999888e-01
-9.983839999999999293e+01 1.844950000000000045e+01 5.364000000000000018e-02
-9.973739999999999384e+01 1.806569999999999965e+01 1.084439999999999987e-01
-9.976260000000000616e+01 1.832829999999999870e+01 7.486800000000000399e-02
-9.961109999999999332e+01 1.822729999999999961e+01 1.202710000000000029e-01
-9.951009999999999422e+01 1.832829999999999870e+01 1.073240000000000027e-01
-9.940909999999999513e+01 1.838889999999999958e+01 1.047349999999999948e-01
-9.968689999999999429e+01 1.812630000000000052e+01 1.352470000000000061e-01
-9.973739999999999384e+01 1.814649999999999963e+01 1.145150000000000057e-01
-9.973739999999999384e+01 1.834850000000000136e+01 1.211630000000000068e-01
-9.976260000000000616e+01 1.826770000000000138e+01 9.394399999999999973e-02
-9.978789999999999338e+01 1.840909999999999869e+01 5.561900000000000177e-02
-9.993940000000000623e+01 1.838889999999999958e+01 1.070220000000000060e-01
-9.958589999999999520e+01 1.808589999999999876e+01 1.152100000000000068e-01
-9.966160000000000707e+01 1.834850000000000136e+01 9.507000000000000173e-02
-9.976260000000000616e+01 1.832829999999999870e+01 1.073189999999999977e-01
-9.991410000000000480e+01 1.836870000000000047e+01 8.417299999999999782e-02
-9.948480000000000700e+01 1.832829999999999870e+01 1.156890000000000002e-01
-9.920709999999999695e+01 1.824749999999999872e+01 1.453889999999999905e-01
-9.930809999999999604e+01 1.824749999999999872e+01 1.179499999999999993e-01
-9.935859999999999559e+01 1.818690000000000140e+01 1.385280000000000122e-01
-9.923229999999999507e+01 1.832829999999999870e+01 1.687819999999999876e-01
-9.910609999999999786e+01 1.830809999999999960e+01 1.297109999999999930e-01
-9.910609999999999786e+01 1.820710000000000051e+01 1.357599999999999918e-01
-9.935859999999999559e+01 1.816669999999999874e+01 9.400000000000000022e-02
-9.925759999999999650e+01 1.814649999999999963e+01 1.223759999999999987e-01
-9.920709999999999695e+01 1.832829999999999870e+01 1.254059999999999897e-01
-9.928279999999999461e+01 1.816669999999999874e+01 1.740019999999999900e-01
-9.915659999999999741e+01 1.826770000000000138e+01 1.243100000000000038e-01
-9.938379999999999370e+01 1.816669999999999874e+01 1.566589999999999927e-01
-9.920709999999999695e+01 1.824749999999999872e+01 1.824880000000000113e-01
-9.958589999999999520e+01 1.802530000000000143e+01 1.149889999999999940e-01
-9.928279999999999461e+01 1.808589999999999876e+01 1.609619999999999940e-01
-9.956059999999999377e+01 1.816669999999999874e+01 1.270179999999999920e-01
-9.943429999999999325e+01 1.844950000000000045e+01 1.149820000000000009e-01
-9.951009999999999422e+01 1.834850000000000136e+01 9.114600000000000479e-02
-9.925759999999999650e+01 1.828790000000000049e+01 1.442539999999999933e-01
-9.918179999999999552e+01 1.826770000000000138e+01 1.031429999999999986e-01
-9.993940000000000623e+01 1.804550000000000054e+01 1.205139999999999961e-01
-9.940909999999999513e+01 1.816669999999999874e+01 1.226229999999999959e-01
-9.933329999999999416e+01 1.804550000000000054e+01 1.326980000000000104e-01
-9.940909999999999513e+01 1.812630000000000052e+01 1.526260000000000117e-01
-9.930809999999999604e+01 1.812630000000000052e+01 1.573910000000000031e-01
-9.943429999999999325e+01 1.826770000000000138e+01 1.295880000000000087e-01
-9.973739999999999384e+01 1.838889999999999958e+01 1.178389999999999993e-01
-9.958589999999999520e+01 1.836870000000000047e+01 7.745299999999999407e-02
-9.976260000000000616e+01 1.838889999999999958e+01 1.085210000000000063e-01
-9.945959999999999468e+01 1.818690000000000140e+01 1.178280000000000022e-01
-9.961109999999999332e+01 1.820710000000000051e+01 1.115600000000000064e-01
-9.976260000000000616e+01 1.832829999999999870e+01 1.078940000000000038e-01
-9.958589999999999520e+01 1.826770000000000138e+01 1.670220000000000038e-01
-9.961109999999999332e+01 1.814649999999999963e+01 1.425160000000000038e-01
-9.956059999999999377e+01 1.832829999999999870e+01 1.076369999999999966e-01
-9.958589999999999520e+01 1.828790000000000049e+01 1.599309999999999898e-01
-9.935859999999999559e+01 1.808589999999999876e+01 1.274939999999999962e-01
-9.933329999999999416e+01 1.814649999999999963e+01 1.119779999999999942e-01
-9.958589999999999520e+01 1.822729999999999961e+01 7.665199999999999791e-02
-9.940909999999999513e+01 1.814649999999999963e+01 1.815829999999999944e-01
-9.958589999999999520e+01 1.818690000000000140e+01 1.319549999999999890e-01
-9.993940000000000623e+01 1.848989999999999867e+01 7.883400000000000130e-02
-9.973739999999999384e+01 1.822729999999999961e+01 1.150520000000000015e-01
-9.940909999999999513e+01 1.818690000000000140e+01 1.379400000000000071e-01
-9.961109999999999332e+01 1.822729999999999961e+01 7.757400000000000406e-02
-9.961109999999999332e+01 1.820710000000000051e+01 1.669210000000000138e-01
-9.953539999999999566e+01 1.826770000000000138e+01 1.546780000000000099e-01
-1.000404000000000053e+02 1.848989999999999867e+01 1.070760000000000045e-01
-9.928279999999999461e+01 1.810610000000000142e+01 1.552840000000000054e-01
-9.935859999999999559e+01 1.810610000000000142e+01 4.287599999999999745e-02
-9.956059999999999377e+01 1.812630000000000052e+01 8.895000000000000129e-02
-9.976260000000000616e+01 1.816669999999999874e+01 1.086140000000000022e-01
-9.958589999999999520e+01 1.836870000000000047e+01 8.048900000000000499e-02
-9.993940000000000623e+01 1.782319999999999993e+01 1.164440000000000058e-01
-9.983839999999999293e+01 1.844950000000000045e+01 1.147930000000000061e-01
-9.983839999999999293e+01 1.836870000000000047e+01 1.025009999999999949e-01
-9.951009999999999422e+01 1.824749999999999872e+01 1.372250000000000136e-01
-9.996460000000000434e+01 1.820710000000000051e+01 1.394720000000000126e-01
-9.988890000000000668e+01 1.846969999999999956e+01 5.422899999999999943e-02
-9.943429999999999325e+01 1.812630000000000052e+01 9.197500000000000120e-02
-1.000404000000000053e+02 1.834850000000000136e+01 9.929999999999999938e-02
-1.000151999999999930e+02 1.830809999999999960e+01 7.524699999999999445e-02
-9.996460000000000434e+01 1.832829999999999870e+01 1.233599999999999974e-01
-9.976260000000000616e+01 1.848989999999999867e+01 7.807899999999999563e-02
-9.933329999999999416e+01 1.834850000000000136e+01 9.077100000000000446e-02
-9.938379999999999370e+01 1.840909999999999869e+01 1.124450000000000033e-01
-9.945959999999999468e+01 1.844950000000000045e+01 1.441600000000000104e-01
-9.920709999999999695e+01 1.834850000000000136e+01 7.914899999999999713e-02
-9.966160000000000707e+01 1.840909999999999869e+01 5.990399999999999892e-02
-9.920709999999999695e+01 1.830809999999999960e+01 3.774399999999999977e-02
-9.961109999999999332e+01 1.834850000000000136e+01 1.197789999999999966e-01
-9.940909999999999513e+01 1.818690000000000140e+01 1.204139999999999933e-01
-9.943429999999999325e+01 1.842930000000000135e+01 1.162600000000000022e-01
-9.945959999999999468e+01 1.816669999999999874e+01 5.623199999999999726e-02
-9.928279999999999461e+01 1.816669999999999874e+01 1.250229999999999952e-01
-9.948480000000000700e+01 1.842930000000000135e+01 1.359789999999999888e-01
-9.940909999999999513e+01 1.836870000000000047e+01 7.660899999999999654e-02
-9.973739999999999384e+01 1.834850000000000136e+01 1.047960000000000003e-01
-9.981310000000000571e+01 1.851010000000000133e+01 4.411099999999999743e-02
-9.920709999999999695e+01 1.822729999999999961e+01 1.282810000000000061e-01
-9.925759999999999650e+01 1.826770000000000138e+01 1.208260000000000028e-01
-9.938379999999999370e+01 1.828790000000000049e+01 8.947800000000000198e-02
-9.925759999999999650e+01 1.832829999999999870e+01 1.054729999999999973e-01
-9.923229999999999507e+01 1.822729999999999961e+01 1.407670000000000032e-01
-9.920709999999999695e+01 1.826770000000000138e+01 1.153010000000000007e-01
-9.943429999999999325e+01 1.834850000000000136e+01 1.026139999999999969e-01
-9.956059999999999377e+01 1.842930000000000135e+01 1.059400000000000064e-01
-9.961109999999999332e+01 1.840909999999999869e+01 8.625099999999999434e-02
-9.951009999999999422e+01 1.840909999999999869e+01 1.182519999999999960e-01
-9.968689999999999429e+01 1.844950000000000045e+01 9.310400000000000620e-02
-9.925759999999999650e+01 1.826770000000000138e+01 1.568579999999999974e-01
-9.966160000000000707e+01 1.822729999999999961e+01 1.718280000000000085e-01
-9.968689999999999429e+01 1.824749999999999872e+01 1.187730000000000036e-01
-9.978789999999999338e+01 1.828790000000000049e+01 1.173700000000000021e-01
-1.000151999999999930e+02 1.838889999999999958e+01 1.193130000000000024e-01
-9.951009999999999422e+01 1.838889999999999958e+01 1.107790000000000025e-01
-1.009746999999999986e+02 1.903539999999999921e+01 8.873899999999999844e-02
-9.976260000000000616e+01 1.824749999999999872e+01 1.193290000000000045e-01
-9.935859999999999559e+01 1.816669999999999874e+01 1.289959999999999996e-01
-9.993940000000000623e+01 1.818690000000000140e+01 1.551619999999999944e-01
-1.004949000000000012e+02 1.806569999999999965e+01 1.435730000000000062e-01
-9.976260000000000616e+01 1.828790000000000049e+01 9.994500000000000606e-02
-9.981310000000000571e+01 1.842930000000000135e+01 9.257799999999999363e-02
-9.973739999999999384e+01 1.840909999999999869e+01 1.631289999999999962e-01
-9.920709999999999695e+01 1.816669999999999874e+01 1.362909999999999955e-01
-9.948480000000000700e+01 1.834850000000000136e+01 8.753800000000000470e-02
-9.913129999999999598e+01 1.824749999999999872e+01 1.764660000000000117e-01
-9.918179999999999552e+01 1.824749999999999872e+01 1.214849999999999958e-01
-9.923229999999999507e+01 1.826770000000000138e+01 1.307500000000000051e-01
-9.923229999999999507e+01 1.818690000000000140e+01 5.293199999999999988e-02
-9.923229999999999507e+01 1.826770000000000138e+01 1.469949999999999868e-01
-9.940909999999999513e+01 1.816669999999999874e+01 7.981299999999999506e-02
-9.930809999999999604e+01 1.824749999999999872e+01 1.243739999999999984e-01
-9.928279999999999461e+01 1.814649999999999963e+01 1.902959999999999929e-01
-9.918179999999999552e+01 1.826770000000000138e+01 1.041200000000000042e-01
-9.910609999999999786e+01 1.812630000000000052e+01 1.467410000000000103e-01
-9.930809999999999604e+01 1.822729999999999961e+01 1.022890000000000049e-01
-9.925759999999999650e+01 1.840909999999999869e+01 2.246199999999999933e-02
-9.928279999999999461e+01 1.832829999999999870e+01 1.514530000000000043e-01
-9.913129999999999598e+01 1.824749999999999872e+01 1.172300000000000009e-01
-9.933329999999999416e+01 1.824749999999999872e+01 1.613819999999999977e-01
-9.953539999999999566e+01 1.832829999999999870e+01 1.273390000000000077e-01
-9.963639999999999475e+01 1.820710000000000051e+01 1.380820000000000103e-01
-9.938379999999999370e+01 1.842930000000000135e+01 9.762700000000000544e-02
-9.951009999999999422e+01 1.842930000000000135e+01 8.265500000000000624e-02
-9.913129999999999598e+01 1.834850000000000136e+01 1.393880000000000119e-01
-9.953539999999999566e+01 1.838889999999999958e+01 1.097540000000000043e-01
-9.943429999999999325e+01 1.832829999999999870e+01 1.141910000000000008e-01
-9.933329999999999416e+01 1.808589999999999876e+01 8.438400000000000067e-02
-9.925759999999999650e+01 1.834850000000000136e+01 1.084859999999999991e-01
-9.938379999999999370e+01 1.834850000000000136e+01 1.316120000000000068e-01
-9.958589999999999520e+01 1.834850000000000136e+01 1.317389999999999950e-01
-9.935859999999999559e+01 1.834850000000000136e+01 1.112910000000000010e-01
-9.933329999999999416e+01 1.824749999999999872e+01 1.001520000000000049e-01
-9.953539999999999566e+01 1.842930000000000135e+01 9.160799999999999499e-02
-9.956059999999999377e+01 1.816669999999999874e+01 1.162180000000000019e-01
-9.951009999999999422e+01 1.820710000000000051e+01 1.443589999999999873e-01
-9.920709999999999695e+01 1.820710000000000051e+01 6.094100000000000211e-02
-9.933329999999999416e+01 1.826770000000000138e+01 1.231170000000000042e-01
-9.920709999999999695e+01 1.820710000000000051e+01 1.035179999999999989e-01
-9.938379999999999370e+01 1.814649999999999963e+01 1.461389999999999911e-01
-9.938379999999999370e+01 1.824749999999999872e+01 1.195110000000000061e-01
-9.973739999999999384e+01 1.836870000000000047e+01 1.023560000000000025e-01
-9.956059999999999377e+01 1.836870000000000047e+01 7.789600000000000690e-02
-9.973739999999999384e+01 1.840909999999999869e+01 1.324819999999999887e-01
-9.981310000000000571e+01 1.826770000000000138e+01 1.332969999999999988e-01
-9.973739999999999384e+01 1.840909999999999869e+01 1.384209999999999885e-01
-9.956059999999999377e+01 1.826770000000000138e+01 5.578199999999999825e-02
-9.991410000000000480e+01 1.855049999999999955e+01 7.422199999999999631e-02
-9.978789999999999338e+01 1.828790000000000049e+01 1.396769999999999956e-01
-9.956059999999999377e+01 1.824749999999999872e+01 1.231389999999999985e-01
-9.935859999999999559e+01 1.838889999999999958e+01 8.414099999999999357e-02
-9.956059999999999377e+01 1.834850000000000136e+01 1.042180000000000051e-01
-9.958589999999999520e+01 1.838889999999999958e+01 5.659399999999999847e-02
-9.988890000000000668e+01 1.838889999999999958e+01 8.225300000000000666e-02
-9.973739999999999384e+01 1.842930000000000135e+01 1.108920000000000045e-01
-9.951009999999999422e+01 1.840909999999999869e+01 1.176259999999999944e-01
-9.945959999999999468e+01 1.830809999999999960e+01 1.094019999999999992e-01
-9.976260000000000616e+01 1.832829999999999870e+01 9.758699999999999319e-02
-9.963639999999999475e+01 1.834850000000000136e+01 1.306879999999999986e-01
-9.956059999999999377e+01 1.840909999999999869e+01 1.126820000000000044e-01
-1.000151999999999930e+02 1.851010000000000133e+01 1.144980000000000026e-01
-9.953539999999999566e+01 1.851010000000000133e+01 1.161719999999999975e-01
-9.966160000000000707e+01 1.836870000000000047e+01 4.966299999999999881e-02
-9.986360000000000525e+01 1.838889999999999958e+01 1.003730000000000039e-01
-9.981310000000000571e+01 1.836870000000000047e+01 1.170039999999999969e-01
-9.978789999999999338e+01 1.851010000000000133e+01 8.305500000000000382e-02
-9.983839999999999293e+01 1.842930000000000135e+01 1.039199999999999985e-01
-9.996460000000000434e+01 1.840909999999999869e+01 1.060669999999999946e-01
-9.935859999999999559e+01 1.814649999999999963e+01 8.628500000000000059e-02
-9.923229999999999507e+01 1.794440000000000168e+01 4.648200000000000248e-02
-9.963639999999999475e+01 1.822729999999999961e+01 1.752209999999999879e-01
-9.991410000000000480e+01 1.822729999999999961e+01 1.403169999999999973e-01
-9.981310000000000571e+01 1.848989999999999867e+01 7.609000000000000485e-02
-9.978789999999999338e+01 1.812630000000000052e+01 1.187570000000000014e-01
-9.953539999999999566e+01 1.832829999999999870e+01 7.416599999999999582e-02
-9.961109999999999332e+01 1.808589999999999876e+01 1.823319999999999941e-01
-9.963639999999999475e+01 1.828790000000000049e+01 1.137029999999999985e-01
-9.998990000000000578e+01 1.774239999999999995e+01 1.768979999999999997e-01
-9.971210000000000662e+01 1.806569999999999965e+01 9.286800000000000610e-02
-9.961109999999999332e+01 1.808589999999999876e+01 1.087879999999999958e-01
-9.948480000000000700e+01 1.810610000000000142e+01 1.442450000000000121e-01
-9.973739999999999384e+01 1.824749999999999872e+01 1.526710000000000012e-01
-1.000151999999999930e+02 1.844950000000000045e+01 1.000609999999999972e-01
-9.951009999999999422e+01 1.832829999999999870e+01 1.434439999999999882e-01
-9.968689999999999429e+01 1.822729999999999961e+01 1.506129999999999969e-01
-9.958589999999999520e+01 1.828790000000000049e+01 7.931499999999999662e-02
-9.978789999999999338e+01 1.826770000000000138e+01 1.601210000000000133e-01
-9.953539999999999566e+01 1.818690000000000140e+01 1.169899999999999968e-01
-9.956059999999999377e+01 1.824749999999999872e+01 1.288860000000000006e-01
-9.958589999999999520e+01 1.816669999999999874e+01 1.141520000000000035e-01
-9.976260000000000616e+01 1.814649999999999963e+01 1.358550000000000035e-01
-9.976260000000000616e+01 1.800509999999999877e+01 1.232889999999999958e-01
-9.973739999999999384e+01 1.828790000000000049e+01 1.141759999999999997e-01
-9.976260000000000616e+01 1.830809999999999960e+01 1.065409999999999968e-01
-9.953539999999999566e+01 1.826770000000000138e+01 1.003850000000000020e-01
-9.953539999999999566e+01 1.826770000000000138e+01 7.008100000000000440e-02
-9.968689999999999429e+01 1.822729999999999961e+01 9.926100000000000201e-02
-9.925759999999999650e+01 1.830809999999999960e+01 7.226899999999999991e-02
-9.976260000000000616e+01 1.800509999999999877e+01 1.022020000000000012e-01
-9.956059999999999377e+01 1.820710000000000051e+01 1.406449999999999922e-01
-9.935859999999999559e+01 1.818690000000000140e+01 1.517550000000000010e-01
-9.986360000000000525e+01 1.760099999999999909e+01 1.343860000000000054e-01
-9.958589999999999520e+01 1.822729999999999961e+01 8.050300000000000511e-02
-9.978789999999999338e+01 1.772220000000000084e+01 1.710089999999999943e-01
-9.968689999999999429e+01 1.768179999999999907e+01 1.734320000000000028e-01
-9.925759999999999650e+01 1.798479999999999990e+01 1.542709999999999915e-01
-9.938379999999999370e+01 1.790399999999999991e+01 5.885200000000000153e-02
-9.933329999999999416e+01 1.810610000000000142e+01 1.578690000000000093e-01
-9.963639999999999475e+01 1.816669999999999874e+01 1.730929999999999969e-01
-9.943429999999999325e+01 1.808589999999999876e+01 9.968799999999999883e-02
-9.968689999999999429e+01 1.822729999999999961e+01 1.327260000000000106e-01
-9.966160000000000707e+01 1.770200000000000173e+01 1.642019999999999869e-01
-9.935859999999999559e+01 1.818690000000000140e+01 1.499890000000000112e-01
-9.953539999999999566e+01 1.830809999999999960e+01 1.497489999999999932e-01
-9.930809999999999604e+01 1.812630000000000052e+01 1.173389999999999989e-01
-9.933329999999999416e+01 1.804550000000000054e+01 1.593179999999999874e-01
-9.968689999999999429e+01 1.810610000000000142e+01 1.459529999999999994e-01
-9.953539999999999566e+01 1.824749999999999872e+01 5.140700000000000131e-02
-9.940909999999999513e+01 1.806569999999999965e+01 1.344289999999999929e-01
-9.986360000000000525e+01 1.768179999999999907e+01 2.003689999999999916e-01
-9.958589999999999520e+01 1.836870000000000047e+01 9.984999999999999432e-02
-9.973739999999999384e+01 1.842930000000000135e+01 1.144720000000000043e-01
-9.968689999999999429e+01 1.838889999999999958e+01 8.023600000000000176e-02
-9.963639999999999475e+01 1.840909999999999869e+01 1.030599999999999988e-01
-9.935859999999999559e+01 1.810610000000000142e+01 1.237130000000000035e-01
-9.940909999999999513e+01 1.816669999999999874e+01 1.458550000000000124e-01
-9.935859999999999559e+01 1.816669999999999874e+01 1.037069999999999936e-01
-9.938379999999999370e+01 1.816669999999999874e+01 1.496450000000000002e-01
-9.951009999999999422e+01 1.830809999999999960e+01 7.964400000000000646e-02
-9.956059999999999377e+01 1.836870000000000047e+01 1.015530000000000044e-01
-9.935859999999999559e+01 1.814649999999999963e+01 1.236659999999999981e-01
-9.968689999999999429e+01 1.832829999999999870e+01 1.118460000000000010e-01
-9.948480000000000700e+01 1.832829999999999870e+01 1.616180000000000117e-01
-9.940909999999999513e+01 1.812630000000000052e+01 1.612909999999999899e-01
-9.993940000000000623e+01 1.838889999999999958e+01 7.761300000000000143e-02
-9.956059999999999377e+01 1.824749999999999872e+01 9.313200000000000645e-02
-9.915659999999999741e+01 1.826770000000000138e+01 1.730540000000000134e-01
-9.945959999999999468e+01 1.842930000000000135e+01 7.668700000000000516e-02
-9.956059999999999377e+01 1.812630000000000052e+01 1.143949999999999967e-01
-9.983839999999999293e+01 1.764140000000000086e+01 1.581239999999999868e-01
-9.968689999999999429e+01 1.818690000000000140e+01 1.435839999999999894e-01
-9.963639999999999475e+01 1.814649999999999963e+01 1.301339999999999997e-01
-9.961109999999999332e+01 1.818690000000000140e+01 1.300719999999999932e-01
-9.961109999999999332e+01 1.826770000000000138e+01 1.124010000000000009e-01
-9.971210000000000662e+01 1.818690000000000140e+01 1.334710000000000063e-01
-9.948480000000000700e+01 1.814649999999999963e+01 1.028290000000000037e-01
-9.981310000000000571e+01 1.834850000000000136e+01 1.012789999999999940e-01
-9.966160000000000707e+01 1.810610000000000142e+01 1.110180000000000056e-01
-9.956059999999999377e+01 1.840909999999999869e+01 1.185739999999999988e-01
-9.963639999999999475e+01 1.824749999999999872e+01 1.039810000000000040e-01
-9.963639999999999475e+01 1.822729999999999961e+01 7.204800000000000093e-02
-9.951009999999999422e+01 1.842930000000000135e+01 8.319300000000000306e-02
-9.973739999999999384e+01 1.844950000000000045e+01 8.736099999999999421e-02
-9.956059999999999377e+01 1.836870000000000047e+01 3.742800000000000293e-02
-9.910609999999999786e+01 1.828790000000000049e+01 1.048560000000000048e-01
-9.910609999999999786e+01 1.830809999999999960e+01 1.376930000000000098e-01
-9.940909999999999513e+01 1.826770000000000138e+01 1.460229999999999861e-01
-9.966160000000000707e+01 1.810610000000000142e+01 1.680099999999999927e-01
-9.963639999999999475e+01 1.812630000000000052e+01 1.501099999999999934e-01
-9.923229999999999507e+01 1.832829999999999870e+01 1.463339999999999919e-01
-1.000404000000000053e+02 1.838889999999999958e+01 9.664999999999999980e-02
-9.988890000000000668e+01 1.780300000000000082e+01 1.539000000000000090e-01
-1.001919000000000040e+02 1.824749999999999872e+01 9.241099999999999315e-02
-9.963639999999999475e+01 1.832829999999999870e+01 1.059490000000000015e-01
-9.971210000000000662e+01 1.822729999999999961e+01 9.746000000000000496e-02
-9.971210000000000662e+01 1.816669999999999874e+01 1.686040000000000039e-01
-9.963639999999999475e+01 1.826770000000000138e+01 1.160520000000000024e-01
-9.968689999999999429e+01 1.774239999999999995e+01 4.074699999999999850e-02
-9.993940000000000623e+01 1.780300000000000082e+01 5.662400000000000072e-02
-9.991410000000000480e+01 1.782319999999999993e+01 1.432549999999999935e-01
-9.976260000000000616e+01 1.826770000000000138e+01 7.604900000000000548e-02
-9.983839999999999293e+01 1.826770000000000138e+01 1.151049999999999990e-01
-9.953539999999999566e+01 1.772220000000000084e+01 9.422899999999999332e-02
-9.986360000000000525e+01 1.832829999999999870e+01 5.462199999999999694e-02
-9.956059999999999377e+01 1.840909999999999869e+01 9.464000000000000190e-02
-9.976260000000000616e+01 1.768179999999999907e+01 1.760690000000000033e-01
-9.988890000000000668e+01 1.826770000000000138e+01 9.042799999999999450e-02
-9.971210000000000662e+01 1.834850000000000136e+01 1.258479999999999877e-01
-9.956059999999999377e+01 1.814649999999999963e+01 1.483230000000000104e-01
-9.978789999999999338e+01 1.826770000000000138e+01 1.195299999999999974e-01
-9.991410000000000480e+01 1.770200000000000173e+01 1.716860000000000053e-01
-9.976260000000000616e+01 1.762120000000000175e+01 1.872419999999999918e-01
-9.963639999999999475e+01 1.828790000000000049e+01 9.917900000000000327e-02
-9.963639999999999475e+01 1.816669999999999874e+01 1.929099999999999981e-01
-9.945959999999999468e+01 1.842930000000000135e+01 1.211399999999999977e-01
-9.981310000000000571e+01 1.824749999999999872e+01 1.324440000000000062e-01
-9.935859999999999559e+01 1.812630000000000052e+01 9.095799999999999719e-02
-9.981310000000000571e+01 1.824749999999999872e+01 8.510900000000000409e-02
-9.976260000000000616e+01 1.824749999999999872e+01 1.187580000000000024e-01
-9.951009999999999422e+01 1.840909999999999869e+01 1.391529999999999989e-01
-9.958589999999999520e+01 1.808589999999999876e+01 1.078400000000000053e-01
-9.963639999999999475e+01 1.762120000000000175e+01 1.622030000000000138e-01
-9.928279999999999461e+01 1.808589999999999876e+01 1.760009999999999908e-01
-9.938379999999999370e+01 1.822729999999999961e+01 1.187409999999999993e-01
-9.943429999999999325e+01 1.814649999999999963e+01 1.299420000000000019e-01
-9.940909999999999513e+01 1.812630000000000052e+01 9.610399999999999499e-02
-9.940909999999999513e+01 1.818690000000000140e+01 1.405859999999999888e-01
-9.928279999999999461e+01 1.810610000000000142e+01 1.766530000000000045e-01
-9.988890000000000668e+01 1.838889999999999958e+01 7.010399999999999965e-02
-9.943429999999999325e+01 1.826770000000000138e+01 8.786099999999999466e-02
-9.991410000000000480e+01 1.838889999999999958e+01 9.972499999999999420e-02
-9.973739999999999384e+01 1.838889999999999958e+01 1.241209999999999952e-01
-9.953539999999999566e+01 1.834850000000000136e+01 8.082200000000000495e-02
-9.933329999999999416e+01 1.826770000000000138e+01 1.113610000000000017e-01
-9.908079999999999643e+01 1.818690000000000140e+01 1.261990000000000056e-01
-9.981310000000000571e+01 1.810610000000000142e+01 9.654999999999999694e-02
-9.923229999999999507e+01 1.822729999999999961e+01 1.024779999999999996e-01
-9.925759999999999650e+01 1.816669999999999874e+01 1.182399999999999979e-01
-9.971210000000000662e+01 1.816669999999999874e+01 9.963500000000000134e-02
-9.953539999999999566e+01 1.836870000000000047e+01 2.984299999999999731e-01
-9.983839999999999293e+01 1.822729999999999961e+01 1.219159999999999966e-01
-9.996460000000000434e+01 1.776259999999999906e+01 1.040530000000000066e-01
-9.938379999999999370e+01 1.840909999999999869e+01 1.551349999999999951e-01
-9.918179999999999552e+01 1.836870000000000047e+01 7.828599999999999448e-02
-9.976260000000000616e+01 1.836870000000000047e+01 8.559999999999999554e-02
-9.983839999999999293e+01 1.851010000000000133e+01 1.282790000000000041e-01
-9.983839999999999293e+01 1.824749999999999872e+01 1.158929999999999960e-01
-9.956059999999999377e+01 1.824749999999999872e+01 1.261639999999999984e-01
-9.961109999999999332e+01 1.816669999999999874e+01 1.645030000000000103e-01
-9.958589999999999520e+01 1.812630000000000052e+01 1.262909999999999866e-01
-9.986360000000000525e+01 1.828790000000000049e+01 9.253000000000000114e-02
-9.976260000000000616e+01 1.832829999999999870e+01 1.488669999999999993e-01
-9.983839999999999293e+01 1.818690000000000140e+01 1.245239999999999958e-01
-9.993940000000000623e+01 1.780300000000000082e+01 6.478399999999999437e-02
-9.971210000000000662e+01 1.802530000000000143e+01 1.247049999999999964e-01
-9.976260000000000616e+01 1.784339999999999904e+01 6.352800000000000114e-02
-9.963639999999999475e+01 1.820710000000000051e+01 8.347400000000000653e-02
-9.973739999999999384e+01 1.802530000000000143e+01 9.778299999999999492e-02
-9.953539999999999566e+01 1.808589999999999876e+01 1.419850000000000001e-01
-9.973739999999999384e+01 1.824749999999999872e+01 7.469800000000000051e-02
-9.983839999999999293e+01 1.830809999999999960e+01 1.388530000000000042e-01
-1.004192000000000036e+02 1.800509999999999877e+01 6.102300000000000085e-02
-9.961109999999999332e+01 1.840909999999999869e+01 1.013199999999999934e-01
-9.976260000000000616e+01 1.760099999999999909e+01 1.505450000000000121e-01
-9.953539999999999566e+01 1.816669999999999874e+01 1.072680000000000022e-01
-9.993940000000000623e+01 1.844950000000000045e+01 5.037400000000000211e-02
-9.961109999999999332e+01 1.814649999999999963e+01 1.343129999999999880e-01
-9.976260000000000616e+01 1.800509999999999877e+01 1.045289999999999969e-01
-9.976260000000000616e+01 1.814649999999999963e+01 1.820209999999999884e-01
-9.978789999999999338e+01 1.808589999999999876e+01 1.693580000000000085e-01
-9.943429999999999325e+01 1.820710000000000051e+01 1.292860000000000120e-01
-9.966160000000000707e+01 1.810610000000000142e+01 1.103220000000000034e-01
-9.971210000000000662e+01 1.828790000000000049e+01 1.282840000000000091e-01
-9.953539999999999566e+01 1.812630000000000052e+01 1.264679999999999971e-01
-9.860099999999999909e+01 1.824749999999999872e+01 3.008939999999999948e-01
-9.951009999999999422e+01 1.822729999999999961e+01 1.038479999999999959e-01
-9.956059999999999377e+01 1.846969999999999956e+01 1.167920000000000069e-01
-9.948480000000000700e+01 1.844950000000000045e+01 1.341559999999999975e-01
-9.953539999999999566e+01 1.846969999999999956e+01 1.047190000000000065e-01
-9.940909999999999513e+01 1.830809999999999960e+01 1.063100000000000017e-01
-9.935859999999999559e+01 1.824749999999999872e+01 1.479459999999999942e-01
-9.961109999999999332e+01 1.834850000000000136e+01 1.283340000000000036e-01
-9.973739999999999384e+01 1.846969999999999956e+01 3.749500000000000055e-02
-9.973739999999999384e+01 1.832829999999999870e+01 1.028260000000000007e-01
-9.966160000000000707e+01 1.788380000000000081e+01 7.066400000000000459e-02
-9.971210000000000662e+01 1.770200000000000173e+01 1.989440000000000097e-01
-9.971210000000000662e+01 1.776259999999999906e+01 1.329299999999999926e-01
-9.973739999999999384e+01 1.840909999999999869e+01 7.428200000000000081e-02
-9.996460000000000434e+01 1.834850000000000136e+01 1.147389999999999938e-01
-9.948480000000000700e+01 1.782319999999999993e+01 1.689960000000000073e-01
-9.966160000000000707e+01 1.824749999999999872e+01 1.647029999999999883e-01
-9.966160000000000707e+01 1.820710000000000051e+01 1.505670000000000064e-01
-9.976260000000000616e+01 1.824749999999999872e+01 9.765899999999999581e-02
-9.951009999999999422e+01 1.834850000000000136e+01 1.597739999999999994e-01
-9.968689999999999429e+01 1.822729999999999961e+01 1.481280000000000097e-01
-9.963639999999999475e+01 1.806569999999999965e+01 1.260340000000000071e-01
-9.986360000000000525e+01 1.802530000000000143e+01 1.508899999999999963e-01
-9.973739999999999384e+01 1.802530000000000143e+01 1.361620000000000053e-01
-9.938379999999999370e+01 1.814649999999999963e+01 1.565010000000000012e-01
-9.991410000000000480e+01 1.846969999999999956e+01 6.494600000000000373e-02
-9.978789999999999338e+01 1.836870000000000047e+01 7.890300000000000091e-02
-9.986360000000000525e+01 1.844950000000000045e+01 8.965399999999999758e-02
-1.007727000000000004e+02 1.778280000000000172e+01 1.559800000000000075e-02
-9.963639999999999475e+01 1.844950000000000045e+01 1.190569999999999962e-01
-9.968689999999999429e+01 1.846969999999999956e+01 1.205129999999999951e-01
-9.971210000000000662e+01 1.838889999999999958e+01 1.298620000000000052e-01
-9.966160000000000707e+01 1.838889999999999958e+01 9.756399999999999795e-02
-9.976260000000000616e+01 1.842930000000000135e+01 7.757000000000000006e-02
-9.956059999999999377e+01 1.832829999999999870e+01 1.246290000000000037e-01
-9.958589999999999520e+01 1.832829999999999870e+01 7.857500000000000595e-02
-9.961109999999999332e+01 1.830809999999999960e+01 8.836700000000000110e-02
-9.961109999999999332e+01 1.830809999999999960e+01 1.222889999999999949e-01
-9.961109999999999332e+01 1.820710000000000051e+01 1.029660000000000020e-01
-9.991410000000000480e+01 1.778280000000000172e+01 8.665899999999999992e-02
-9.961109999999999332e+01 1.820710000000000051e+01 9.242300000000000515e-02
-9.968689999999999429e+01 1.808589999999999876e+01 1.740899999999999948e-01
-9.943429999999999325e+01 1.806569999999999965e+01 6.242999999999999938e-02
-9.913129999999999598e+01 1.824749999999999872e+01 1.260570000000000024e-01
-9.923229999999999507e+01 1.822729999999999961e+01 9.819400000000000350e-02
-9.961109999999999332e+01 1.810610000000000142e+01 8.735600000000000309e-02
-9.940909999999999513e+01 1.818690000000000140e+01 1.288489999999999913e-01
-9.963639999999999475e+01 1.820710000000000051e+01 9.880800000000000693e-02
-9.958589999999999520e+01 1.806569999999999965e+01 1.491389999999999938e-01
-9.956059999999999377e+01 1.812630000000000052e+01 1.528329999999999966e-01
-9.933329999999999416e+01 1.824749999999999872e+01 1.387849999999999917e-01
-9.920709999999999695e+01 1.820710000000000051e+01 1.644650000000000001e-01
-9.938379999999999370e+01 1.816669999999999874e+01 1.639639999999999986e-01
-9.961109999999999332e+01 1.816669999999999874e+01 1.167860000000000009e-01
-9.958589999999999520e+01 1.822729999999999961e+01 1.484530000000000016e-01
-9.958589999999999520e+01 1.822729999999999961e+01 1.057180000000000064e-01
-9.958589999999999520e+01 1.820710000000000051e+01 1.129259999999999986e-01
-9.966160000000000707e+01 1.826770000000000138e+01 9.815100000000000213e-02
-9.951009999999999422e+01 1.834850000000000136e+01 1.084839999999999971e-01
-9.956059999999999377e+01 1.832829999999999870e+01 1.386050000000000060e-01
-9.976260000000000616e+01 1.800509999999999877e+01 1.413480000000000014e-01
-9.953539999999999566e+01 1.828790000000000049e+01 1.714640000000000053e-01
-9.930809999999999604e+01 1.824749999999999872e+01 1.210669999999999941e-01
-9.958589999999999520e+01 1.816669999999999874e+01 1.148070000000000063e-01
-1.003434000000000026e+02 1.836870000000000047e+01 1.181989999999999985e-01
-9.961109999999999332e+01 1.828790000000000049e+01 1.387120000000000020e-01
-9.996460000000000434e+01 1.826770000000000138e+01 8.787799999999999778e-02
-1.004949000000000012e+02 1.804550000000000054e+01 1.480569999999999942e-01
-9.963639999999999475e+01 1.824749999999999872e+01 1.483579999999999899e-01
-9.958589999999999520e+01 1.814649999999999963e+01 1.283960000000000101e-01
-1.002172000000000054e+02 1.808589999999999876e+01 1.179759999999999975e-01
-9.973739999999999384e+01 1.806569999999999965e+01 1.377049999999999941e-01
-9.973739999999999384e+01 1.840909999999999869e+01 8.271499999999999686e-02
-9.951009999999999422e+01 1.848989999999999867e+01 1.429279999999999995e-01
-9.943429999999999325e+01 1.846969999999999956e+01 1.301569999999999949e-01
-9.993940000000000623e+01 1.814649999999999963e+01 1.109180000000000027e-01
-9.958589999999999520e+01 1.840909999999999869e+01 5.569299999999999945e-02
-9.973739999999999384e+01 1.840909999999999869e+01 8.893299999999999816e-02
-9.971210000000000662e+01 1.838889999999999958e+01 7.310500000000000331e-02
-9.953539999999999566e+01 1.828790000000000049e+01 2.905100000000000043e-02
-9.973739999999999384e+01 1.838889999999999958e+01 1.168320000000000053e-01
-9.956059999999999377e+01 1.830809999999999960e+01 9.600999999999999812e-02
-9.981310000000000571e+01 1.766159999999999997e+01 1.389209999999999889e-01
-9.991410000000000480e+01 1.764140000000000086e+01 1.633179999999999910e-01
-9.988890000000000668e+01 1.762120000000000175e+01 2.187749999999999972e-01
-9.973739999999999384e+01 1.822729999999999961e+01 1.059100000000000041e-01
-9.973739999999999384e+01 1.814649999999999963e+01 1.304210000000000091e-01
-9.978789999999999338e+01 1.774239999999999995e+01 1.844079999999999886e-01
-9.968689999999999429e+01 1.784339999999999904e+01 1.272359999999999880e-01
-9.978789999999999338e+01 1.768179999999999907e+01 1.705659999999999954e-01
-9.971210000000000662e+01 1.776259999999999906e+01 1.694150000000000100e-01
-9.976260000000000616e+01 1.814649999999999963e+01 7.003199999999999703e-02
-9.986360000000000525e+01 1.824749999999999872e+01 1.046580000000000010e-01
-9.991410000000000480e+01 1.762120000000000175e+01 1.663709999999999911e-01
-9.958589999999999520e+01 1.836870000000000047e+01 8.194300000000000195e-02
-9.943429999999999325e+01 1.788380000000000081e+01 9.462199999999999778e-02
-9.976260000000000616e+01 1.760099999999999909e+01 1.697319999999999940e-01
-9.956059999999999377e+01 1.840909999999999869e+01 8.399500000000000022e-02
-9.940909999999999513e+01 1.842930000000000135e+01 8.013699999999999990e-02
-9.943429999999999325e+01 1.832829999999999870e+01 7.945099999999999385e-02
-9.945959999999999468e+01 1.844950000000000045e+01 1.665290000000000104e-01
-9.940909999999999513e+01 1.842930000000000135e+01 1.283340000000000036e-01
-9.948480000000000700e+01 1.842930000000000135e+01 6.525100000000000344e-02
-9.998990000000000578e+01 1.816669999999999874e+01 1.040520000000000056e-01
-9.976260000000000616e+01 1.800509999999999877e+01 8.409099999999999908e-02
-9.986360000000000525e+01 1.812630000000000052e+01 6.859200000000000019e-02
-9.981310000000000571e+01 1.824749999999999872e+01 1.386870000000000047e-01
-9.971210000000000662e+01 1.828790000000000049e+01 1.142090000000000050e-01
-9.958589999999999520e+01 1.822729999999999961e+01 1.301440000000000097e-01
-9.963639999999999475e+01 1.814649999999999963e+01 1.364990000000000092e-01
-9.961109999999999332e+01 1.840909999999999869e+01 6.092299999999999799e-02
-9.961109999999999332e+01 1.822729999999999961e+01 1.348830000000000029e-01
-9.935859999999999559e+01 1.816669999999999874e+01 1.547709999999999919e-01
-9.951009999999999422e+01 1.830809999999999960e+01 1.628060000000000063e-01
-9.968689999999999429e+01 1.822729999999999961e+01 6.399900000000000033e-02
-9.938379999999999370e+01 1.812630000000000052e+01 1.307369999999999921e-01
-9.971210000000000662e+01 1.816669999999999874e+01 1.191080000000000055e-01
-9.935859999999999559e+01 1.820710000000000051e+01 1.009030000000000066e-01
-9.930809999999999604e+01 1.822729999999999961e+01 1.547419999999999907e-01
-9.930809999999999604e+01 1.824749999999999872e+01 1.470559999999999923e-01
-9.963639999999999475e+01 1.820710000000000051e+01 1.082909999999999984e-01
-9.978789999999999338e+01 1.828790000000000049e+01 6.579599999999999338e-02
-9.973739999999999384e+01 1.842930000000000135e+01 7.496400000000000285e-02
-9.993940000000000623e+01 1.800509999999999877e+01 4.477300000000000030e-02
-9.963639999999999475e+01 1.824749999999999872e+01 1.530209999999999904e-01
-9.935859999999999559e+01 1.808589999999999876e+01 1.124919999999999948e-01
-9.945959999999999468e+01 1.788380000000000081e+01 8.392099999999999560e-02
-9.961109999999999332e+01 1.816669999999999874e+01 1.354799999999999893e-01
-9.966160000000000707e+01 1.816669999999999874e+01 1.165039999999999965e-01
-9.948480000000000700e+01 1.840909999999999869e+01 6.619700000000000584e-02
-9.956059999999999377e+01 1.822729999999999961e+01 1.529020000000000101e-01
-9.978789999999999338e+01 1.800509999999999877e+01 1.302750000000000019e-01
-9.951009999999999422e+01 1.844950000000000045e+01 8.984200000000000519e-02
-9.925759999999999650e+01 1.812630000000000052e+01 9.955799999999999372e-02
-9.953539999999999566e+01 1.846969999999999956e+01 1.353229999999999988e-01
-9.918179999999999552e+01 1.810610000000000142e+01 1.528960000000000041e-01
-9.943429999999999325e+01 1.844950000000000045e+01 1.522219999999999962e-01
-9.925759999999999650e+01 1.812630000000000052e+01 1.452960000000000085e-01
-9.945959999999999468e+01 1.844950000000000045e+01 1.747829999999999939e-01
-9.930809999999999604e+01 1.834850000000000136e+01 8.598999999999999699e-02
-9.930809999999999604e+01 1.818690000000000140e+01 1.239100000000000062e-01
-9.925759999999999650e+01 1.812630000000000052e+01 1.105830000000000007e-01
-9.930809999999999604e+01 1.818690000000000140e+01 9.240400000000000003e-02
-9.951009999999999422e+01 1.826770000000000138e+01 1.328390000000000126e-01
-9.948480000000000700e+01 1.830809999999999960e+01 1.027389999999999970e-01
-9.925759999999999650e+01 1.834850000000000136e+01 1.228179999999999966e-01
-9.915659999999999741e+01 1.824749999999999872e+01 1.573670000000000069e-01
-9.958589999999999520e+01 1.816669999999999874e+01 1.636380000000000057e-01
-9.923229999999999507e+01 1.812630000000000052e+01 1.843640000000000001e-01
-9.956059999999999377e+01 1.818690000000000140e+01 1.273100000000000065e-01
-9.920709999999999695e+01 1.826770000000000138e+01 8.915900000000000214e-02
-9.928279999999999461e+01 1.814649999999999963e+01 1.575350000000000084e-01
-9.920709999999999695e+01 1.820710000000000051e+01 9.955500000000000460e-02
-9.920709999999999695e+01 1.802530000000000143e+01 4.643599999999999811e-02
-9.968689999999999429e+01 1.814649999999999963e+01 1.209559999999999941e-01
-9.933329999999999416e+01 1.810610000000000142e+01 1.054989999999999956e-01
-9.928279999999999461e+01 1.818690000000000140e+01 1.331880000000000008e-01
-9.971210000000000662e+01 1.814649999999999963e+01 1.651019999999999988e-01
-9.905559999999999832e+01 1.774239999999999995e+01 1.553019999999999956e-01
-9.925759999999999650e+01 1.834850000000000136e+01 1.296559999999999935e-01
-9.991410000000000480e+01 1.846969999999999956e+01 9.650300000000000544e-02
-9.996460000000000434e+01 1.842930000000000135e+01 9.225600000000000467e-02
-9.983839999999999293e+01 1.844950000000000045e+01 8.565100000000000491e-02
-9.968689999999999429e+01 1.820710000000000051e+01 1.224729999999999985e-01
-9.963639999999999475e+01 1.816669999999999874e+01 1.255179999999999907e-01
-9.938379999999999370e+01 1.834850000000000136e+01 1.245030000000000026e-01
-9.966160000000000707e+01 1.816669999999999874e+01 1.561790000000000123e-01
-9.915659999999999741e+01 1.832829999999999870e+01 5.363600000000000312e-02
-9.915659999999999741e+01 1.832829999999999870e+01 1.240829999999999989e-01
-9.971210000000000662e+01 1.840909999999999869e+01 1.234380000000000061e-01
-9.951009999999999422e+01 1.842930000000000135e+01 1.013000000000000012e-01
-1.001414000000000044e+02 1.828790000000000049e+01 1.362539999999999862e-01
-9.971210000000000662e+01 1.832829999999999870e+01 1.177720000000000017e-01
-9.958589999999999520e+01 1.812630000000000052e+01 1.007330000000000031e-01
-9.981310000000000571e+01 1.824749999999999872e+01 1.291499999999999870e-01
-9.986360000000000525e+01 1.830809999999999960e+01 4.640299999999999980e-02
-9.961109999999999332e+01 1.838889999999999958e+01 1.138789999999999941e-01
-9.971210000000000662e+01 1.824749999999999872e+01 1.306460000000000121e-01
-9.968689999999999429e+01 1.824749999999999872e+01 1.470059999999999978e-01
-9.978789999999999338e+01 1.832829999999999870e+01 1.060900000000000037e-01
-9.966160000000000707e+01 1.826770000000000138e+01 7.341499999999999415e-02
-9.963639999999999475e+01 1.818690000000000140e+01 1.891790000000000138e-01
-9.948480000000000700e+01 1.810610000000000142e+01 1.559409999999999963e-01
-9.961109999999999332e+01 1.830809999999999960e+01 9.900200000000000666e-02
-9.978789999999999338e+01 1.828790000000000049e+01 5.048400000000000110e-02
-9.951009999999999422e+01 1.826770000000000138e+01 4.276300000000000240e-02
-9.998990000000000578e+01 1.830809999999999960e+01 1.199780000000000013e-01
-9.973739999999999384e+01 1.802530000000000143e+01 9.119700000000000029e-02
-9.991410000000000480e+01 1.840909999999999869e+01 5.350800000000000001e-02
-9.963639999999999475e+01 1.820710000000000051e+01 1.744010000000000005e-01
-9.976260000000000616e+01 1.800509999999999877e+01 8.785199999999999954e-02
-9.956059999999999377e+01 1.824749999999999872e+01 5.278299999999999659e-02
-9.963639999999999475e+01 1.822729999999999961e+01 1.395490000000000064e-01
-9.978789999999999338e+01 1.800509999999999877e+01 9.524199999999999333e-02
-9.976260000000000616e+01 1.800509999999999877e+01 1.082290000000000058e-01
-9.958589999999999520e+01 1.820710000000000051e+01 1.330999999999999961e-01
-9.930809999999999604e+01 1.812630000000000052e+01 6.070500000000000201e-02
-9.953539999999999566e+01 1.820710000000000051e+01 9.818999999999999950e-02
-9.953539999999999566e+01 1.828790000000000049e+01 1.533470000000000111e-01
-9.928279999999999461e+01 1.810610000000000142e+01 1.446959999999999913e-01
-9.956059999999999377e+01 1.830809999999999960e+01 1.470740000000000103e-01
-9.953539999999999566e+01 1.834850000000000136e+01 8.670400000000000329e-02
-9.961109999999999332e+01 1.820710000000000051e+01 9.695299999999999752e-02
-9.928279999999999461e+01 1.808589999999999876e+01 1.049419999999999936e-01
-9.978789999999999338e+01 1.768179999999999907e+01 1.516049999999999898e-01
-9.918179999999999552e+01 1.796460000000000079e+01 1.503750000000000087e-01
-9.978789999999999338e+01 1.800509999999999877e+01 9.551900000000000668e-02
-9.966160000000000707e+01 1.762120000000000175e+01 1.495060000000000000e-01
-9.951009999999999422e+01 1.814649999999999963e+01 1.088439999999999963e-01
-9.968689999999999429e+01 1.820710000000000051e+01 1.128750000000000031e-01
-9.938379999999999370e+01 1.806569999999999965e+01 1.431779999999999997e-01
-9.930809999999999604e+01 1.802530000000000143e+01 1.074660000000000060e-01
-9.983839999999999293e+01 1.820710000000000051e+01 1.158720000000000028e-01
-9.956059999999999377e+01 1.818690000000000140e+01 1.835600000000000009e-01
-9.935859999999999559e+01 1.812630000000000052e+01 8.953999999999999460e-02
-9.938379999999999370e+01 1.818690000000000140e+01 6.382100000000000273e-02
-9.978789999999999338e+01 1.762120000000000175e+01 2.020139999999999991e-01
-9.956059999999999377e+01 1.820710000000000051e+01 9.788800000000000279e-02
-9.956059999999999377e+01 1.822729999999999961e+01 6.202499999999999680e-02
-9.963639999999999475e+01 1.826770000000000138e+01 1.258980000000000099e-01
-9.996460000000000434e+01 1.818690000000000140e+01 6.565999999999999615e-02
-9.966160000000000707e+01 1.810610000000000142e+01 1.294849999999999890e-01
-9.958589999999999520e+01 1.812630000000000052e+01 1.978789999999999993e-01
-9.986360000000000525e+01 1.774239999999999995e+01 1.765269999999999895e-01
-9.998990000000000578e+01 1.770200000000000173e+01 1.496830000000000105e-01
-9.996460000000000434e+01 1.776259999999999906e+01 1.221330000000000054e-01
-9.933329999999999416e+01 1.812630000000000052e+01 1.338409999999999878e-01
-9.961109999999999332e+01 1.822729999999999961e+01 1.771899999999999864e-01
-9.938379999999999370e+01 1.814649999999999963e+01 1.385149999999999992e-01
-9.963639999999999475e+01 1.816669999999999874e+01 1.549310000000000132e-01
-9.938379999999999370e+01 1.816669999999999874e+01 1.019039999999999946e-01
-9.958589999999999520e+01 1.824749999999999872e+01 9.421200000000000407e-02
-9.978789999999999338e+01 1.820710000000000051e+01 8.907400000000000040e-02
-9.976260000000000616e+01 1.762120000000000175e+01 1.647800000000000098e-01
-9.971210000000000662e+01 1.768179999999999907e+01 1.846619999999999928e-01
-9.976260000000000616e+01 1.832829999999999870e+01 1.199770000000000003e-01
-9.993940000000000623e+01 1.832829999999999870e+01 8.578800000000000314e-02
-1.000909000000000049e+02 1.820710000000000051e+01 8.952000000000000235e-02
-9.973739999999999384e+01 1.772220000000000084e+01 1.298199999999999910e-01
-9.940909999999999513e+01 1.840909999999999869e+01 1.503639999999999977e-01
-9.963639999999999475e+01 1.816669999999999874e+01 1.190429999999999960e-01
-9.973739999999999384e+01 1.802530000000000143e+01 9.967099999999999571e-02
-9.908079999999999643e+01 1.774239999999999995e+01 1.670719999999999983e-01
-9.971210000000000662e+01 1.814649999999999963e+01 1.246970000000000023e-01
-9.978789999999999338e+01 1.768179999999999907e+01 1.619460000000000066e-01
-9.948480000000000700e+01 1.834850000000000136e+01 1.195869999999999989e-01
-9.971210000000000662e+01 1.836870000000000047e+01 1.215119999999999950e-01
-9.961109999999999332e+01 1.826770000000000138e+01 1.562020000000000075e-01
-9.966160000000000707e+01 1.844950000000000045e+01 1.418429999999999969e-01
-9.956059999999999377e+01 1.834850000000000136e+01 7.964899999999999758e-02
-9.961109999999999332e+01 1.830809999999999960e+01 1.064309999999999978e-01
-9.943429999999999325e+01 1.844950000000000045e+01 1.519729999999999970e-01
-9.968689999999999429e+01 1.822729999999999961e+01 1.696149999999999880e-01
-9.968689999999999429e+01 1.838889999999999958e+01 8.129500000000000615e-02
-9.951009999999999422e+01 1.830809999999999960e+01 1.094529999999999947e-01
-9.966160000000000707e+01 1.820710000000000051e+01 5.328700000000000103e-02
-9.943429999999999325e+01 1.844950000000000045e+01 1.005670000000000036e-01
-9.961109999999999332e+01 1.824749999999999872e+01 7.867100000000000481e-02
-9.923229999999999507e+01 1.830809999999999960e+01 1.737489999999999868e-01
-9.908079999999999643e+01 1.822729999999999961e+01 1.552449999999999941e-01
-9.928279999999999461e+01 1.828790000000000049e+01 1.686769999999999936e-01
-9.925759999999999650e+01 1.812630000000000052e+01 1.081259999999999999e-01
-9.913129999999999598e+01 1.832829999999999870e+01 1.292729999999999990e-01
-9.988890000000000668e+01 1.846969999999999956e+01 6.346699999999999564e-02
-9.933329999999999416e+01 1.814649999999999963e+01 1.260610000000000064e-01
-9.923229999999999507e+01 1.812630000000000052e+01 1.699839999999999962e-01
-9.913129999999999598e+01 1.820710000000000051e+01 1.026750000000000024e-01
-9.933329999999999416e+01 1.818690000000000140e+01 1.246310000000000057e-01
-9.953539999999999566e+01 1.846969999999999956e+01 1.107149999999999940e-01
-9.940909999999999513e+01 1.818690000000000140e+01 8.500900000000000123e-02
-9.935859999999999559e+01 1.818690000000000140e+01 1.090109999999999968e-01
-9.951009999999999422e+01 1.830809999999999960e+01 7.673599999999999866e-02
-9.958589999999999520e+01 1.848989999999999867e+01 8.621700000000000197e-02
-9.953539999999999566e+01 1.844950000000000045e+01 8.887200000000000655e-02
-9.996460000000000434e+01 1.838889999999999958e+01 1.212150000000000033e-01
-9.961109999999999332e+01 1.846969999999999956e+01 9.095899999999999819e-02
-9.973739999999999384e+01 1.840909999999999869e+01 1.287179999999999991e-01
-9.956059999999999377e+01 1.836870000000000047e+01 6.780600000000000516e-02
-9.973739999999999384e+01 1.848989999999999867e+01 1.101160000000000055e-01
-9.978789999999999338e+01 1.851010000000000133e+01 5.786199999999999677e-02
-9.953539999999999566e+01 1.830809999999999960e+01 1.410129999999999995e-01
-9.971210000000000662e+01 1.838889999999999958e+01 1.279879999999999907e-01
-9.961109999999999332e+01 1.824749999999999872e+01 1.258740000000000137e-01
-9.918179999999999552e+01 1.832829999999999870e+01 1.835849999999999982e-01
-9.910609999999999786e+01 1.824749999999999872e+01 8.478800000000000225e-02
-9.953539999999999566e+01 1.826770000000000138e+01 7.408800000000000108e-02
-9.951009999999999422e+01 1.810610000000000142e+01 1.641900000000000026e-01
-9.966160000000000707e+01 1.826770000000000138e+01 1.296480000000000132e-01
-9.971210000000000662e+01 1.826770000000000138e+01 1.334809999999999885e-01
-9.968689999999999429e+01 1.832829999999999870e+01 1.007070000000000048e-01
-9.973739999999999384e+01 1.820710000000000051e+01 1.519880000000000120e-01
-9.951009999999999422e+01 1.826770000000000138e+01 1.286770000000000136e-01
-9.971210000000000662e+01 1.838889999999999958e+01 8.294200000000000184e-02
-9.956059999999999377e+01 1.812630000000000052e+01 1.359670000000000045e-01
-9.951009999999999422e+01 1.826770000000000138e+01 9.775100000000000455e-02
-9.958589999999999520e+01 1.840909999999999869e+01 1.008040000000000047e-01
-9.951009999999999422e+01 1.810610000000000142e+01 1.522610000000000074e-01
-1.001919000000000040e+02 1.848989999999999867e+01 1.069019999999999970e-01
-9.976260000000000616e+01 1.836870000000000047e+01 9.460799999999999765e-02
-9.978789999999999338e+01 1.798479999999999990e+01 1.041409999999999975e-01
-9.943429999999999325e+01 1.844950000000000045e+01 1.159339999999999954e-01
-9.976260000000000616e+01 1.840909999999999869e+01 1.422400000000000053e-01
-9.976260000000000616e+01 1.800509999999999877e+01 1.519389999999999907e-01
-9.951009999999999422e+01 1.814649999999999963e+01 9.281699999999999673e-02
-9.971210000000000662e+01 1.802530000000000143e+01 9.381399999999999462e-02
-9.988890000000000668e+01 1.780300000000000082e+01 9.979599999999999582e-02
-9.963639999999999475e+01 1.812630000000000052e+01 1.312939999999999940e-01
-9.956059999999999377e+01 1.822729999999999961e+01 6.826000000000000123e-02
-9.973739999999999384e+01 1.808589999999999876e+01 1.407990000000000075e-01
-9.935859999999999559e+01 1.804550000000000054e+01 8.529200000000000670e-02
-9.933329999999999416e+01 1.816669999999999874e+01 1.423449999999999993e-01
-9.958589999999999520e+01 1.816669999999999874e+01 1.543680000000000052e-01
-9.938379999999999370e+01 1.816669999999999874e+01 8.581400000000000139e-02
-9.961109999999999332e+01 1.816669999999999874e+01 1.608030000000000015e-01
-9.956059999999999377e+01 1.826770000000000138e+01 1.083510000000000029e-01
-9.928279999999999461e+01 1.808589999999999876e+01 1.810309999999999975e-01
-9.928279999999999461e+01 1.806569999999999965e+01 1.739469999999999905e-01
-9.953539999999999566e+01 1.820710000000000051e+01 1.092579999999999940e-01
-9.938379999999999370e+01 1.806569999999999965e+01 1.207420000000000021e-01
-9.943429999999999325e+01 1.814649999999999963e+01 1.189079999999999998e-01
-9.956059999999999377e+01 1.834850000000000136e+01 1.187420000000000003e-01
-9.923229999999999507e+01 1.816669999999999874e+01 1.498089999999999977e-01
-9.933329999999999416e+01 1.824749999999999872e+01 7.971999999999999920e-02
-9.933329999999999416e+01 1.824749999999999872e+01 1.614240000000000119e-01
-9.951009999999999422e+01 1.830809999999999960e+01 1.166159999999999974e-01
-9.935859999999999559e+01 1.810610000000000142e+01 1.752370000000000039e-01
-9.956059999999999377e+01 1.816669999999999874e+01 1.630810000000000037e-01
-9.935859999999999559e+01 1.822729999999999961e+01 1.471580000000000110e-01
-9.958589999999999520e+01 1.840909999999999869e+01 1.094510000000000066e-01
-9.943429999999999325e+01 1.842930000000000135e+01 1.108210000000000028e-01
-9.918179999999999552e+01 1.836870000000000047e+01 1.058130000000000043e-01
-9.961109999999999332e+01 1.838889999999999958e+01 8.425599999999999756e-02
-9.940909999999999513e+01 1.824749999999999872e+01 1.260050000000000059e-01
-9.935859999999999559e+01 1.824749999999999872e+01 1.504840000000000066e-01
-9.938379999999999370e+01 1.842930000000000135e+01 8.793199999999999628e-02
-9.968689999999999429e+01 1.798479999999999990e+01 1.393050000000000122e-01
-9.963639999999999475e+01 1.842930000000000135e+01 1.392889999999999961e-01
-9.976260000000000616e+01 1.838889999999999958e+01 7.666299999999999504e-02
-9.968689999999999429e+01 1.820710000000000051e+01 1.814459999999999962e-01
-9.966160000000000707e+01 1.824749999999999872e+01 8.863100000000000145e-02
-9.943429999999999325e+01 1.834850000000000136e+01 8.833399999999999586e-02
-9.991410000000000480e+01 1.846969999999999956e+01 9.911699999999999677e-02
-9.961109999999999332e+01 1.814649999999999963e+01 9.095000000000000653e-03
-9.953539999999999566e+01 1.846969999999999956e+01 9.567499999999999616e-02
-9.956059999999999377e+01 1.848989999999999867e+01 1.068329999999999974e-01
-9.940909999999999513e+01 1.844950000000000045e+01 1.338699999999999890e-01
-9.958589999999999520e+01 1.838889999999999958e+01 1.259180000000000021e-01
-9.966160000000000707e+01 1.844950000000000045e+01 1.376219999999999943e-01
-9.958589999999999520e+01 1.840909999999999869e+01 1.484189999999999954e-01
-9.951009999999999422e+01 1.836870000000000047e+01 5.713100000000000123e-02
-9.956059999999999377e+01 1.832829999999999870e+01 8.108500000000000429e-02
-9.983839999999999293e+01 1.842930000000000135e+01 8.901599999999999790e-02
-9.945959999999999468e+01 1.844950000000000045e+01 1.249389999999999945e-01
-9.968689999999999429e+01 1.838889999999999958e+01 1.208150000000000057e-01
-9.991410000000000480e+01 1.830809999999999960e+01 1.140889999999999960e-01
-1.000151999999999930e+02 1.830809999999999960e+01 1.357980000000000020e-01
-9.986360000000000525e+01 1.846969999999999956e+01 5.251299999999999718e-02
-9.940909999999999513e+01 1.818690000000000140e+01 1.098859999999999976e-01
-9.978789999999999338e+01 1.826770000000000138e+01 1.272379999999999900e-01
-9.981310000000000571e+01 1.822729999999999961e+01 6.167500000000000066e-02
-9.966160000000000707e+01 1.826770000000000138e+01 1.414269999999999972e-01
-9.956059999999999377e+01 1.822729999999999961e+01 8.911499999999999977e-02
-9.963639999999999475e+01 1.824749999999999872e+01 8.612799999999999623e-02
-9.956059999999999377e+01 1.828790000000000049e+01 5.637099999999999750e-02
-9.966160000000000707e+01 1.816669999999999874e+01 1.329180000000000084e-01
-9.966160000000000707e+01 1.812630000000000052e+01 9.609600000000000086e-02
-9.948480000000000700e+01 1.812630000000000052e+01 8.014899999999999802e-02
-9.986360000000000525e+01 1.830809999999999960e+01 1.209459999999999980e-01
-9.981310000000000571e+01 1.826770000000000138e+01 9.694800000000000639e-02
-9.988890000000000668e+01 1.836870000000000047e+01 8.058700000000000585e-02
-9.988890000000000668e+01 1.834850000000000136e+01 8.651999999999999968e-02
-9.988890000000000668e+01 1.836870000000000047e+01 6.493599999999999373e-02
-9.940909999999999513e+01 1.828790000000000049e+01 1.080399999999999971e-01
-9.978789999999999338e+01 1.840909999999999869e+01 1.055760000000000032e-01
-9.928279999999999461e+01 1.836870000000000047e+01 1.220220000000000055e-01
-9.938379999999999370e+01 1.840909999999999869e+01 9.883799999999999530e-02
-9.953539999999999566e+01 1.816669999999999874e+01 9.582899999999999752e-02
-9.951009999999999422e+01 1.838889999999999958e+01 1.361259999999999970e-01
-9.923229999999999507e+01 1.822729999999999961e+01 1.097820000000000046e-01
-9.918179999999999552e+01 1.834850000000000136e+01 8.144500000000000350e-02
-9.933329999999999416e+01 1.832829999999999870e+01 1.374039999999999984e-01
-9.925759999999999650e+01 1.834850000000000136e+01 1.450829999999999897e-01
-9.928279999999999461e+01 1.818690000000000140e+01 1.045009999999999967e-01
-9.953539999999999566e+01 1.836870000000000047e+01 5.981100000000000305e-02
-9.908079999999999643e+01 1.828790000000000049e+01 1.765889999999999960e-01
-9.940909999999999513e+01 1.828790000000000049e+01 5.240899999999999725e-02
-9.933329999999999416e+01 1.818690000000000140e+01 1.575129999999999864e-01
-9.935859999999999559e+01 1.812630000000000052e+01 1.913970000000000116e-01
-9.956059999999999377e+01 1.814649999999999963e+01 9.722699999999999398e-02
-9.930809999999999604e+01 1.808589999999999876e+01 1.494429999999999925e-01
-9.920709999999999695e+01 1.820710000000000051e+01 1.235750000000000043e-01
-9.956059999999999377e+01 1.836870000000000047e+01 1.051519999999999955e-01
-9.973739999999999384e+01 1.844950000000000045e+01 7.627200000000000646e-02
-9.928279999999999461e+01 1.814649999999999963e+01 1.881329999999999947e-01
-9.953539999999999566e+01 1.832829999999999870e+01 1.271589999999999943e-01
-9.940909999999999513e+01 1.818690000000000140e+01 1.645429999999999948e-01
-9.956059999999999377e+01 1.820710000000000051e+01 7.098999999999999755e-02
-9.951009999999999422e+01 1.842930000000000135e+01 6.120500000000000246e-02
-9.958589999999999520e+01 1.834850000000000136e+01 7.847300000000000109e-02
-9.920709999999999695e+01 1.826770000000000138e+01 1.079249999999999932e-01
-9.933329999999999416e+01 1.822729999999999961e+01 1.587439999999999962e-01
-9.963639999999999475e+01 1.828790000000000049e+01 1.225580000000000003e-01
-9.966160000000000707e+01 1.814649999999999963e+01 1.770750000000000102e-01
-9.981310000000000571e+01 1.798479999999999990e+01 1.069470000000000004e-01
-9.951009999999999422e+01 1.818690000000000140e+01 6.222500000000000253e-02
-9.966160000000000707e+01 1.806569999999999965e+01 6.072700000000000320e-02
-9.963639999999999475e+01 1.810610000000000142e+01 1.225920000000000065e-01
-9.908079999999999643e+01 1.820710000000000051e+01 1.749419999999999864e-01
-9.966160000000000707e+01 1.812630000000000052e+01 1.552070000000000116e-01
-9.988890000000000668e+01 1.824749999999999872e+01 1.272729999999999972e-01
-9.956059999999999377e+01 1.844950000000000045e+01 1.168840000000000018e-01
-9.956059999999999377e+01 1.826770000000000138e+01 1.171790000000000054e-01
-9.953539999999999566e+01 1.840909999999999869e+01 1.215279999999999971e-01
-9.938379999999999370e+01 1.818690000000000140e+01 1.567189999999999972e-01
-9.973739999999999384e+01 1.814649999999999963e+01 9.541299999999999781e-02
-9.938379999999999370e+01 1.808589999999999876e+01 1.216320000000000040e-01
-9.978789999999999338e+01 1.798479999999999990e+01 8.567099999999999715e-02
