-9.956059999999999377e+01 1.846969999999999956e+01 3.114709999999999979e-01
-9.938379999999999370e+01 1.842930000000000135e+01 2.479200000000000015e-01
-9.943429999999999325e+01 1.844950000000000045e+01 1.920979999999999910e-01
-9.935859999999999559e+01 1.830809999999999960e+01 3.087090000000000112e-01
-9.913129999999999598e+01 1.832829999999999870e+01 3.037850000000000272e-01
-9.918179999999999552e+01 1.836870000000000047e+01 2.596100000000000074e-01
-9.910609999999999786e+01 1.820710000000000051e+01 1.712990000000000068e-01
-9.918179999999999552e+01 1.820710000000000051e+01 2.503059999999999730e-01
-9.958589999999999520e+01 1.818690000000000140e+01 2.338060000000000138e-01
-9.956059999999999377e+01 1.842930000000000135e+01 2.219190000000000051e-01
-9.956059999999999377e+01 1.826770000000000138e+01 2.599750000000000116e-01
-9.963639999999999475e+01 1.842930000000000135e+01 1.711020000000000041e-01
-9.961109999999999332e+01 1.830809999999999960e+01 1.224829999999999947e-01
-9.961109999999999332e+01 1.834850000000000136e+01 1.442150000000000098e-01
-9.976260000000000616e+01 1.838889999999999958e+01 2.144749999999999990e-01
-9.920709999999999695e+01 1.820710000000000051e+01 2.507460000000000244e-01
-9.915659999999999741e+01 1.826770000000000138e+01 1.613890000000000047e-01
-9.910609999999999786e+01 1.830809999999999960e+01 2.106560000000000099e-01
-9.915659999999999741e+01 1.832829999999999870e+01 2.202810000000000046e-01
-9.925759999999999650e+01 1.826770000000000138e+01 3.250439999999999996e-01
-9.930809999999999604e+01 1.818690000000000140e+01 3.062010000000000010e-01
-9.923229999999999507e+01 1.798479999999999990e+01 2.999189999999999912e-01
-9.930809999999999604e+01 1.824749999999999872e+01 2.853780000000000205e-01
-9.925759999999999650e+01 1.806569999999999965e+01 2.417030000000000012e-01
-9.925759999999999650e+01 1.816669999999999874e+01 3.286709999999999909e-01
-9.930809999999999604e+01 1.820710000000000051e+01 3.089020000000000099e-01
-9.935859999999999559e+01 1.818690000000000140e+01 1.855100000000000082e-01
-9.951009999999999422e+01 1.832829999999999870e+01 2.578259999999999996e-01
-9.935859999999999559e+01 1.818690000000000140e+01 2.684549999999999992e-01
-9.951009999999999422e+01 1.828790000000000049e+01 2.542650000000000188e-01
-9.925759999999999650e+01 1.812630000000000052e+01 2.341149999999999898e-01
-9.956059999999999377e+01 1.816669999999999874e+01 3.216539999999999955e-01
-9.953539999999999566e+01 1.846969999999999956e+01 2.815110000000000112e-01
-9.920709999999999695e+01 1.824749999999999872e+01 1.886770000000000114e-01
-9.925759999999999650e+01 1.800509999999999877e+01 2.018469999999999986e-01
-9.928279999999999461e+01 1.806569999999999965e+01 2.650839999999999863e-01
-9.933329999999999416e+01 1.816669999999999874e+01 1.286519999999999886e-01
-9.935859999999999559e+01 1.820710000000000051e+01 2.895599999999999841e-01
-9.928279999999999461e+01 1.814649999999999963e+01 1.778500000000000081e-01
-9.925759999999999650e+01 1.812630000000000052e+01 2.014920000000000044e-01
-9.910609999999999786e+01 1.828790000000000049e+01 2.944519999999999915e-01
-9.913129999999999598e+01 1.832829999999999870e+01 1.526190000000000047e-01
-9.958589999999999520e+01 1.800509999999999877e+01 2.360190000000000066e-01
-9.930809999999999604e+01 1.812630000000000052e+01 2.638070000000000137e-01
-9.938379999999999370e+01 1.816669999999999874e+01 2.819809999999999817e-01
-9.935859999999999559e+01 1.804550000000000054e+01 2.211980000000000057e-01
-9.930809999999999604e+01 1.804550000000000054e+01 2.477739999999999942e-01
-9.928279999999999461e+01 1.804550000000000054e+01 2.048780000000000046e-01
-9.961109999999999332e+01 1.808589999999999876e+01 2.587189999999999768e-01
-9.920709999999999695e+01 1.824749999999999872e+01 2.625779999999999781e-01
-9.933329999999999416e+01 1.810610000000000142e+01 1.719340000000000035e-01
-9.918179999999999552e+01 1.820710000000000051e+01 2.374020000000000019e-01
-9.940909999999999513e+01 1.804550000000000054e+01 2.142729999999999912e-01
-9.948480000000000700e+01 1.824749999999999872e+01 1.639529999999999876e-01
-9.925759999999999650e+01 1.812630000000000052e+01 1.221819999999999989e-01
-9.993940000000000623e+01 1.842930000000000135e+01 1.634309999999999929e-01
-9.968689999999999429e+01 1.842930000000000135e+01 6.534900000000000431e-02
-9.966160000000000707e+01 1.832829999999999870e+01 1.435740000000000072e-01
-1.005455000000000041e+02 1.758079999999999998e+01 1.810360000000000025e-01
-9.963639999999999475e+01 1.828790000000000049e+01 2.165009999999999990e-01
-9.958589999999999520e+01 1.828790000000000049e+01 1.184319999999999956e-01
-1.001162000000000063e+02 1.822729999999999961e+01 1.092179999999999956e-01
-9.961109999999999332e+01 1.822729999999999961e+01 2.577550000000000119e-01
-9.998990000000000578e+01 1.863129999999999953e+01 1.936100000000000043e-01
-9.953539999999999566e+01 1.836870000000000047e+01 1.099549999999999972e-01
-9.956059999999999377e+01 1.830809999999999960e+01 1.312959999999999960e-01
-9.986360000000000525e+01 1.820710000000000051e+01 2.578269999999999729e-01
-9.958589999999999520e+01 1.814649999999999963e+01 2.086159999999999959e-01
-9.958589999999999520e+01 1.816669999999999874e+01 1.979720000000000091e-01
-9.996460000000000434e+01 1.834850000000000136e+01 1.801899999999999891e-01
-9.978789999999999338e+01 1.820710000000000051e+01 2.081490000000000007e-01
-9.968689999999999429e+01 1.820710000000000051e+01 2.501550000000000162e-01
-9.966160000000000707e+01 1.826770000000000138e+01 2.146349999999999925e-01
-9.956059999999999377e+01 1.824749999999999872e+01 2.231589999999999963e-01
-9.940909999999999513e+01 1.816669999999999874e+01 1.690669999999999951e-01
-9.976260000000000616e+01 1.800509999999999877e+01 1.634220000000000117e-01
-9.973739999999999384e+01 1.822729999999999961e+01 2.124999999999999944e-01
-9.968689999999999429e+01 1.822729999999999961e+01 1.898229999999999917e-01
-9.973739999999999384e+01 1.838889999999999958e+01 2.413659999999999972e-01
-9.971210000000000662e+01 1.838889999999999958e+01 1.493730000000000058e-01
-9.935859999999999559e+01 1.818690000000000140e+01 1.613080000000000069e-01
-9.943429999999999325e+01 1.816669999999999874e+01 2.026729999999999920e-01
-9.940909999999999513e+01 1.816669999999999874e+01 2.910909999999999886e-01
-9.958589999999999520e+01 1.826770000000000138e+01 2.023079999999999878e-01
-9.973739999999999384e+01 1.814649999999999963e+01 2.655190000000000050e-01
-9.956059999999999377e+01 1.842930000000000135e+01 1.938640000000000085e-01
-9.938379999999999370e+01 1.808589999999999876e+01 2.952000000000000179e-01
-9.951009999999999422e+01 1.820710000000000051e+01 1.851990000000000025e-01
-9.966160000000000707e+01 1.818690000000000140e+01 1.834600000000000120e-01
-9.930809999999999604e+01 1.812630000000000052e+01 2.628110000000000168e-01
-9.956059999999999377e+01 1.826770000000000138e+01 2.238370000000000082e-01
-9.961109999999999332e+01 1.820710000000000051e+01 2.625879999999999881e-01
-9.958589999999999520e+01 1.824749999999999872e+01 3.181919999999999749e-01
-9.930809999999999604e+01 1.808589999999999876e+01 2.882250000000000090e-01
-9.966160000000000707e+01 1.810610000000000142e+01 1.478349999999999942e-01
-9.938379999999999370e+01 1.808589999999999876e+01 1.746749999999999969e-01
-9.958589999999999520e+01 1.814649999999999963e+01 2.184329999999999883e-01
-9.986360000000000525e+01 1.846969999999999956e+01 4.471300000000000274e-02
-9.971210000000000662e+01 1.808589999999999876e+01 1.542820000000000025e-01
-9.928279999999999461e+01 1.822729999999999961e+01 2.470150000000000123e-01
-9.933329999999999416e+01 1.822729999999999961e+01 2.372950000000000059e-01
-9.973739999999999384e+01 1.848989999999999867e+01 1.991600000000000037e-01
-9.948480000000000700e+01 1.826770000000000138e+01 3.246450000000000169e-01
-9.938379999999999370e+01 1.810610000000000142e+01 2.909030000000000227e-01
-9.938379999999999370e+01 1.816669999999999874e+01 3.490099999999999869e-01
-9.933329999999999416e+01 1.818690000000000140e+01 3.041539999999999799e-01
-9.925759999999999650e+01 1.826770000000000138e+01 2.660399999999999987e-01
-9.930809999999999604e+01 1.824749999999999872e+01 2.161659999999999970e-01
-9.963639999999999475e+01 1.826770000000000138e+01 3.093350000000000266e-01
-9.925759999999999650e+01 1.826770000000000138e+01 2.518099999999999783e-01
-9.913129999999999598e+01 1.830809999999999960e+01 2.313109999999999888e-01
-9.958589999999999520e+01 1.818690000000000140e+01 1.968550000000000022e-01
-9.966160000000000707e+01 1.812630000000000052e+01 3.193130000000000135e-01
-9.913129999999999598e+01 1.832829999999999870e+01 1.292810000000000070e-01
-9.986360000000000525e+01 1.826770000000000138e+01 1.826810000000000100e-01
-9.953539999999999566e+01 1.834850000000000136e+01 2.075039999999999940e-01
-9.910609999999999786e+01 1.824749999999999872e+01 1.798869999999999914e-01
-9.953539999999999566e+01 1.842930000000000135e+01 2.158629999999999993e-01
-9.928279999999999461e+01 1.818690000000000140e+01 2.963310000000000111e-01
-9.938379999999999370e+01 1.840909999999999869e+01 1.719120000000000092e-01
-9.976260000000000616e+01 1.848989999999999867e+01 1.980969999999999953e-01
-9.971210000000000662e+01 1.770200000000000173e+01 1.776010000000000089e-01
-9.986360000000000525e+01 1.770200000000000173e+01 1.330429999999999946e-01
-9.983839999999999293e+01 1.798479999999999990e+01 1.539359999999999895e-01
-9.966160000000000707e+01 1.836870000000000047e+01 2.421099999999999919e-01
-9.943429999999999325e+01 1.808589999999999876e+01 2.463329999999999964e-01
-9.951009999999999422e+01 1.826770000000000138e+01 1.681559999999999999e-01
-9.961109999999999332e+01 1.822729999999999961e+01 1.447740000000000138e-01
-9.963639999999999475e+01 1.826770000000000138e+01 1.920830000000000037e-01
-9.976260000000000616e+01 1.754040000000000177e+01 1.878599999999999992e-01
-9.968689999999999429e+01 1.816669999999999874e+01 2.042660000000000031e-01
-9.983839999999999293e+01 1.782319999999999993e+01 1.221529999999999977e-01
-9.961109999999999332e+01 1.768179999999999907e+01 1.439549999999999996e-01
-9.925759999999999650e+01 1.812630000000000052e+01 1.427740000000000120e-01
-9.971210000000000662e+01 1.764140000000000086e+01 2.387519999999999920e-01
-9.966160000000000707e+01 1.768179999999999907e+01 1.936470000000000136e-01
-9.983839999999999293e+01 1.830809999999999960e+01 2.119240000000000013e-01
-1.000151999999999930e+02 1.834850000000000136e+01 1.254429999999999990e-01
-9.998990000000000578e+01 1.830809999999999960e+01 1.979549999999999921e-01
-9.978789999999999338e+01 1.826770000000000138e+01 1.652500000000000080e-01
-9.920709999999999695e+01 1.820710000000000051e+01 2.105799999999999894e-01
-9.981310000000000571e+01 1.846969999999999956e+01 1.368199999999999972e-01
-9.948480000000000700e+01 1.846969999999999956e+01 2.260270000000000057e-01
-9.976260000000000616e+01 1.848989999999999867e+01 1.105730000000000046e-01
-9.973739999999999384e+01 1.824749999999999872e+01 1.792630000000000057e-01
-9.973739999999999384e+01 1.822729999999999961e+01 2.433400000000000007e-01
-9.986360000000000525e+01 1.844950000000000045e+01 1.297139999999999960e-01
-9.983839999999999293e+01 1.846969999999999956e+01 5.072100000000000219e-02
-1.000151999999999930e+02 1.836870000000000047e+01 2.045770000000000088e-01
-9.920709999999999695e+01 1.832829999999999870e+01 1.064459999999999990e-01
-9.910609999999999786e+01 1.826770000000000138e+01 1.611609999999999987e-01
-9.996460000000000434e+01 1.832829999999999870e+01 7.903899999999999815e-02
-9.945959999999999468e+01 1.824749999999999872e+01 1.862949999999999884e-01
-9.971210000000000662e+01 1.842930000000000135e+01 2.403810000000000113e-01
-9.956059999999999377e+01 1.836870000000000047e+01 1.464300000000000046e-01
-9.961109999999999332e+01 1.844950000000000045e+01 1.848470000000000113e-01
-9.953539999999999566e+01 1.842930000000000135e+01 1.362819999999999865e-01
-9.948480000000000700e+01 1.816669999999999874e+01 2.058169999999999999e-01
-9.983839999999999293e+01 1.844950000000000045e+01 2.609099999999999753e-01
-1.000151999999999930e+02 1.851010000000000133e+01 2.810940000000000105e-01
-9.981310000000000571e+01 1.822729999999999961e+01 1.567389999999999894e-01
-9.976260000000000616e+01 1.760099999999999909e+01 2.397839999999999971e-01
-9.923229999999999507e+01 1.830809999999999960e+01 3.690629999999999744e-01
-1.000657000000000068e+02 1.840909999999999869e+01 9.969799999999999496e-02
-1.001919000000000040e+02 1.838889999999999958e+01 2.823760000000000159e-01
-1.000909000000000049e+02 1.812630000000000052e+01 2.244939999999999991e-01
-1.004192000000000036e+02 1.838889999999999958e+01 2.095480000000000120e-01
-9.973739999999999384e+01 1.824749999999999872e+01 1.034280000000000060e-01
-1.001919000000000040e+02 1.834850000000000136e+01 9.142400000000000526e-02
-9.948480000000000700e+01 1.844950000000000045e+01 2.767399999999999860e-01
-9.940909999999999513e+01 1.820710000000000051e+01 2.058599999999999874e-01
-9.963639999999999475e+01 1.812630000000000052e+01 1.481599999999999862e-01
-1.000151999999999930e+02 1.830809999999999960e+01 1.474830000000000030e-01
-9.993940000000000623e+01 1.822729999999999961e+01 3.307800000000000323e-02
-9.996460000000000434e+01 1.840909999999999869e+01 7.922099999999999975e-02
-9.923229999999999507e+01 1.806569999999999965e+01 2.221690000000000054e-01
-9.963639999999999475e+01 1.836870000000000047e+01 2.447409999999999863e-01
-9.958589999999999520e+01 1.816669999999999874e+01 1.889170000000000016e-01
-9.971210000000000662e+01 1.830809999999999960e+01 1.219300000000000071e-02
-9.940909999999999513e+01 1.842930000000000135e+01 1.787320000000000020e-01
-9.953539999999999566e+01 1.838889999999999958e+01 2.218219999999999914e-01
-9.953539999999999566e+01 1.842930000000000135e+01 2.221650000000000014e-01
-9.890399999999999636e+01 1.766159999999999997e+01 2.264200000000000101e-01
-9.948480000000000700e+01 1.812630000000000052e+01 2.224849999999999883e-01
-9.938379999999999370e+01 1.840909999999999869e+01 2.763209999999999833e-01
-9.998990000000000578e+01 1.834850000000000136e+01 1.980149999999999966e-01
-9.953539999999999566e+01 1.832829999999999870e+01 2.021890000000000076e-01
-9.953539999999999566e+01 1.836870000000000047e+01 1.944180000000000075e-01
-9.951009999999999422e+01 1.844950000000000045e+01 2.476230000000000098e-01
-9.948480000000000700e+01 1.844950000000000045e+01 2.496490000000000098e-01
-9.913129999999999598e+01 1.832829999999999870e+01 1.777070000000000038e-01
-9.913129999999999598e+01 1.832829999999999870e+01 1.851260000000000128e-01
-9.940909999999999513e+01 1.828790000000000049e+01 1.747559999999999947e-01
-9.971210000000000662e+01 1.836870000000000047e+01 6.618000000000000271e-02
-9.953539999999999566e+01 1.842930000000000135e+01 1.917699999999999960e-01
-9.953539999999999566e+01 1.838889999999999958e+01 2.539569999999999883e-01
-9.991410000000000480e+01 1.836870000000000047e+01 1.647329999999999905e-01
-9.923229999999999507e+01 1.832829999999999870e+01 2.089920000000000111e-01
-9.928279999999999461e+01 1.814649999999999963e+01 2.877160000000000273e-01
-9.910609999999999786e+01 1.830809999999999960e+01 2.460249999999999937e-01
-9.928279999999999461e+01 1.814649999999999963e+01 2.850010000000000043e-01
-9.908079999999999643e+01 1.830809999999999960e+01 2.067620000000000013e-01
-9.948480000000000700e+01 1.832829999999999870e+01 2.668829999999999814e-01
-9.920709999999999695e+01 1.826770000000000138e+01 1.607389999999999930e-01
-9.928279999999999461e+01 1.828790000000000049e+01 2.457999999999999907e-01
-9.930809999999999604e+01 1.828790000000000049e+01 2.661310000000000064e-01
-9.953539999999999566e+01 1.818690000000000140e+01 2.578380000000000116e-01
-9.920709999999999695e+01 1.824749999999999872e+01 2.755409999999999804e-01
-9.905559999999999832e+01 1.802530000000000143e+01 1.158620000000000066e-01
-9.930809999999999604e+01 1.818690000000000140e+01 1.708729999999999971e-01
-9.920709999999999695e+01 1.816669999999999874e+01 2.232349999999999890e-01
-9.923229999999999507e+01 1.832829999999999870e+01 1.682120000000000004e-01
-9.930809999999999604e+01 1.808589999999999876e+01 1.778440000000000021e-01
-9.920709999999999695e+01 1.820710000000000051e+01 1.800710000000000088e-01
-9.913129999999999598e+01 1.830809999999999960e+01 2.529379999999999962e-01
-9.948480000000000700e+01 1.830809999999999960e+01 1.549389999999999934e-01
-9.956059999999999377e+01 1.820710000000000051e+01 1.771699999999999942e-01
-9.933329999999999416e+01 1.820710000000000051e+01 2.364850000000000008e-01
-9.925759999999999650e+01 1.818690000000000140e+01 2.340000000000000135e-01
-9.956059999999999377e+01 1.826770000000000138e+01 1.535950000000000093e-01
-9.887879999999999825e+01 1.812630000000000052e+01 1.420150000000000023e-01
-9.938379999999999370e+01 1.816669999999999874e+01 1.845400000000000096e-01
-9.933329999999999416e+01 1.816669999999999874e+01 2.439520000000000022e-01
-9.928279999999999461e+01 1.816669999999999874e+01 3.230040000000000133e-01
-9.933329999999999416e+01 1.818690000000000140e+01 1.852779999999999982e-01
-9.958589999999999520e+01 1.820710000000000051e+01 3.388539999999999885e-01
-9.910609999999999786e+01 1.824749999999999872e+01 1.786329999999999862e-01
-9.920709999999999695e+01 1.820710000000000051e+01 2.251489999999999880e-01
-9.971210000000000662e+01 1.814649999999999963e+01 1.153750000000000053e-01
-9.951009999999999422e+01 1.840909999999999869e+01 1.759239999999999970e-01
-9.958589999999999520e+01 1.840909999999999869e+01 1.059719999999999968e-01
-9.956059999999999377e+01 1.838889999999999958e+01 4.374600000000000016e-02
-9.951009999999999422e+01 1.836870000000000047e+01 2.196710000000000051e-01
-9.958589999999999520e+01 1.836870000000000047e+01 1.116230000000000000e-01
-9.973739999999999384e+01 1.844950000000000045e+01 1.533279999999999921e-01
-9.956059999999999377e+01 1.840909999999999869e+01 1.355989999999999973e-01
-9.958589999999999520e+01 1.820710000000000051e+01 1.928920000000000079e-01
-9.956059999999999377e+01 1.824749999999999872e+01 2.029680000000000095e-01
-9.961109999999999332e+01 1.838889999999999958e+01 2.209409999999999985e-01
-9.961109999999999332e+01 1.818690000000000140e+01 2.328999999999999959e-01
-9.958589999999999520e+01 1.826770000000000138e+01 2.841710000000000069e-01
-9.948480000000000700e+01 1.836870000000000047e+01 1.042079999999999951e-01
-9.956059999999999377e+01 1.838889999999999958e+01 2.285169999999999979e-01
-9.956059999999999377e+01 1.822729999999999961e+01 1.440730000000000066e-01
-9.958589999999999520e+01 1.834850000000000136e+01 1.882290000000000074e-01
-9.963639999999999475e+01 1.816669999999999874e+01 1.306460000000000121e-01
-9.956059999999999377e+01 1.840909999999999869e+01 1.005009999999999931e-01
-9.983839999999999293e+01 1.824749999999999872e+01 1.979249999999999898e-01
-9.966160000000000707e+01 1.802530000000000143e+01 1.967079999999999940e-01
-9.966160000000000707e+01 1.814649999999999963e+01 2.824510000000000076e-01
-9.961109999999999332e+01 1.802530000000000143e+01 2.267790000000000084e-01
-9.973739999999999384e+01 1.820710000000000051e+01 1.785660000000000025e-01
-9.958589999999999520e+01 1.826770000000000138e+01 2.268340000000000078e-01
-9.961109999999999332e+01 1.810610000000000142e+01 2.657309999999999950e-01
-9.966160000000000707e+01 1.812630000000000052e+01 2.536630000000000273e-01
-9.963639999999999475e+01 1.808589999999999876e+01 2.723349999999999937e-01
-9.973739999999999384e+01 1.818690000000000140e+01 2.710069999999999979e-01
-9.968689999999999429e+01 1.832829999999999870e+01 1.254969999999999974e-01
-9.966160000000000707e+01 1.826770000000000138e+01 8.397899999999999809e-02
-9.966160000000000707e+01 1.822729999999999961e+01 2.324259999999999937e-01
-9.976260000000000616e+01 1.842930000000000135e+01 1.275179999999999925e-01
-9.973739999999999384e+01 1.842930000000000135e+01 1.787229999999999930e-01
-9.940909999999999513e+01 1.840909999999999869e+01 2.644469999999999876e-01
-9.978789999999999338e+01 1.842930000000000135e+01 1.607059999999999877e-01
-1.005707000000000022e+02 1.950000000000000000e+01 8.650299999999999656e-02
-9.976260000000000616e+01 1.834850000000000136e+01 1.846420000000000006e-01
-9.978789999999999338e+01 1.846969999999999956e+01 1.181890000000000024e-01
-9.983839999999999293e+01 1.844950000000000045e+01 1.153509999999999952e-01
-9.986360000000000525e+01 1.846969999999999956e+01 5.624699999999999839e-02
-9.958589999999999520e+01 1.844950000000000045e+01 2.701660000000000172e-01
-1.001414000000000044e+02 1.830809999999999960e+01 1.342720000000000025e-01
-9.966160000000000707e+01 1.806569999999999965e+01 2.769510000000000027e-01
-9.953539999999999566e+01 1.828790000000000049e+01 1.026330000000000020e-01
-9.953539999999999566e+01 1.838889999999999958e+01 2.473589999999999955e-01
-9.981310000000000571e+01 1.844950000000000045e+01 1.327109999999999956e-01
-9.978789999999999338e+01 1.832829999999999870e+01 2.318610000000000115e-01
-9.973739999999999384e+01 1.842930000000000135e+01 1.862840000000000051e-01
-9.966160000000000707e+01 1.822729999999999961e+01 3.638680000000000248e-01
-9.976260000000000616e+01 1.838889999999999958e+01 2.076919999999999877e-01
-9.996460000000000434e+01 1.826770000000000138e+01 1.662849999999999884e-01
-9.948480000000000700e+01 1.830809999999999960e+01 9.671299999999999342e-02
-9.983839999999999293e+01 1.834850000000000136e+01 2.198779999999999901e-01
-9.968689999999999429e+01 1.798479999999999990e+01 2.160900000000000043e-01
-9.988890000000000668e+01 1.826770000000000138e+01 1.296710000000000085e-01
-9.963639999999999475e+01 1.816669999999999874e+01 2.195179999999999909e-01
-9.961109999999999332e+01 1.798479999999999990e+01 1.897719999999999962e-01
-9.953539999999999566e+01 1.806569999999999965e+01 3.068969999999999754e-01
-9.961109999999999332e+01 1.806569999999999965e+01 2.006030000000000035e-01
-9.953539999999999566e+01 1.820710000000000051e+01 1.750859999999999916e-01
-9.988890000000000668e+01 1.828790000000000049e+01 1.261970000000000036e-01
-9.956059999999999377e+01 1.826770000000000138e+01 2.193430000000000102e-01
-9.968689999999999429e+01 1.816669999999999874e+01 2.211140000000000050e-01
-9.951009999999999422e+01 1.810610000000000142e+01 1.988969999999999905e-01
-9.953539999999999566e+01 1.844950000000000045e+01 2.305030000000000134e-01
-9.915659999999999741e+01 1.832829999999999870e+01 2.019029999999999991e-01
-9.938379999999999370e+01 1.838889999999999958e+01 2.920969999999999955e-01
-9.928279999999999461e+01 1.828790000000000049e+01 1.755170000000000063e-01
-9.940909999999999513e+01 1.842930000000000135e+01 1.442370000000000041e-01
-9.940909999999999513e+01 1.840909999999999869e+01 2.645560000000000134e-01
-9.953539999999999566e+01 1.840909999999999869e+01 1.918080000000000063e-01
-9.935859999999999559e+01 1.836870000000000047e+01 2.993669999999999942e-01
-9.923229999999999507e+01 1.824749999999999872e+01 1.960830000000000073e-01
-9.913129999999999598e+01 1.830809999999999960e+01 1.470190000000000108e-01
-9.910609999999999786e+01 1.824749999999999872e+01 1.824030000000000096e-01
-9.923229999999999507e+01 1.826770000000000138e+01 1.727349999999999997e-01
-9.913129999999999598e+01 1.824749999999999872e+01 1.322210000000000052e-01
-9.930809999999999604e+01 1.828790000000000049e+01 2.715670000000000028e-01
-9.923229999999999507e+01 1.832829999999999870e+01 2.753360000000000252e-01
-9.920709999999999695e+01 1.820710000000000051e+01 1.747180000000000122e-01
-9.910609999999999786e+01 1.822729999999999961e+01 2.035349999999999937e-01
-9.956059999999999377e+01 1.836870000000000047e+01 1.225030000000000008e-01
-9.976260000000000616e+01 1.834850000000000136e+01 9.924600000000000088e-02
-9.981310000000000571e+01 1.834850000000000136e+01 1.087189999999999962e-01
-9.948480000000000700e+01 1.820710000000000051e+01 8.721700000000000286e-02
-9.988890000000000668e+01 1.836870000000000047e+01 7.973900000000000432e-02
-1.001162000000000063e+02 1.830809999999999960e+01 1.345200000000000007e-01
-9.983839999999999293e+01 1.830809999999999960e+01 9.655600000000000294e-02
-9.978789999999999338e+01 1.822729999999999961e+01 1.482100000000000084e-01
-9.983839999999999293e+01 1.848989999999999867e+01 1.140179999999999944e-01
-9.930809999999999604e+01 1.816669999999999874e+01 1.691189999999999916e-01
-9.951009999999999422e+01 1.820710000000000051e+01 1.148330000000000045e-01
-9.976260000000000616e+01 1.824749999999999872e+01 7.148899999999999699e-02
-9.943429999999999325e+01 1.818690000000000140e+01 1.489989999999999926e-01
-9.963639999999999475e+01 1.838889999999999958e+01 1.023880000000000068e-01
-9.971210000000000662e+01 1.836870000000000047e+01 1.692730000000000068e-01
-9.961109999999999332e+01 1.834850000000000136e+01 2.363919999999999910e-01
-9.978789999999999338e+01 1.840909999999999869e+01 1.786739999999999995e-01
-9.966160000000000707e+01 1.832829999999999870e+01 1.678649999999999864e-01
-9.966160000000000707e+01 1.834850000000000136e+01 1.575139999999999874e-01
-9.986360000000000525e+01 1.824749999999999872e+01 1.490720000000000101e-01
-9.976260000000000616e+01 1.840909999999999869e+01 1.951469999999999871e-01
-9.981310000000000571e+01 1.832829999999999870e+01 2.112769999999999926e-01
-9.996460000000000434e+01 1.838889999999999958e+01 2.372479999999999867e-01
-9.958589999999999520e+01 1.828790000000000049e+01 1.473669999999999980e-01
-9.963639999999999475e+01 1.830809999999999960e+01 1.432400000000000062e-01
-9.968689999999999429e+01 1.818690000000000140e+01 1.966890000000000027e-01
-9.953539999999999566e+01 1.834850000000000136e+01 1.017099999999999949e-01
-9.973739999999999384e+01 1.842930000000000135e+01 1.784689999999999888e-01
-9.983839999999999293e+01 1.830809999999999960e+01 1.263249999999999929e-01
-9.973739999999999384e+01 1.814649999999999963e+01 1.775549999999999906e-01
-9.966160000000000707e+01 1.846969999999999956e+01 2.786950000000000260e-01
-9.983839999999999293e+01 1.844950000000000045e+01 1.369249999999999912e-01
-9.973739999999999384e+01 1.806569999999999965e+01 1.424269999999999980e-01
-9.976260000000000616e+01 1.832829999999999870e+01 8.641500000000000570e-02
-9.961109999999999332e+01 1.822729999999999961e+01 2.284899999999999987e-01
-9.951009999999999422e+01 1.832829999999999870e+01 1.651130000000000098e-01
-9.940909999999999513e+01 1.838889999999999958e+01 1.583610000000000018e-01
-9.968689999999999429e+01 1.812630000000000052e+01 2.726089999999999902e-01
-9.973739999999999384e+01 1.814649999999999963e+01 1.392349999999999977e-01
-9.973739999999999384e+01 1.834850000000000136e+01 2.124790000000000012e-01
-9.976260000000000616e+01 1.826770000000000138e+01 1.353709999999999913e-01
-9.978789999999999338e+01 1.840909999999999869e+01 8.865199999999999469e-02
-9.993940000000000623e+01 1.838889999999999958e+01 1.639869999999999939e-01
-9.958589999999999520e+01 1.808589999999999876e+01 1.389519999999999922e-01
-9.966160000000000707e+01 1.834850000000000136e+01 1.797300000000000009e-01
-9.976260000000000616e+01 1.832829999999999870e+01 9.640300000000000258e-02
-9.991410000000000480e+01 1.836870000000000047e+01 1.604619999999999935e-01
-9.948480000000000700e+01 1.832829999999999870e+01 2.648199999999999998e-01
-9.920709999999999695e+01 1.824749999999999872e+01 1.737380000000000035e-01
-9.930809999999999604e+01 1.824749999999999872e+01 2.127610000000000057e-01
-9.935859999999999559e+01 1.818690000000000140e+01 2.437010000000000010e-01
-9.923229999999999507e+01 1.832829999999999870e+01 2.719799999999999995e-01
-9.910609999999999786e+01 1.830809999999999960e+01 2.697570000000000245e-01
-9.910609999999999786e+01 1.820710000000000051e+01 2.282480000000000064e-01
-9.935859999999999559e+01 1.816669999999999874e+01 1.162279999999999980e-01
-9.925759999999999650e+01 1.814649999999999963e+01 2.507099999999999884e-01
-9.920709999999999695e+01 1.832829999999999870e+01 2.288840000000000041e-01
-9.928279999999999461e+01 1.816669999999999874e+01 2.972870000000000235e-01
-9.915659999999999741e+01 1.826770000000000138e+01 2.073790000000000078e-01
-9.938379999999999370e+01 1.816669999999999874e+01 2.642019999999999924e-01
-9.920709999999999695e+01 1.824749999999999872e+01 2.633170000000000233e-01
-9.958589999999999520e+01 1.802530000000000143e+01 2.139230000000000020e-01
-9.928279999999999461e+01 1.808589999999999876e+01 2.812200000000000255e-01
-9.956059999999999377e+01 1.816669999999999874e+01 2.105819999999999914e-01
-9.943429999999999325e+01 1.844950000000000045e+01 2.144129999999999925e-01
-9.951009999999999422e+01 1.834850000000000136e+01 2.400839999999999919e-01
-9.925759999999999650e+01 1.828790000000000049e+01 2.677209999999999868e-01
-9.918179999999999552e+01 1.826770000000000138e+01 2.198019999999999974e-01
-9.993940000000000623e+01 1.804550000000000054e+01 1.796079999999999899e-01
-9.940909999999999513e+01 1.816669999999999874e+01 2.863029999999999742e-01
-9.933329999999999416e+01 1.804550000000000054e+01 2.712240000000000206e-01
-9.940909999999999513e+01 1.812630000000000052e+01 3.002670000000000061e-01
-9.930809999999999604e+01 1.812630000000000052e+01 2.853379999999999805e-01
-9.943429999999999325e+01 1.826770000000000138e+01 3.361179999999999723e-01
-9.973739999999999384e+01 1.838889999999999958e+01 1.735490000000000088e-01
-9.958589999999999520e+01 1.836870000000000047e+01 1.507699999999999874e-01
-9.976260000000000616e+01 1.838889999999999958e+01 2.606550000000000256e-01
-9.945959999999999468e+01 1.818690000000000140e+01 2.544029999999999903e-01
-9.961109999999999332e+01 1.820710000000000051e+01 2.239200000000000079e-01
-9.976260000000000616e+01 1.832829999999999870e+01 2.303840000000000054e-01
-9.958589999999999520e+01 1.826770000000000138e+01 2.403780000000000083e-01
-9.961109999999999332e+01 1.814649999999999963e+01 1.838930000000000009e-01
-9.956059999999999377e+01 1.832829999999999870e+01 1.439819999999999989e-01
-9.958589999999999520e+01 1.828790000000000049e+01 2.261799999999999922e-01
-9.935859999999999559e+01 1.808589999999999876e+01 1.570999999999999897e-01
-9.933329999999999416e+01 1.814649999999999963e+01 2.294920000000000015e-01
-9.958589999999999520e+01 1.822729999999999961e+01 1.441689999999999916e-01
-9.940909999999999513e+01 1.814649999999999963e+01 2.399179999999999924e-01
-9.958589999999999520e+01 1.818690000000000140e+01 1.504449999999999954e-01
-9.993940000000000623e+01 1.848989999999999867e+01 1.916970000000000063e-01
-9.973739999999999384e+01 1.822729999999999961e+01 2.411989999999999967e-01
-9.940909999999999513e+01 1.818690000000000140e+01 2.487209999999999976e-01
-9.961109999999999332e+01 1.822729999999999961e+01 1.119490000000000068e-01
-9.961109999999999332e+01 1.820710000000000051e+01 3.104970000000000230e-01
-9.953539999999999566e+01 1.826770000000000138e+01 2.192870000000000097e-01
-1.000404000000000053e+02 1.848989999999999867e+01 1.828889999999999960e-01
-9.928279999999999461e+01 1.810610000000000142e+01 2.840409999999999879e-01
-9.935859999999999559e+01 1.810610000000000142e+01 9.347900000000000653e-02
-9.956059999999999377e+01 1.812630000000000052e+01 1.723739999999999994e-01
-9.976260000000000616e+01 1.816669999999999874e+01 1.778530000000000111e-01
-9.958589999999999520e+01 1.836870000000000047e+01 1.374700000000000089e-01
-9.993940000000000623e+01 1.782319999999999993e+01 1.560100000000000098e-01
-9.983839999999999293e+01 1.844950000000000045e+01 2.073679999999999968e-01
-9.983839999999999293e+01 1.836870000000000047e+01 1.782110000000000083e-01
-9.951009999999999422e+01 1.824749999999999872e+01 2.101099999999999912e-01
-9.996460000000000434e+01 1.820710000000000051e+01 2.111250000000000071e-01
-9.988890000000000668e+01 1.846969999999999956e+01 3.081899999999999917e-02
-9.943429999999999325e+01 1.812630000000000052e+01 1.834949999999999914e-01
-1.000404000000000053e+02 1.834850000000000136e+01 1.446659999999999890e-01
-1.000151999999999930e+02 1.830809999999999960e+01 1.313370000000000093e-01
-9.996460000000000434e+01 1.832829999999999870e+01 2.089550000000000018e-01
-9.976260000000000616e+01 1.848989999999999867e+01 1.488279999999999881e-01
-9.933329999999999416e+01 1.834850000000000136e+01 1.372639999999999971e-01
-9.938379999999999370e+01 1.840909999999999869e+01 1.736250000000000016e-01
-9.945959999999999468e+01 1.844950000000000045e+01 3.539300000000000224e-01
-9.920709999999999695e+01 1.834850000000000136e+01 1.113019999999999982e-01
-9.966160000000000707e+01 1.840909999999999869e+01 3.470100000000000268e-02
-9.920709999999999695e+01 1.830809999999999960e+01 6.916000000000000272e-03
-9.961109999999999332e+01 1.834850000000000136e+01 2.064910000000000079e-01
-9.940909999999999513e+01 1.818690000000000140e+01 1.339720000000000077e-01
-9.943429999999999325e+01 1.842930000000000135e+01 2.371080000000000132e-01
-9.945959999999999468e+01 1.816669999999999874e+01 8.355700000000000627e-02
-9.928279999999999461e+01 1.816669999999999874e+01 1.442049999999999998e-01
-9.948480000000000700e+01 1.842930000000000135e+01 2.373010000000000119e-01
-9.940909999999999513e+01 1.836870000000000047e+01 1.775660000000000016e-01
-9.973739999999999384e+01 1.834850000000000136e+01 1.654569999999999930e-01
-9.981310000000000571e+01 1.851010000000000133e+01 4.835799999999999821e-02
-9.920709999999999695e+01 1.822729999999999961e+01 2.769019999999999815e-01
-9.925759999999999650e+01 1.826770000000000138e+01 1.195409999999999945e-01
-9.938379999999999370e+01 1.828790000000000049e+01 1.372109999999999996e-01
-9.925759999999999650e+01 1.832829999999999870e+01 1.748260000000000092e-01
-9.923229999999999507e+01 1.822729999999999961e+01 2.662280000000000202e-01
-9.920709999999999695e+01 1.826770000000000138e+01 2.501249999999999862e-01
-9.943429999999999325e+01 1.834850000000000136e+01 1.231379999999999975e-01
-9.956059999999999377e+01 1.842930000000000135e+01 1.190189999999999998e-01
-9.961109999999999332e+01 1.840909999999999869e+01 9.841800000000000548e-02
-9.951009999999999422e+01 1.840909999999999869e+01 1.979339999999999988e-01
-9.968689999999999429e+01 1.844950000000000045e+01 1.479090000000000127e-01
-9.925759999999999650e+01 1.826770000000000138e+01 3.430469999999999908e-01
-9.966160000000000707e+01 1.822729999999999961e+01 2.529839999999999867e-01
-9.968689999999999429e+01 1.824749999999999872e+01 1.583600000000000008e-01
-9.978789999999999338e+01 1.828790000000000049e+01 1.877979999999999927e-01
-1.000151999999999930e+02 1.838889999999999958e+01 2.758619999999999961e-01
-9.951009999999999422e+01 1.838889999999999958e+01 2.263729999999999909e-01
-1.009746999999999986e+02 1.903539999999999921e+01 1.073390000000000039e-01
-9.976260000000000616e+01 1.824749999999999872e+01 1.400969999999999993e-01
-9.935859999999999559e+01 1.816669999999999874e+01 1.708340000000000136e-01
-9.993940000000000623e+01 1.818690000000000140e+01 2.292679999999999996e-01
-1.004949000000000012e+02 1.806569999999999965e+01 1.910949999999999871e-01
-9.976260000000000616e+01 1.828790000000000049e+01 8.431800000000000406e-02
-9.981310000000000571e+01 1.842930000000000135e+01 1.020449999999999968e-01
-9.973739999999999384e+01 1.840909999999999869e+01 2.178599999999999981e-01
-9.920709999999999695e+01 1.816669999999999874e+01 2.850019999999999776e-01
-9.948480000000000700e+01 1.834850000000000136e+01 7.469699999999999951e-02
-9.913129999999999598e+01 1.824749999999999872e+01 2.282639999999999947e-01
-9.918179999999999552e+01 1.824749999999999872e+01 2.647590000000000221e-01
-9.923229999999999507e+01 1.826770000000000138e+01 2.831380000000000008e-01
-9.923229999999999507e+01 1.818690000000000140e+01 8.908499999999999752e-02
-9.923229999999999507e+01 1.826770000000000138e+01 3.265449999999999742e-01
-9.940909999999999513e+01 1.816669999999999874e+01 1.167740000000000028e-01
-9.930809999999999604e+01 1.824749999999999872e+01 2.608309999999999795e-01
-9.928279999999999461e+01 1.814649999999999963e+01 3.031190000000000273e-01
-9.918179999999999552e+01 1.826770000000000138e+01 1.971440000000000137e-01
-9.910609999999999786e+01 1.812630000000000052e+01 2.093969999999999998e-01
-9.930809999999999604e+01 1.822729999999999961e+01 2.230890000000000095e-01
-9.925759999999999650e+01 1.840909999999999869e+01 5.131700000000000150e-02
-9.928279999999999461e+01 1.832829999999999870e+01 2.615609999999999880e-01
-9.913129999999999598e+01 1.824749999999999872e+01 2.304660000000000042e-01
-9.933329999999999416e+01 1.824749999999999872e+01 2.538239999999999941e-01
-9.953539999999999566e+01 1.832829999999999870e+01 2.820500000000000229e-01
-9.963639999999999475e+01 1.820710000000000051e+01 2.089949999999999863e-01
-9.938379999999999370e+01 1.842930000000000135e+01 1.523879999999999957e-01
-9.951009999999999422e+01 1.842930000000000135e+01 1.313380000000000103e-01
-9.913129999999999598e+01 1.834850000000000136e+01 2.410450000000000093e-01
-9.953539999999999566e+01 1.838889999999999958e+01 1.091919999999999974e-01
-9.943429999999999325e+01 1.832829999999999870e+01 2.173839999999999939e-01
-9.933329999999999416e+01 1.808589999999999876e+01 1.320419999999999927e-01
-9.925759999999999650e+01 1.834850000000000136e+01 2.003220000000000001e-01
-9.938379999999999370e+01 1.834850000000000136e+01 2.598739999999999939e-01
-9.958589999999999520e+01 1.834850000000000136e+01 2.106780000000000042e-01
-9.935859999999999559e+01 1.834850000000000136e+01 2.324759999999999882e-01
-9.933329999999999416e+01 1.824749999999999872e+01 1.309410000000000018e-01
-9.953539999999999566e+01 1.842930000000000135e+01 1.690770000000000051e-01
-9.956059999999999377e+01 1.816669999999999874e+01 1.539320000000000133e-01
-9.951009999999999422e+01 1.820710000000000051e+01 2.652649999999999730e-01
-9.920709999999999695e+01 1.820710000000000051e+01 6.158299999999999885e-02
-9.933329999999999416e+01 1.826770000000000138e+01 1.467799999999999938e-01
-9.920709999999999695e+01 1.820710000000000051e+01 2.009700000000000097e-01
-9.938379999999999370e+01 1.814649999999999963e+01 2.021290000000000031e-01
-9.938379999999999370e+01 1.824749999999999872e+01 1.748220000000000052e-01
-9.973739999999999384e+01 1.836870000000000047e+01 1.125440000000000051e-01
-9.956059999999999377e+01 1.836870000000000047e+01 1.347099999999999964e-01
-9.973739999999999384e+01 1.840909999999999869e+01 2.320119999999999960e-01
-9.981310000000000571e+01 1.826770000000000138e+01 2.129189999999999972e-01
-9.973739999999999384e+01 1.840909999999999869e+01 2.522579999999999822e-01
-9.956059999999999377e+01 1.826770000000000138e+01 1.143149999999999999e-01
-9.991410000000000480e+01 1.855049999999999955e+01 1.546679999999999999e-01
-9.978789999999999338e+01 1.828790000000000049e+01 1.713530000000000053e-01
-9.956059999999999377e+01 1.824749999999999872e+01 1.284119999999999984e-01
-9.935859999999999559e+01 1.838889999999999958e+01 9.625599999999999434e-02
-9.956059999999999377e+01 1.834850000000000136e+01 1.905530000000000002e-01
-9.958589999999999520e+01 1.838889999999999958e+01 1.193120000000000014e-01
-9.988890000000000668e+01 1.838889999999999958e+01 4.367800000000000155e-02
-9.973739999999999384e+01 1.842930000000000135e+01 2.070150000000000046e-01
-9.951009999999999422e+01 1.840909999999999869e+01 1.583670000000000078e-01
-9.945959999999999468e+01 1.830809999999999960e+01 1.012649999999999939e-01
-9.976260000000000616e+01 1.832829999999999870e+01 1.950389999999999902e-01
-9.963639999999999475e+01 1.834850000000000136e+01 2.237129999999999952e-01
-9.956059999999999377e+01 1.840909999999999869e+01 2.066810000000000036e-01
-1.000151999999999930e+02 1.851010000000000133e+01 2.648920000000000163e-01
-9.953539999999999566e+01 1.851010000000000133e+01 2.984999999999999876e-01
-9.966160000000000707e+01 1.836870000000000047e+01 7.445999999999999841e-02
-9.986360000000000525e+01 1.838889999999999958e+01 2.304440000000000099e-01
-9.981310000000000571e+01 1.836870000000000047e+01 2.082430000000000114e-01
-9.978789999999999338e+01 1.851010000000000133e+01 4.175299999999999845e-02
-9.983839999999999293e+01 1.842930000000000135e+01 1.847270000000000023e-01
-9.996460000000000434e+01 1.840909999999999869e+01 1.664069999999999994e-01
-9.935859999999999559e+01 1.814649999999999963e+01 1.390079999999999927e-01
-9.923229999999999507e+01 1.794440000000000168e+01 8.425399999999999556e-02
-9.963639999999999475e+01 1.822729999999999961e+01 2.489049999999999874e-01
-9.991410000000000480e+01 1.822729999999999961e+01 1.708260000000000056e-01
-9.981310000000000571e+01 1.848989999999999867e+01 1.168150000000000022e-01
-9.978789999999999338e+01 1.812630000000000052e+01 1.685220000000000051e-01
-9.953539999999999566e+01 1.832829999999999870e+01 1.398909999999999876e-01
-9.961109999999999332e+01 1.808589999999999876e+01 2.153779999999999861e-01
-9.963639999999999475e+01 1.828790000000000049e+01 1.732879999999999976e-01
-9.998990000000000578e+01 1.774239999999999995e+01 7.366699999999999637e-02
-9.971210000000000662e+01 1.806569999999999965e+01 1.601380000000000026e-01
-9.961109999999999332e+01 1.808589999999999876e+01 1.313779999999999948e-01
-9.948480000000000700e+01 1.810610000000000142e+01 1.770420000000000049e-01
-9.973739999999999384e+01 1.824749999999999872e+01 1.765839999999999910e-01
-1.000151999999999930e+02 1.844950000000000045e+01 1.170650000000000024e-01
-9.951009999999999422e+01 1.832829999999999870e+01 2.209790000000000088e-01
-9.968689999999999429e+01 1.822729999999999961e+01 2.480680000000000107e-01
-9.958589999999999520e+01 1.828790000000000049e+01 1.468160000000000021e-01
-9.978789999999999338e+01 1.826770000000000138e+01 2.976739999999999942e-01
-9.953539999999999566e+01 1.818690000000000140e+01 2.009700000000000097e-01
-9.956059999999999377e+01 1.824749999999999872e+01 1.977029999999999899e-01
-9.958589999999999520e+01 1.816669999999999874e+01 1.736469999999999958e-01
-9.976260000000000616e+01 1.814649999999999963e+01 2.453700000000000048e-01
-9.976260000000000616e+01 1.800509999999999877e+01 9.647699999999999332e-02
-9.973739999999999384e+01 1.828790000000000049e+01 1.114150000000000001e-01
-9.976260000000000616e+01 1.830809999999999960e+01 1.507269999999999999e-01
-9.953539999999999566e+01 1.826770000000000138e+01 1.390099999999999947e-01
-9.953539999999999566e+01 1.826770000000000138e+01 1.671860000000000013e-01
-9.968689999999999429e+01 1.822729999999999961e+01 1.694289999999999963e-01
-9.925759999999999650e+01 1.830809999999999960e+01 1.468369999999999953e-01
-9.976260000000000616e+01 1.800509999999999877e+01 6.026399999999999813e-02
-9.956059999999999377e+01 1.820710000000000051e+01 2.805250000000000243e-01
-9.935859999999999559e+01 1.818690000000000140e+01 2.234559999999999880e-01
-9.986360000000000525e+01 1.760099999999999909e+01 1.362150000000000027e-01
-9.958589999999999520e+01 1.822729999999999961e+01 1.046080000000000065e-01
-9.978789999999999338e+01 1.772220000000000084e+01 1.769000000000000017e-01
-9.968689999999999429e+01 1.768179999999999907e+01 2.057360000000000022e-01
-9.925759999999999650e+01 1.798479999999999990e+01 2.855770000000000253e-01
-9.938379999999999370e+01 1.790399999999999991e+01 8.814700000000000313e-02
-9.933329999999999416e+01 1.810610000000000142e+01 2.284750000000000114e-01
-9.963639999999999475e+01 1.816669999999999874e+01 2.255290000000000072e-01
-9.943429999999999325e+01 1.808589999999999876e+01 1.244340000000000029e-01
-9.968689999999999429e+01 1.822729999999999961e+01 2.217610000000000137e-01
-9.966160000000000707e+01 1.770200000000000173e+01 1.584629999999999928e-01
-9.935859999999999559e+01 1.818690000000000140e+01 2.560769999999999991e-01
-9.953539999999999566e+01 1.830809999999999960e+01 2.607180000000000053e-01
-9.930809999999999604e+01 1.812630000000000052e+01 2.575509999999999744e-01
-9.933329999999999416e+01 1.804550000000000054e+01 2.350170000000000037e-01
-9.968689999999999429e+01 1.810610000000000142e+01 2.338399999999999923e-01
-9.953539999999999566e+01 1.824749999999999872e+01 1.131569999999999937e-01
-9.940909999999999513e+01 1.806569999999999965e+01 2.160519999999999941e-01
-9.986360000000000525e+01 1.768179999999999907e+01 1.882119999999999904e-01
-9.958589999999999520e+01 1.836870000000000047e+01 1.517449999999999910e-01
-9.973739999999999384e+01 1.842930000000000135e+01 2.234690000000000010e-01
-9.968689999999999429e+01 1.838889999999999958e+01 1.054230000000000028e-01
-9.963639999999999475e+01 1.840909999999999869e+01 1.607490000000000030e-01
-9.935859999999999559e+01 1.810610000000000142e+01 2.120829999999999937e-01
-9.940909999999999513e+01 1.816669999999999874e+01 2.891349999999999754e-01
-9.935859999999999559e+01 1.816669999999999874e+01 1.536389999999999978e-01
-9.938379999999999370e+01 1.816669999999999874e+01 2.124489999999999990e-01
-9.951009999999999422e+01 1.830809999999999960e+01 1.076020000000000032e-01
-9.956059999999999377e+01 1.836870000000000047e+01 1.511990000000000001e-01
-9.935859999999999559e+01 1.814649999999999963e+01 2.320969999999999978e-01
-9.968689999999999429e+01 1.832829999999999870e+01 1.312679999999999958e-01
-9.948480000000000700e+01 1.832829999999999870e+01 2.523230000000000195e-01
-9.940909999999999513e+01 1.812630000000000052e+01 2.777749999999999941e-01
-9.993940000000000623e+01 1.838889999999999958e+01 6.285799999999999721e-02
-9.956059999999999377e+01 1.824749999999999872e+01 1.440160000000000051e-01
-9.915659999999999741e+01 1.826770000000000138e+01 3.478829999999999978e-01
-9.945959999999999468e+01 1.842930000000000135e+01 1.506969999999999976e-01
-9.956059999999999377e+01 1.812630000000000052e+01 2.061429999999999929e-01
-9.983839999999999293e+01 1.764140000000000086e+01 1.242859999999999937e-01
-9.968689999999999429e+01 1.818690000000000140e+01 2.905829999999999802e-01
-9.963639999999999475e+01 1.814649999999999963e+01 3.157610000000000139e-01
-9.961109999999999332e+01 1.818690000000000140e+01 1.899849999999999872e-01
-9.961109999999999332e+01 1.826770000000000138e+01 1.968640000000000112e-01
-9.971210000000000662e+01 1.818690000000000140e+01 2.420249999999999901e-01
-9.948480000000000700e+01 1.814649999999999963e+01 1.659239999999999882e-01
-9.981310000000000571e+01 1.834850000000000136e+01 1.360049999999999870e-01
-9.966160000000000707e+01 1.810610000000000142e+01 2.173059999999999992e-01
-9.956059999999999377e+01 1.840909999999999869e+01 2.280550000000000077e-01
-9.963639999999999475e+01 1.824749999999999872e+01 2.018749999999999989e-01
-9.963639999999999475e+01 1.822729999999999961e+01 1.632149999999999990e-01
-9.951009999999999422e+01 1.842930000000000135e+01 1.921160000000000090e-01
-9.973739999999999384e+01 1.844950000000000045e+01 1.260630000000000084e-01
-9.956059999999999377e+01 1.836870000000000047e+01 9.590400000000000313e-02
-9.910609999999999786e+01 1.828790000000000049e+01 2.717760000000000176e-01
-9.910609999999999786e+01 1.830809999999999960e+01 2.416270000000000084e-01
-9.940909999999999513e+01 1.826770000000000138e+01 2.412710000000000132e-01
-9.966160000000000707e+01 1.810610000000000142e+01 2.951540000000000274e-01
-9.963639999999999475e+01 1.812630000000000052e+01 2.036179999999999934e-01
-9.923229999999999507e+01 1.832829999999999870e+01 3.053790000000000115e-01
-1.000404000000000053e+02 1.838889999999999958e+01 2.086129999999999929e-01
-9.988890000000000668e+01 1.780300000000000082e+01 1.426510000000000000e-01
-1.001919000000000040e+02 1.824749999999999872e+01 7.945199999999999485e-02
-9.963639999999999475e+01 1.832829999999999870e+01 1.144440000000000041e-01
-9.971210000000000662e+01 1.822729999999999961e+01 1.213999999999999940e-01
-9.971210000000000662e+01 1.816669999999999874e+01 2.546729999999999827e-01
-9.963639999999999475e+01 1.826770000000000138e+01 1.316469999999999863e-01
-9.968689999999999429e+01 1.774239999999999995e+01 5.139300000000000118e-02
-9.993940000000000623e+01 1.780300000000000082e+01 3.917400000000000049e-02
-9.991410000000000480e+01 1.782319999999999993e+01 1.242810000000000026e-01
-9.976260000000000616e+01 1.826770000000000138e+01 4.501200000000000340e-02
-9.983839999999999293e+01 1.826770000000000138e+01 1.096919999999999978e-01
-9.953539999999999566e+01 1.772220000000000084e+01 5.684199999999999670e-02
-9.986360000000000525e+01 1.832829999999999870e+01 6.377099999999999436e-02
-9.956059999999999377e+01 1.840909999999999869e+01 -2.508900000000000019e-02
-9.976260000000000616e+01 1.768179999999999907e+01 1.060289999999999982e-01
-9.988890000000000668e+01 1.826770000000000138e+01 1.049989999999999951e-01
-9.971210000000000662e+01 1.834850000000000136e+01 1.360760000000000025e-01
-9.956059999999999377e+01 1.814649999999999963e+01 2.084360000000000102e-01
-9.978789999999999338e+01 1.826770000000000138e+01 5.000199999999999784e-02
-9.991410000000000480e+01 1.770200000000000173e+01 9.588499999999999801e-02
-9.976260000000000616e+01 1.762120000000000175e+01 1.257560000000000067e-01
-9.963639999999999475e+01 1.828790000000000049e+01 1.138379999999999947e-01
-9.963639999999999475e+01 1.816669999999999874e+01 2.361800000000000010e-01
-9.945959999999999468e+01 1.842930000000000135e+01 2.659790000000000210e-01
-9.981310000000000571e+01 1.824749999999999872e+01 1.671330000000000038e-01
-9.935859999999999559e+01 1.812630000000000052e+01 1.637240000000000084e-01
-9.981310000000000571e+01 1.824749999999999872e+01 3.037700000000000122e-02
-9.976260000000000616e+01 1.824749999999999872e+01 7.039099999999999524e-02
-9.951009999999999422e+01 1.840909999999999869e+01 1.612030000000000129e-01
-9.958589999999999520e+01 1.808589999999999876e+01 1.628320000000000045e-01
-9.963639999999999475e+01 1.762120000000000175e+01 4.246500000000000274e-02
-9.928279999999999461e+01 1.808589999999999876e+01 2.506229999999999847e-01
-9.938379999999999370e+01 1.822729999999999961e+01 1.947959999999999969e-01
-9.943429999999999325e+01 1.814649999999999963e+01 1.488470000000000071e-01
-9.940909999999999513e+01 1.812630000000000052e+01 6.085600000000000037e-02
-9.940909999999999513e+01 1.818690000000000140e+01 1.782860000000000000e-01
-9.928279999999999461e+01 1.810610000000000142e+01 2.755319999999999991e-01
-9.988890000000000668e+01 1.838889999999999958e+01 1.144310000000000049e-01
-9.943429999999999325e+01 1.826770000000000138e+01 1.180510000000000032e-01
-9.991410000000000480e+01 1.838889999999999958e+01 1.495350000000000013e-01
-9.973739999999999384e+01 1.838889999999999958e+01 1.724279999999999979e-01
-9.953539999999999566e+01 1.834850000000000136e+01 1.279399999999999982e-01
-9.933329999999999416e+01 1.826770000000000138e+01 2.312879999999999936e-01
-9.908079999999999643e+01 1.818690000000000140e+01 2.382990000000000108e-01
-9.981310000000000571e+01 1.810610000000000142e+01 1.584440000000000015e-01
-9.923229999999999507e+01 1.822729999999999961e+01 1.650540000000000063e-01
-9.925759999999999650e+01 1.816669999999999874e+01 2.141290000000000138e-01
-9.971210000000000662e+01 1.816669999999999874e+01 1.723689999999999944e-01
-9.953539999999999566e+01 1.836870000000000047e+01 1.578170000000000128e-01
-9.983839999999999293e+01 1.822729999999999961e+01 1.169700000000000045e-01
-9.996460000000000434e+01 1.776259999999999906e+01 7.578300000000000314e-02
-9.938379999999999370e+01 1.840909999999999869e+01 3.182719999999999994e-01
-9.918179999999999552e+01 1.836870000000000047e+01 1.483109999999999984e-01
-9.976260000000000616e+01 1.836870000000000047e+01 1.692599999999999938e-01
-9.983839999999999293e+01 1.851010000000000133e+01 2.254690000000000027e-01
-9.983839999999999293e+01 1.824749999999999872e+01 1.525189999999999879e-01
-9.956059999999999377e+01 1.824749999999999872e+01 1.232250000000000012e-01
-9.961109999999999332e+01 1.816669999999999874e+01 1.526820000000000122e-01
-9.958589999999999520e+01 1.812630000000000052e+01 1.755420000000000036e-01
-9.986360000000000525e+01 1.828790000000000049e+01 5.409200000000000119e-02
-9.976260000000000616e+01 1.832829999999999870e+01 1.868380000000000041e-01
-9.983839999999999293e+01 1.818690000000000140e+01 1.430819999999999870e-01
-9.993940000000000623e+01 1.780300000000000082e+01 7.384100000000000386e-02
-9.971210000000000662e+01 1.802530000000000143e+01 1.444650000000000101e-01
-9.976260000000000616e+01 1.784339999999999904e+01 5.580500000000000044e-02
-9.963639999999999475e+01 1.820710000000000051e+01 1.159199999999999987e-02
-9.973739999999999384e+01 1.802530000000000143e+01 1.485809999999999909e-01
-9.953539999999999566e+01 1.808589999999999876e+01 3.155430000000000179e-01
-9.973739999999999384e+01 1.824749999999999872e+01 1.868900000000000006e-01
-9.983839999999999293e+01 1.830809999999999960e+01 2.258380000000000110e-01
-1.004192000000000036e+02 1.800509999999999877e+01 7.498599999999999710e-02
-9.961109999999999332e+01 1.840909999999999869e+01 2.113400000000000001e-01
-9.976260000000000616e+01 1.760099999999999909e+01 1.101359999999999978e-01
-9.953539999999999566e+01 1.816669999999999874e+01 1.402909999999999990e-01
-9.993940000000000623e+01 1.844950000000000045e+01 8.591799999999999438e-02
-9.961109999999999332e+01 1.814649999999999963e+01 1.474920000000000120e-01
-9.976260000000000616e+01 1.800509999999999877e+01 7.657200000000000117e-02
-9.976260000000000616e+01 1.814649999999999963e+01 2.325679999999999970e-01
-9.978789999999999338e+01 1.808589999999999876e+01 2.155849999999999989e-01
-9.943429999999999325e+01 1.820710000000000051e+01 1.200979999999999964e-01
-9.966160000000000707e+01 1.810610000000000142e+01 1.649110000000000020e-01
-9.971210000000000662e+01 1.828790000000000049e+01 1.536480000000000068e-01
-9.953539999999999566e+01 1.812630000000000052e+01 2.289319999999999966e-01
-9.860099999999999909e+01 1.824749999999999872e+01 1.822930000000000106e-01
-9.951009999999999422e+01 1.822729999999999961e+01 8.752999999999999670e-02
-9.956059999999999377e+01 1.846969999999999956e+01 2.198219999999999896e-01
-9.948480000000000700e+01 1.844950000000000045e+01 2.827870000000000106e-01
-9.953539999999999566e+01 1.846969999999999956e+01 2.967609999999999970e-01
-9.940909999999999513e+01 1.830809999999999960e+01 1.528760000000000119e-01
-9.935859999999999559e+01 1.824749999999999872e+01 2.028409999999999935e-01
-9.961109999999999332e+01 1.834850000000000136e+01 2.418339999999999934e-01
-9.973739999999999384e+01 1.846969999999999956e+01 1.563839999999999952e-01
-9.973739999999999384e+01 1.832829999999999870e+01 1.610409999999999897e-01
-9.966160000000000707e+01 1.788380000000000081e+01 7.763599999999999668e-02
-9.971210000000000662e+01 1.770200000000000173e+01 1.727680000000000049e-01
-9.971210000000000662e+01 1.776259999999999906e+01 1.970310000000000117e-01
-9.973739999999999384e+01 1.840909999999999869e+01 9.274999999999999911e-02
-9.996460000000000434e+01 1.834850000000000136e+01 1.668830000000000036e-01
-9.948480000000000700e+01 1.782319999999999993e+01 1.964680000000000037e-01
-9.966160000000000707e+01 1.824749999999999872e+01 2.428480000000000083e-01
-9.966160000000000707e+01 1.820710000000000051e+01 2.735850000000000226e-01
-9.976260000000000616e+01 1.824749999999999872e+01 2.175900000000000056e-01
-9.951009999999999422e+01 1.834850000000000136e+01 1.200070000000000026e-01
-9.968689999999999429e+01 1.822729999999999961e+01 2.161569999999999880e-01
-9.963639999999999475e+01 1.806569999999999965e+01 2.198769999999999891e-01
-9.986360000000000525e+01 1.802530000000000143e+01 1.883829999999999949e-01
-9.973739999999999384e+01 1.802530000000000143e+01 2.365599999999999925e-01
-9.938379999999999370e+01 1.814649999999999963e+01 3.115109999999999824e-01
-9.991410000000000480e+01 1.846969999999999956e+01 4.965100000000000069e-02
-9.978789999999999338e+01 1.836870000000000047e+01 2.113210000000000088e-01
-9.986360000000000525e+01 1.844950000000000045e+01 1.559570000000000123e-01
-1.007727000000000004e+02 1.778280000000000172e+01 7.302400000000000557e-02
-9.963639999999999475e+01 1.844950000000000045e+01 1.824749999999999983e-01
-9.968689999999999429e+01 1.846969999999999956e+01 1.565300000000000025e-01
-9.971210000000000662e+01 1.838889999999999958e+01 2.164399999999999935e-01
-9.966160000000000707e+01 1.838889999999999958e+01 2.336360000000000103e-01
-9.976260000000000616e+01 1.842930000000000135e+01 1.089949999999999947e-01
-9.956059999999999377e+01 1.832829999999999870e+01 1.531909999999999938e-01
-9.958589999999999520e+01 1.832829999999999870e+01 1.010979999999999934e-01
-9.961109999999999332e+01 1.830809999999999960e+01 6.523299999999999932e-02
-9.961109999999999332e+01 1.830809999999999960e+01 2.210390000000000132e-01
-9.961109999999999332e+01 1.820710000000000051e+01 2.613240000000000007e-01
-9.991410000000000480e+01 1.778280000000000172e+01 1.144109999999999988e-01
-9.961109999999999332e+01 1.820710000000000051e+01 2.122519999999999962e-01
-9.968689999999999429e+01 1.808589999999999876e+01 2.487949999999999884e-01
-9.943429999999999325e+01 1.806569999999999965e+01 1.072189999999999949e-01
-9.913129999999999598e+01 1.824749999999999872e+01 2.331699999999999884e-01
-9.923229999999999507e+01 1.822729999999999961e+01 1.941249999999999920e-01
-9.961109999999999332e+01 1.810610000000000142e+01 1.928769999999999929e-01
-9.940909999999999513e+01 1.818690000000000140e+01 1.755470000000000086e-01
-9.963639999999999475e+01 1.820710000000000051e+01 2.163879999999999970e-01
-9.958589999999999520e+01 1.806569999999999965e+01 3.631539999999999768e-01
-9.956059999999999377e+01 1.812630000000000052e+01 2.211639999999999995e-01
-9.933329999999999416e+01 1.824749999999999872e+01 2.272049999999999903e-01
-9.920709999999999695e+01 1.820710000000000051e+01 2.612340000000000217e-01
-9.938379999999999370e+01 1.816669999999999874e+01 3.030999999999999805e-01
-9.961109999999999332e+01 1.816669999999999874e+01 2.468440000000000079e-01
-9.958589999999999520e+01 1.822729999999999961e+01 2.810810000000000253e-01
-9.958589999999999520e+01 1.822729999999999961e+01 1.557080000000000131e-01
-9.958589999999999520e+01 1.820710000000000051e+01 3.235390000000000210e-01
-9.966160000000000707e+01 1.826770000000000138e+01 1.816760000000000042e-01
-9.951009999999999422e+01 1.834850000000000136e+01 1.548390000000000044e-01
-9.956059999999999377e+01 1.832829999999999870e+01 2.256789999999999907e-01
-9.976260000000000616e+01 1.800509999999999877e+01 1.945749999999999980e-01
-9.953539999999999566e+01 1.828790000000000049e+01 2.821440000000000059e-01
-9.930809999999999604e+01 1.824749999999999872e+01 2.240550000000000042e-01
-9.958589999999999520e+01 1.816669999999999874e+01 8.797099999999999365e-02
-1.003434000000000026e+02 1.836870000000000047e+01 1.733439999999999981e-01
-9.961109999999999332e+01 1.828790000000000049e+01 2.003379999999999883e-01
-9.996460000000000434e+01 1.826770000000000138e+01 1.005169999999999952e-01
-1.004949000000000012e+02 1.804550000000000054e+01 1.591770000000000129e-01
-9.963639999999999475e+01 1.824749999999999872e+01 2.203029999999999988e-01
-9.958589999999999520e+01 1.814649999999999963e+01 1.573829999999999951e-01
-1.002172000000000054e+02 1.808589999999999876e+01 2.614049999999999985e-01
-9.973739999999999384e+01 1.806569999999999965e+01 2.115339999999999998e-01
-9.973739999999999384e+01 1.840909999999999869e+01 2.244740000000000069e-01
-9.951009999999999422e+01 1.848989999999999867e+01 2.412340000000000040e-01
-9.943429999999999325e+01 1.846969999999999956e+01 2.407950000000000090e-01
-9.993940000000000623e+01 1.814649999999999963e+01 1.743730000000000002e-01
-9.958589999999999520e+01 1.840909999999999869e+01 5.564299999999999802e-02
-9.973739999999999384e+01 1.840909999999999869e+01 1.914929999999999966e-01
-9.971210000000000662e+01 1.838889999999999958e+01 1.295920000000000127e-01
-9.953539999999999566e+01 1.828790000000000049e+01 4.666900000000000215e-02
-9.973739999999999384e+01 1.838889999999999958e+01 1.957359999999999933e-01
-9.956059999999999377e+01 1.830809999999999960e+01 2.001680000000000126e-01
-9.981310000000000571e+01 1.766159999999999997e+01 1.943759999999999932e-01
-9.991410000000000480e+01 1.764140000000000086e+01 1.148600000000000038e-01
-9.988890000000000668e+01 1.762120000000000175e+01 1.610139999999999905e-01
-9.973739999999999384e+01 1.822729999999999961e+01 1.632460000000000022e-01
-9.973739999999999384e+01 1.814649999999999963e+01 2.293679999999999886e-01
-9.978789999999999338e+01 1.774239999999999995e+01 1.382899999999999963e-01
-9.968689999999999429e+01 1.784339999999999904e+01 1.738079999999999903e-01
-9.978789999999999338e+01 1.768179999999999907e+01 9.021700000000000552e-02
-9.971210000000000662e+01 1.776259999999999906e+01 9.979100000000000470e-02
-9.976260000000000616e+01 1.814649999999999963e+01 5.697300000000000281e-02
-9.986360000000000525e+01 1.824749999999999872e+01 1.291349999999999998e-01
-9.991410000000000480e+01 1.762120000000000175e+01 1.401660000000000128e-01
-9.958589999999999520e+01 1.836870000000000047e+01 1.468129999999999991e-01
-9.943429999999999325e+01 1.788380000000000081e+01 2.326850000000000029e-01
-9.976260000000000616e+01 1.760099999999999909e+01 6.757699999999999818e-02
-9.956059999999999377e+01 1.840909999999999869e+01 1.322129999999999972e-01
-9.940909999999999513e+01 1.842930000000000135e+01 2.775299999999999989e-02
-9.943429999999999325e+01 1.832829999999999870e+01 1.226239999999999969e-01
-9.945959999999999468e+01 1.844950000000000045e+01 3.038339999999999930e-01
-9.940909999999999513e+01 1.842930000000000135e+01 2.616780000000000217e-01
-9.948480000000000700e+01 1.842930000000000135e+01 1.144469999999999932e-01
-9.998990000000000578e+01 1.816669999999999874e+01 7.385200000000000098e-02
-9.976260000000000616e+01 1.800509999999999877e+01 1.295330000000000092e-01
-9.986360000000000525e+01 1.812630000000000052e+01 1.199059999999999987e-01
-9.981310000000000571e+01 1.824749999999999872e+01 2.703099999999999947e-01
-9.971210000000000662e+01 1.828790000000000049e+01 1.579190000000000038e-01
-9.958589999999999520e+01 1.822729999999999961e+01 1.942750000000000032e-01
-9.963639999999999475e+01 1.814649999999999963e+01 2.369890000000000052e-01
-9.961109999999999332e+01 1.840909999999999869e+01 8.990299999999999681e-02
-9.961109999999999332e+01 1.822729999999999961e+01 2.090789999999999871e-01
-9.935859999999999559e+01 1.816669999999999874e+01 2.278459999999999930e-01
-9.951009999999999422e+01 1.830809999999999960e+01 2.384030000000000038e-01
-9.968689999999999429e+01 1.822729999999999961e+01 1.741739999999999955e-01
-9.938379999999999370e+01 1.812630000000000052e+01 2.130229999999999901e-01
-9.971210000000000662e+01 1.816669999999999874e+01 1.400710000000000011e-01
-9.935859999999999559e+01 1.820710000000000051e+01 1.895330000000000070e-01
-9.930809999999999604e+01 1.822729999999999961e+01 3.092150000000000176e-01
-9.930809999999999604e+01 1.824749999999999872e+01 2.380800000000000138e-01
-9.963639999999999475e+01 1.820710000000000051e+01 1.459300000000000042e-01
-9.978789999999999338e+01 1.828790000000000049e+01 8.898200000000000554e-02
-9.973739999999999384e+01 1.842930000000000135e+01 7.631699999999999595e-02
-9.993940000000000623e+01 1.800509999999999877e+01 9.044499999999999762e-02
-9.963639999999999475e+01 1.824749999999999872e+01 2.147499999999999964e-01
-9.935859999999999559e+01 1.808589999999999876e+01 2.045240000000000113e-01
-9.945959999999999468e+01 1.788380000000000081e+01 9.825799999999999812e-02
-9.961109999999999332e+01 1.816669999999999874e+01 2.443059999999999954e-01
-9.966160000000000707e+01 1.816669999999999874e+01 1.599859999999999893e-01
-9.948480000000000700e+01 1.840909999999999869e+01 8.700900000000000301e-02
-9.956059999999999377e+01 1.822729999999999961e+01 2.091550000000000076e-01
-9.978789999999999338e+01 1.800509999999999877e+01 2.194949999999999957e-01
-9.951009999999999422e+01 1.844950000000000045e+01 2.617740000000000067e-01
-9.925759999999999650e+01 1.812630000000000052e+01 1.789080000000000115e-01
-9.953539999999999566e+01 1.846969999999999956e+01 2.175090000000000079e-01
-9.918179999999999552e+01 1.810610000000000142e+01 2.359130000000000116e-01
-9.943429999999999325e+01 1.844950000000000045e+01 3.445219999999999949e-01
-9.925759999999999650e+01 1.812630000000000052e+01 2.676120000000000165e-01
-9.945959999999999468e+01 1.844950000000000045e+01 2.898890000000000078e-01
-9.930809999999999604e+01 1.834850000000000136e+01 8.630300000000000471e-02
-9.930809999999999604e+01 1.818690000000000140e+01 2.030089999999999950e-01
-9.925759999999999650e+01 1.812630000000000052e+01 1.922590000000000132e-01
-9.930809999999999604e+01 1.818690000000000140e+01 1.384720000000000117e-01
-9.951009999999999422e+01 1.826770000000000138e+01 2.152810000000000001e-01
-9.948480000000000700e+01 1.830809999999999960e+01 1.711030000000000051e-01
-9.925759999999999650e+01 1.834850000000000136e+01 2.195449999999999902e-01
-9.915659999999999741e+01 1.824749999999999872e+01 3.058660000000000267e-01
-9.958589999999999520e+01 1.816669999999999874e+01 2.614049999999999985e-01
-9.923229999999999507e+01 1.812630000000000052e+01 3.124259999999999815e-01
-9.956059999999999377e+01 1.818690000000000140e+01 2.130690000000000084e-01
-9.920709999999999695e+01 1.826770000000000138e+01 1.558249999999999913e-01
-9.928279999999999461e+01 1.814649999999999963e+01 2.401629999999999876e-01
-9.920709999999999695e+01 1.820710000000000051e+01 2.008639999999999870e-01
-9.920709999999999695e+01 1.802530000000000143e+01 4.584200000000000080e-02
-9.968689999999999429e+01 1.814649999999999963e+01 2.178599999999999981e-01
-9.933329999999999416e+01 1.810610000000000142e+01 1.349470000000000114e-01
-9.928279999999999461e+01 1.818690000000000140e+01 2.195890000000000064e-01
-9.971210000000000662e+01 1.814649999999999963e+01 2.465579999999999994e-01
-9.905559999999999832e+01 1.774239999999999995e+01 1.939839999999999898e-01
-9.925759999999999650e+01 1.834850000000000136e+01 3.124919999999999920e-01
-9.991410000000000480e+01 1.846969999999999956e+01 1.835900000000000032e-01
-9.996460000000000434e+01 1.842930000000000135e+01 1.280219999999999969e-01
-9.983839999999999293e+01 1.844950000000000045e+01 1.384150000000000102e-01
-9.968689999999999429e+01 1.820710000000000051e+01 1.472430000000000128e-01
-9.963639999999999475e+01 1.816669999999999874e+01 2.241130000000000067e-01
-9.938379999999999370e+01 1.834850000000000136e+01 2.315190000000000026e-01
-9.966160000000000707e+01 1.816669999999999874e+01 2.642169999999999797e-01
-9.915659999999999741e+01 1.832829999999999870e+01 9.769700000000000606e-02
-9.915659999999999741e+01 1.832829999999999870e+01 2.412749999999999895e-01
-9.971210000000000662e+01 1.840909999999999869e+01 1.822380000000000111e-01
-9.951009999999999422e+01 1.842930000000000135e+01 1.499800000000000022e-01
-1.001414000000000044e+02 1.828790000000000049e+01 1.663389999999999869e-01
-9.971210000000000662e+01 1.832829999999999870e+01 1.778299999999999881e-01
-9.958589999999999520e+01 1.812630000000000052e+01 1.265129999999999866e-01
-9.981310000000000571e+01 1.824749999999999872e+01 1.962949999999999973e-01
-9.986360000000000525e+01 1.830809999999999960e+01 1.021819999999999951e-01
-9.961109999999999332e+01 1.838889999999999958e+01 2.339799999999999935e-01
-9.971210000000000662e+01 1.824749999999999872e+01 1.198509999999999992e-01
-9.968689999999999429e+01 1.824749999999999872e+01 2.152989999999999904e-01
-9.978789999999999338e+01 1.832829999999999870e+01 1.927290000000000114e-01
-9.966160000000000707e+01 1.826770000000000138e+01 1.172819999999999974e-01
-9.963639999999999475e+01 1.818690000000000140e+01 2.775889999999999747e-01
-9.948480000000000700e+01 1.810610000000000142e+01 2.313290000000000068e-01
-9.961109999999999332e+01 1.830809999999999960e+01 1.708540000000000059e-01
-9.978789999999999338e+01 1.828790000000000049e+01 6.125900000000000095e-02
-9.951009999999999422e+01 1.826770000000000138e+01 2.100399999999999837e-02
-9.998990000000000578e+01 1.830809999999999960e+01 1.559560000000000113e-01
-9.973739999999999384e+01 1.802530000000000143e+01 1.559979999999999978e-01
-9.991410000000000480e+01 1.840909999999999869e+01 8.682700000000000140e-02
-9.963639999999999475e+01 1.820710000000000051e+01 2.201500000000000123e-01
-9.976260000000000616e+01 1.800509999999999877e+01 8.791100000000000303e-02
-9.956059999999999377e+01 1.824749999999999872e+01 1.069340000000000013e-01
-9.963639999999999475e+01 1.822729999999999961e+01 2.326630000000000087e-01
-9.978789999999999338e+01 1.800509999999999877e+01 1.198550000000000032e-01
-9.976260000000000616e+01 1.800509999999999877e+01 5.146099999999999980e-02
-9.958589999999999520e+01 1.820710000000000051e+01 2.123430000000000040e-01
-9.930809999999999604e+01 1.812630000000000052e+01 9.794300000000000228e-02
-9.953539999999999566e+01 1.820710000000000051e+01 1.611589999999999967e-01
-9.953539999999999566e+01 1.828790000000000049e+01 2.298040000000000083e-01
-9.928279999999999461e+01 1.810610000000000142e+01 2.278360000000000107e-01
-9.956059999999999377e+01 1.830809999999999960e+01 2.088790000000000091e-01
-9.953539999999999566e+01 1.834850000000000136e+01 1.866990000000000038e-01
-9.961109999999999332e+01 1.820710000000000051e+01 1.791619999999999879e-01
-9.928279999999999461e+01 1.808589999999999876e+01 1.468700000000000006e-01
-9.978789999999999338e+01 1.768179999999999907e+01 1.183939999999999992e-01
-9.918179999999999552e+01 1.796460000000000079e+01 1.937949999999999950e-01
-9.978789999999999338e+01 1.800509999999999877e+01 1.140800000000000008e-01
-9.966160000000000707e+01 1.762120000000000175e+01 1.151070000000000010e-01
-9.951009999999999422e+01 1.814649999999999963e+01 1.591370000000000007e-01
-9.968689999999999429e+01 1.820710000000000051e+01 1.734870000000000023e-01
-9.938379999999999370e+01 1.806569999999999965e+01 1.683409999999999906e-01
-9.930809999999999604e+01 1.802530000000000143e+01 1.491010000000000113e-01
-9.983839999999999293e+01 1.820710000000000051e+01 2.172060000000000102e-01
-9.956059999999999377e+01 1.818690000000000140e+01 3.051189999999999736e-01
-9.935859999999999559e+01 1.812630000000000052e+01 9.984700000000000519e-02
-9.938379999999999370e+01 1.818690000000000140e+01 1.322309999999999874e-01
-9.978789999999999338e+01 1.762120000000000175e+01 1.538029999999999953e-01
-9.956059999999999377e+01 1.820710000000000051e+01 1.573340000000000016e-01
-9.956059999999999377e+01 1.822729999999999961e+01 9.710100000000000675e-02
-9.963639999999999475e+01 1.826770000000000138e+01 1.349319999999999964e-01
-9.996460000000000434e+01 1.818690000000000140e+01 9.027599999999999514e-02
-9.966160000000000707e+01 1.810610000000000142e+01 1.789900000000000102e-01
-9.958589999999999520e+01 1.812630000000000052e+01 2.680219999999999825e-01
-9.986360000000000525e+01 1.774239999999999995e+01 1.399420000000000108e-01
-9.998990000000000578e+01 1.770200000000000173e+01 5.054700000000000165e-02
-9.996460000000000434e+01 1.776259999999999906e+01 4.101599999999999691e-02
-9.933329999999999416e+01 1.812630000000000052e+01 1.876579999999999915e-01
-9.961109999999999332e+01 1.822729999999999961e+01 2.443029999999999924e-01
-9.938379999999999370e+01 1.814649999999999963e+01 3.002489999999999881e-01
-9.963639999999999475e+01 1.816669999999999874e+01 2.326550000000000007e-01
-9.938379999999999370e+01 1.816669999999999874e+01 2.005339999999999900e-01
-9.958589999999999520e+01 1.824749999999999872e+01 1.846399999999999986e-01
-9.978789999999999338e+01 1.820710000000000051e+01 1.759529999999999983e-01
-9.976260000000000616e+01 1.762120000000000175e+01 1.600360000000000116e-01
-9.971210000000000662e+01 1.768179999999999907e+01 1.262999999999999956e-01
-9.976260000000000616e+01 1.832829999999999870e+01 1.644569999999999921e-01
-9.993940000000000623e+01 1.832829999999999870e+01 8.756700000000000594e-02
-1.000909000000000049e+02 1.820710000000000051e+01 1.154320000000000068e-01
-9.973739999999999384e+01 1.772220000000000084e+01 1.195480000000000015e-01
-9.940909999999999513e+01 1.840909999999999869e+01 2.554379999999999984e-01
-9.963639999999999475e+01 1.816669999999999874e+01 1.888660000000000061e-01
-9.973739999999999384e+01 1.802530000000000143e+01 1.552340000000000109e-01
-9.908079999999999643e+01 1.774239999999999995e+01 2.153180000000000094e-01
-9.971210000000000662e+01 1.814649999999999963e+01 2.225179999999999936e-01
-9.978789999999999338e+01 1.768179999999999907e+01 1.359350000000000003e-01
-9.948480000000000700e+01 1.834850000000000136e+01 2.114840000000000053e-01
-9.971210000000000662e+01 1.836870000000000047e+01 2.475999999999999868e-01
-9.961109999999999332e+01 1.826770000000000138e+01 2.320560000000000123e-01
-9.966160000000000707e+01 1.844950000000000045e+01 2.635759999999999770e-01
-9.956059999999999377e+01 1.834850000000000136e+01 1.349730000000000096e-01
-9.961109999999999332e+01 1.830809999999999960e+01 1.451590000000000102e-01
-9.943429999999999325e+01 1.844950000000000045e+01 3.011639999999999873e-01
-9.968689999999999429e+01 1.822729999999999961e+01 2.225729999999999931e-01
-9.968689999999999429e+01 1.838889999999999958e+01 8.031099999999999350e-02
-9.951009999999999422e+01 1.830809999999999960e+01 1.509419999999999928e-01
-9.966160000000000707e+01 1.820710000000000051e+01 8.040600000000000525e-02
-9.943429999999999325e+01 1.844950000000000045e+01 1.230210000000000053e-01
-9.961109999999999332e+01 1.824749999999999872e+01 1.183629999999999960e-01
-9.923229999999999507e+01 1.830809999999999960e+01 2.140019999999999978e-01
-9.908079999999999643e+01 1.822729999999999961e+01 2.327039999999999942e-01
-9.928279999999999461e+01 1.828790000000000049e+01 2.835710000000000175e-01
-9.925759999999999650e+01 1.812630000000000052e+01 2.055289999999999895e-01
-9.913129999999999598e+01 1.832829999999999870e+01 2.178489999999999871e-01
-9.988890000000000668e+01 1.846969999999999956e+01 1.780279999999999918e-01
-9.933329999999999416e+01 1.814649999999999963e+01 2.289140000000000064e-01
-9.923229999999999507e+01 1.812630000000000052e+01 2.713229999999999809e-01
-9.913129999999999598e+01 1.820710000000000051e+01 2.413889999999999925e-01
-9.933329999999999416e+01 1.818690000000000140e+01 2.874059999999999948e-01
-9.953539999999999566e+01 1.846969999999999956e+01 1.812699999999999867e-01
-9.940909999999999513e+01 1.818690000000000140e+01 1.357869999999999910e-01
-9.935859999999999559e+01 1.818690000000000140e+01 1.750790000000000124e-01
-9.951009999999999422e+01 1.830809999999999960e+01 1.424999999999999878e-01
-9.958589999999999520e+01 1.848989999999999867e+01 1.350689999999999946e-01
-9.953539999999999566e+01 1.844950000000000045e+01 2.556880000000000264e-01
-9.996460000000000434e+01 1.838889999999999958e+01 2.404000000000000026e-01
-9.961109999999999332e+01 1.846969999999999956e+01 1.699170000000000125e-01
-9.973739999999999384e+01 1.840909999999999869e+01 2.218019999999999992e-01
-9.956059999999999377e+01 1.836870000000000047e+01 1.442410000000000081e-01
-9.973739999999999384e+01 1.848989999999999867e+01 2.408609999999999918e-01
-9.978789999999999338e+01 1.851010000000000133e+01 1.761820000000000053e-01
-9.953539999999999566e+01 1.830809999999999960e+01 2.099330000000000085e-01
-9.971210000000000662e+01 1.838889999999999958e+01 2.431429999999999980e-01
-9.961109999999999332e+01 1.824749999999999872e+01 2.497439999999999938e-01
-9.918179999999999552e+01 1.832829999999999870e+01 3.084489999999999732e-01
-9.910609999999999786e+01 1.824749999999999872e+01 1.339370000000000005e-01
-9.953539999999999566e+01 1.826770000000000138e+01 1.551079999999999959e-01
-9.951009999999999422e+01 1.810610000000000142e+01 3.274520000000000208e-01
-9.966160000000000707e+01 1.826770000000000138e+01 2.433990000000000042e-01
-9.971210000000000662e+01 1.826770000000000138e+01 2.467560000000000031e-01
-9.968689999999999429e+01 1.832829999999999870e+01 1.217450000000000060e-01
-9.973739999999999384e+01 1.820710000000000051e+01 3.005789999999999851e-01
-9.951009999999999422e+01 1.826770000000000138e+01 2.403810000000000113e-01
-9.971210000000000662e+01 1.838889999999999958e+01 1.420659999999999978e-01
-9.956059999999999377e+01 1.812630000000000052e+01 2.503119999999999790e-01
-9.951009999999999422e+01 1.826770000000000138e+01 2.520279999999999743e-01
-9.958589999999999520e+01 1.840909999999999869e+01 1.618719999999999881e-01
-9.951009999999999422e+01 1.810610000000000142e+01 2.299859999999999960e-01
-1.001919000000000040e+02 1.848989999999999867e+01 2.111959999999999948e-01
-9.976260000000000616e+01 1.836870000000000047e+01 1.733870000000000133e-01
-9.978789999999999338e+01 1.798479999999999990e+01 1.517749999999999932e-01
-9.943429999999999325e+01 1.844950000000000045e+01 1.798069999999999946e-01
-9.976260000000000616e+01 1.840909999999999869e+01 2.428710000000000035e-01
-9.976260000000000616e+01 1.800509999999999877e+01 2.112989999999999868e-01
-9.951009999999999422e+01 1.814649999999999963e+01 1.941890000000000005e-01
-9.971210000000000662e+01 1.802530000000000143e+01 1.719999999999999862e-01
-9.988890000000000668e+01 1.780300000000000082e+01 1.581500000000000128e-01
-9.963639999999999475e+01 1.812630000000000052e+01 1.875999999999999890e-01
-9.956059999999999377e+01 1.822729999999999961e+01 1.265900000000000081e-01
-9.973739999999999384e+01 1.808589999999999876e+01 3.093429999999999791e-01
-9.935859999999999559e+01 1.804550000000000054e+01 1.514850000000000085e-01
-9.933329999999999416e+01 1.816669999999999874e+01 2.148700000000000054e-01
-9.958589999999999520e+01 1.816669999999999874e+01 2.791819999999999857e-01
-9.938379999999999370e+01 1.816669999999999874e+01 2.242399999999999949e-01
-9.961109999999999332e+01 1.816669999999999874e+01 2.814280000000000115e-01
-9.956059999999999377e+01 1.826770000000000138e+01 1.959049999999999958e-01
-9.928279999999999461e+01 1.808589999999999876e+01 3.015769999999999840e-01
-9.928279999999999461e+01 1.806569999999999965e+01 2.104880000000000084e-01
-9.953539999999999566e+01 1.820710000000000051e+01 1.640459999999999974e-01
-9.938379999999999370e+01 1.806569999999999965e+01 1.298610000000000042e-01
-9.943429999999999325e+01 1.814649999999999963e+01 1.950000000000000067e-01
-9.956059999999999377e+01 1.834850000000000136e+01 2.046709999999999918e-01
-9.923229999999999507e+01 1.816669999999999874e+01 3.058739999999999792e-01
-9.933329999999999416e+01 1.824749999999999872e+01 1.668699999999999906e-01
-9.933329999999999416e+01 1.824749999999999872e+01 3.129109999999999947e-01
-9.951009999999999422e+01 1.830809999999999960e+01 1.611009999999999942e-01
-9.935859999999999559e+01 1.810610000000000142e+01 3.122440000000000215e-01
-9.956059999999999377e+01 1.816669999999999874e+01 2.912399999999999989e-01
-9.935859999999999559e+01 1.822729999999999961e+01 2.264269999999999894e-01
-9.958589999999999520e+01 1.840909999999999869e+01 2.479780000000000040e-01
-9.943429999999999325e+01 1.842930000000000135e+01 2.788769999999999860e-01
-9.918179999999999552e+01 1.836870000000000047e+01 1.933410000000000128e-01
-9.961109999999999332e+01 1.838889999999999958e+01 2.159280000000000088e-01
-9.940909999999999513e+01 1.824749999999999872e+01 2.051630000000000120e-01
-9.935859999999999559e+01 1.824749999999999872e+01 2.574480000000000102e-01
-9.938379999999999370e+01 1.842930000000000135e+01 1.508309999999999929e-01
-9.968689999999999429e+01 1.798479999999999990e+01 2.702869999999999995e-01
-9.963639999999999475e+01 1.842930000000000135e+01 2.614870000000000250e-01
-9.976260000000000616e+01 1.838889999999999958e+01 1.748029999999999862e-01
-9.968689999999999429e+01 1.820710000000000051e+01 2.603170000000000206e-01
-9.966160000000000707e+01 1.824749999999999872e+01 1.665020000000000111e-01
-9.943429999999999325e+01 1.834850000000000136e+01 1.465249999999999886e-01
-9.991410000000000480e+01 1.846969999999999956e+01 2.516149999999999776e-01
-9.961109999999999332e+01 1.814649999999999963e+01 4.472899999999999793e-02
-9.953539999999999566e+01 1.846969999999999956e+01 1.626740000000000130e-01
-9.956059999999999377e+01 1.848989999999999867e+01 1.983699999999999908e-01
-9.940909999999999513e+01 1.844950000000000045e+01 1.828690000000000038e-01
-9.958589999999999520e+01 1.838889999999999958e+01 2.484540000000000082e-01
-9.966160000000000707e+01 1.844950000000000045e+01 2.910389999999999922e-01
-9.958589999999999520e+01 1.840909999999999869e+01 2.619310000000000249e-01
-9.951009999999999422e+01 1.836870000000000047e+01 1.423319999999999863e-01
-9.956059999999999377e+01 1.832829999999999870e+01 1.266889999999999961e-01
-9.983839999999999293e+01 1.842930000000000135e+01 1.941849999999999965e-01
-9.945959999999999468e+01 1.844950000000000045e+01 2.754659999999999886e-01
-9.968689999999999429e+01 1.838889999999999958e+01 1.339809999999999890e-01
-9.991410000000000480e+01 1.830809999999999960e+01 1.485430000000000084e-01
-1.000151999999999930e+02 1.830809999999999960e+01 2.160040000000000016e-01
-9.986360000000000525e+01 1.846969999999999956e+01 9.158800000000000274e-02
-9.940909999999999513e+01 1.818690000000000140e+01 1.660179999999999989e-01
-9.978789999999999338e+01 1.826770000000000138e+01 2.407479999999999898e-01
-9.981310000000000571e+01 1.822729999999999961e+01 1.596229999999999871e-01
-9.966160000000000707e+01 1.826770000000000138e+01 2.376639999999999864e-01
-9.956059999999999377e+01 1.822729999999999961e+01 1.354700000000000071e-01
-9.963639999999999475e+01 1.824749999999999872e+01 1.764709999999999890e-01
-9.956059999999999377e+01 1.828790000000000049e+01 1.246810000000000002e-01
-9.966160000000000707e+01 1.816669999999999874e+01 2.453140000000000043e-01
-9.966160000000000707e+01 1.812630000000000052e+01 2.035049999999999915e-01
-9.948480000000000700e+01 1.812630000000000052e+01 1.316809999999999925e-01
-9.986360000000000525e+01 1.830809999999999960e+01 1.678630000000000122e-01
-9.981310000000000571e+01 1.826770000000000138e+01 1.180530000000000052e-01
-9.988890000000000668e+01 1.836870000000000047e+01 1.223370000000000013e-01
-9.988890000000000668e+01 1.834850000000000136e+01 1.426649999999999863e-01
-9.988890000000000668e+01 1.836870000000000047e+01 8.158899999999999486e-02
-9.940909999999999513e+01 1.828790000000000049e+01 1.600409999999999888e-01
-9.978789999999999338e+01 1.840909999999999869e+01 1.612729999999999997e-01
-9.928279999999999461e+01 1.836870000000000047e+01 2.781429999999999736e-01
-9.938379999999999370e+01 1.840909999999999869e+01 1.408889999999999865e-01
-9.953539999999999566e+01 1.816669999999999874e+01 1.167529999999999957e-01
-9.951009999999999422e+01 1.838889999999999958e+01 2.150350000000000039e-01
-9.923229999999999507e+01 1.822729999999999961e+01 2.275939999999999908e-01
-9.918179999999999552e+01 1.834850000000000136e+01 9.341599999999999904e-02
-9.933329999999999416e+01 1.832829999999999870e+01 2.213340000000000030e-01
-9.925759999999999650e+01 1.834850000000000136e+01 2.785599999999999743e-01
-9.928279999999999461e+01 1.818690000000000140e+01 2.294910000000000005e-01
-9.953539999999999566e+01 1.836870000000000047e+01 9.318300000000000194e-02
-9.908079999999999643e+01 1.828790000000000049e+01 2.399719999999999909e-01
-9.940909999999999513e+01 1.828790000000000049e+01 9.184399999999999509e-02
-9.933329999999999416e+01 1.818690000000000140e+01 2.196780000000000121e-01
-9.935859999999999559e+01 1.812630000000000052e+01 3.377020000000000022e-01
-9.956059999999999377e+01 1.814649999999999963e+01 1.513899999999999968e-01
-9.930809999999999604e+01 1.808589999999999876e+01 2.234790000000000110e-01
-9.920709999999999695e+01 1.820710000000000051e+01 1.685550000000000104e-01
-9.956059999999999377e+01 1.836870000000000047e+01 2.046659999999999868e-01
-9.973739999999999384e+01 1.844950000000000045e+01 1.566740000000000077e-01
-9.928279999999999461e+01 1.814649999999999963e+01 3.273579999999999823e-01
-9.953539999999999566e+01 1.832829999999999870e+01 2.250630000000000130e-01
-9.940909999999999513e+01 1.818690000000000140e+01 3.054029999999999800e-01
-9.956059999999999377e+01 1.820710000000000051e+01 1.339410000000000045e-01
-9.951009999999999422e+01 1.842930000000000135e+01 1.039400000000000046e-01
-9.958589999999999520e+01 1.834850000000000136e+01 5.964300000000000157e-02
-9.920709999999999695e+01 1.826770000000000138e+01 2.332190000000000096e-01
-9.933329999999999416e+01 1.822729999999999961e+01 2.597110000000000252e-01
-9.963639999999999475e+01 1.828790000000000049e+01 1.672339999999999938e-01
-9.966160000000000707e+01 1.814649999999999963e+01 2.670500000000000096e-01
-9.981310000000000571e+01 1.798479999999999990e+01 1.398969999999999936e-01
-9.951009999999999422e+01 1.818690000000000140e+01 1.099949999999999956e-01
-9.966160000000000707e+01 1.806569999999999965e+01 9.250899999999999401e-02
-9.963639999999999475e+01 1.810610000000000142e+01 2.304799999999999904e-01
-9.908079999999999643e+01 1.820710000000000051e+01 2.262069999999999914e-01
-9.966160000000000707e+01 1.812630000000000052e+01 2.285899999999999876e-01
-9.988890000000000668e+01 1.824749999999999872e+01 1.839290000000000092e-01
-9.956059999999999377e+01 1.844950000000000045e+01 2.358059999999999878e-01
-9.956059999999999377e+01 1.826770000000000138e+01 1.374740000000000129e-01
-9.953539999999999566e+01 1.840909999999999869e+01 1.680510000000000059e-01
-9.938379999999999370e+01 1.818690000000000140e+01 1.750700000000000034e-01
-9.973739999999999384e+01 1.814649999999999963e+01 1.206979999999999997e-01
-9.938379999999999370e+01 1.808589999999999876e+01 1.852169999999999928e-01
-9.978789999999999338e+01 1.798479999999999990e+01 6.385599999999999610e-02
