-9.956059999999999377e+01 1.846969999999999956e+01 2.160640000000000061e-01
-9.938379999999999370e+01 1.842930000000000135e+01 1.320949999999999902e-01
-9.943429999999999325e+01 1.844950000000000045e+01 1.831560000000000132e-01
-9.935859999999999559e+01 1.830809999999999960e+01 1.552979999999999916e-01
-9.913129999999999598e+01 1.832829999999999870e+01 2.469079999999999886e-01
-9.918179999999999552e+01 1.836870000000000047e+01 2.476279999999999870e-01
-9.910609999999999786e+01 1.820710000000000051e+01 8.293399999999999384e-02
-9.918179999999999552e+01 1.820710000000000051e+01 1.683850000000000069e-01
-9.958589999999999520e+01 1.818690000000000140e+01 2.611530000000000240e-01
-9.956059999999999377e+01 1.842930000000000135e+01 1.949120000000000019e-01
-9.956059999999999377e+01 1.826770000000000138e+01 1.957430000000000003e-01
-9.963639999999999475e+01 1.842930000000000135e+01 2.222949999999999926e-01
-9.961109999999999332e+01 1.830809999999999960e+01 1.559389999999999943e-01
-9.961109999999999332e+01 1.834850000000000136e+01 1.259450000000000014e-01
-9.976260000000000616e+01 1.838889999999999958e+01 2.968339999999999868e-01
-9.920709999999999695e+01 1.820710000000000051e+01 1.723010000000000097e-01
-9.915659999999999741e+01 1.826770000000000138e+01 4.582399999999999668e-02
-9.910609999999999786e+01 1.830809999999999960e+01 1.218230000000000007e-01
-9.915659999999999741e+01 1.832829999999999870e+01 1.753599999999999881e-01
-9.925759999999999650e+01 1.826770000000000138e+01 2.167509999999999992e-01
-9.930809999999999604e+01 1.818690000000000140e+01 1.678759999999999974e-01
-9.923229999999999507e+01 1.798479999999999990e+01 1.328509999999999969e-01
-9.930809999999999604e+01 1.824749999999999872e+01 1.420019999999999893e-01
-9.925759999999999650e+01 1.806569999999999965e+01 1.291249999999999898e-01
-9.925759999999999650e+01 1.816669999999999874e+01 1.365339999999999887e-01
-9.930809999999999604e+01 1.820710000000000051e+01 1.587349999999999872e-01
-9.935859999999999559e+01 1.818690000000000140e+01 9.888500000000000068e-02
-9.951009999999999422e+01 1.832829999999999870e+01 1.267449999999999966e-01
-9.935859999999999559e+01 1.818690000000000140e+01 1.913259999999999961e-01
-9.951009999999999422e+01 1.828790000000000049e+01 2.634440000000000115e-01
-9.925759999999999650e+01 1.812630000000000052e+01 7.982100000000000306e-02
-9.956059999999999377e+01 1.816669999999999874e+01 1.788990000000000025e-01
-9.953539999999999566e+01 1.846969999999999956e+01 2.145390000000000075e-01
-9.920709999999999695e+01 1.824749999999999872e+01 7.330499999999999516e-02
-9.925759999999999650e+01 1.800509999999999877e+01 1.317109999999999947e-01
-9.928279999999999461e+01 1.806569999999999965e+01 1.841470000000000051e-01
-9.933329999999999416e+01 1.816669999999999874e+01 1.128730000000000011e-01
-9.935859999999999559e+01 1.820710000000000051e+01 1.509119999999999906e-01
-9.928279999999999461e+01 1.814649999999999963e+01 9.377599999999999825e-02
-9.925759999999999650e+01 1.812630000000000052e+01 6.903800000000000214e-02
-9.910609999999999786e+01 1.828790000000000049e+01 1.860870000000000024e-01
-9.913129999999999598e+01 1.832829999999999870e+01 8.218599999999999517e-02
-9.958589999999999520e+01 1.800509999999999877e+01 8.800900000000000389e-02
-9.930809999999999604e+01 1.812630000000000052e+01 2.698900000000000188e-01
-9.938379999999999370e+01 1.816669999999999874e+01 1.251079999999999970e-01
-9.935859999999999559e+01 1.804550000000000054e+01 7.684000000000000552e-02
-9.930809999999999604e+01 1.804550000000000054e+01 7.374500000000000499e-02
-9.928279999999999461e+01 1.804550000000000054e+01 3.384500000000000008e-02
-9.961109999999999332e+01 1.808589999999999876e+01 9.853099999999999359e-02
-9.920709999999999695e+01 1.824749999999999872e+01 1.428379999999999928e-01
-9.933329999999999416e+01 1.810610000000000142e+01 1.021829999999999961e-01
-9.918179999999999552e+01 1.820710000000000051e+01 1.660119999999999929e-01
-9.940909999999999513e+01 1.804550000000000054e+01 5.509900000000000214e-02
-9.948480000000000700e+01 1.824749999999999872e+01 4.024119999999999919e-01
-9.925759999999999650e+01 1.812630000000000052e+01 2.590520000000000045e-01
-9.993940000000000623e+01 1.842930000000000135e+01 4.137170000000000014e-01
-9.968689999999999429e+01 1.842930000000000135e+01 1.721290000000000042e-01
-9.966160000000000707e+01 1.832829999999999870e+01 2.728519999999999834e-01
-1.005455000000000041e+02 1.758079999999999998e+01 2.216519999999999879e-01
-9.963639999999999475e+01 1.828790000000000049e+01 2.364459999999999895e-01
-9.958589999999999520e+01 1.828790000000000049e+01 6.889599999999999891e-02
-1.001162000000000063e+02 1.822729999999999961e+01 1.449300000000000033e-01
-9.961109999999999332e+01 1.822729999999999961e+01 2.788539999999999908e-01
-9.998990000000000578e+01 1.863129999999999953e+01 1.779010000000000036e-01
-9.953539999999999566e+01 1.836870000000000047e+01 2.230590000000000073e-01
-9.956059999999999377e+01 1.830809999999999960e+01 1.633749999999999925e-01
-9.986360000000000525e+01 1.820710000000000051e+01 1.616660000000000041e-01
-9.958589999999999520e+01 1.814649999999999963e+01 1.840169999999999861e-01
-9.958589999999999520e+01 1.816669999999999874e+01 2.949479999999999880e-01
-9.996460000000000434e+01 1.834850000000000136e+01 4.769590000000000218e-01
-9.978789999999999338e+01 1.820710000000000051e+01 1.256440000000000057e-01
-9.968689999999999429e+01 1.820710000000000051e+01 3.165040000000000076e-01
-9.966160000000000707e+01 1.826770000000000138e+01 1.651769999999999905e-01
-9.956059999999999377e+01 1.824749999999999872e+01 9.875299999999999356e-02
-9.940909999999999513e+01 1.816669999999999874e+01 6.477299999999999724e-02
-9.976260000000000616e+01 1.800509999999999877e+01 1.826750000000000040e-01
-9.973739999999999384e+01 1.822729999999999961e+01 1.109409999999999979e-01
-9.968689999999999429e+01 1.822729999999999961e+01 1.149649999999999977e-01
-9.973739999999999384e+01 1.838889999999999958e+01 1.979990000000000083e-01
-9.971210000000000662e+01 1.838889999999999958e+01 3.108330000000000259e-01
-9.935859999999999559e+01 1.818690000000000140e+01 6.638299999999999756e-02
-9.943429999999999325e+01 1.816669999999999874e+01 1.165899999999999992e-01
-9.940909999999999513e+01 1.816669999999999874e+01 1.317270000000000107e-01
-9.958589999999999520e+01 1.826770000000000138e+01 1.803200000000000081e-01
-9.973739999999999384e+01 1.814649999999999963e+01 1.997809999999999864e-01
-9.956059999999999377e+01 1.842930000000000135e+01 2.500800000000000245e-01
-9.938379999999999370e+01 1.808589999999999876e+01 1.560189999999999910e-01
-9.951009999999999422e+01 1.820710000000000051e+01 1.014950000000000019e-01
-9.966160000000000707e+01 1.818690000000000140e+01 1.627379999999999938e-01
-9.930809999999999604e+01 1.812630000000000052e+01 1.779550000000000021e-01
-9.956059999999999377e+01 1.826770000000000138e+01 1.345790000000000042e-01
-9.961109999999999332e+01 1.820710000000000051e+01 8.328599999999999892e-02
-9.958589999999999520e+01 1.824749999999999872e+01 1.830990000000000117e-01
-9.930809999999999604e+01 1.808589999999999876e+01 1.649420000000000053e-01
-9.966160000000000707e+01 1.810610000000000142e+01 3.108299999999999952e-02
-9.938379999999999370e+01 1.808589999999999876e+01 6.735299999999999621e-02
-9.958589999999999520e+01 1.814649999999999963e+01 8.916399999999999326e-02
-9.986360000000000525e+01 1.846969999999999956e+01 2.096820000000000073e-01
-9.971210000000000662e+01 1.808589999999999876e+01 5.316400000000000292e-02
-9.928279999999999461e+01 1.822729999999999961e+01 1.162819999999999965e-01
-9.933329999999999416e+01 1.822729999999999961e+01 2.172540000000000027e-01
-9.973739999999999384e+01 1.848989999999999867e+01 1.578950000000000076e-01
-9.948480000000000700e+01 1.826770000000000138e+01 1.825229999999999908e-01
-9.938379999999999370e+01 1.810610000000000142e+01 2.208459999999999868e-01
-9.938379999999999370e+01 1.816669999999999874e+01 1.725810000000000122e-01
-9.933329999999999416e+01 1.818690000000000140e+01 1.685750000000000026e-01
-9.925759999999999650e+01 1.826770000000000138e+01 1.926180000000000114e-01
-9.930809999999999604e+01 1.824749999999999872e+01 1.431580000000000075e-01
-9.963639999999999475e+01 1.826770000000000138e+01 2.593309999999999782e-01
-9.925759999999999650e+01 1.826770000000000138e+01 2.258419999999999872e-01
-9.913129999999999598e+01 1.830809999999999960e+01 1.176370000000000055e-01
-9.958589999999999520e+01 1.818690000000000140e+01 1.294949999999999990e-01
-9.966160000000000707e+01 1.812630000000000052e+01 2.200560000000000016e-01
-9.913129999999999598e+01 1.832829999999999870e+01 9.475600000000000689e-02
-9.986360000000000525e+01 1.826770000000000138e+01 2.645370000000000221e-01
-9.953539999999999566e+01 1.834850000000000136e+01 3.370070000000000010e-01
-9.910609999999999786e+01 1.824749999999999872e+01 6.200399999999999662e-02
-9.953539999999999566e+01 1.842930000000000135e+01 2.501959999999999740e-01
-9.928279999999999461e+01 1.818690000000000140e+01 2.410470000000000113e-01
-9.938379999999999370e+01 1.840909999999999869e+01 1.593120000000000092e-01
-9.976260000000000616e+01 1.848989999999999867e+01 2.246309999999999973e-01
-9.971210000000000662e+01 1.770200000000000173e+01 1.860040000000000027e-01
-9.986360000000000525e+01 1.770200000000000173e+01 1.366169999999999884e-01
-9.983839999999999293e+01 1.798479999999999990e+01 1.720129999999999992e-01
-9.966160000000000707e+01 1.836870000000000047e+01 2.631470000000000198e-01
-9.943429999999999325e+01 1.808589999999999876e+01 6.507999999999999896e-02
-9.951009999999999422e+01 1.826770000000000138e+01 2.890220000000000011e-01
-9.961109999999999332e+01 1.822729999999999961e+01 1.424749999999999905e-01
-9.963639999999999475e+01 1.826770000000000138e+01 2.855039999999999800e-01
-9.976260000000000616e+01 1.754040000000000177e+01 6.844799999999999496e-02
-9.968689999999999429e+01 1.816669999999999874e+01 2.401629999999999876e-01
-9.983839999999999293e+01 1.782319999999999993e+01 1.292860000000000120e-01
-9.961109999999999332e+01 1.768179999999999907e+01 8.951399999999999635e-02
-9.925759999999999650e+01 1.812630000000000052e+01 9.861899999999999833e-02
-9.971210000000000662e+01 1.764140000000000086e+01 1.474739999999999940e-01
-9.966160000000000707e+01 1.768179999999999907e+01 1.404729999999999868e-01
-9.983839999999999293e+01 1.830809999999999960e+01 4.352179999999999938e-01
-1.000151999999999930e+02 1.834850000000000136e+01 3.078429999999999778e-01
-9.998990000000000578e+01 1.830809999999999960e+01 4.262730000000000130e-01
-9.978789999999999338e+01 1.826770000000000138e+01 1.269139999999999990e-01
-9.920709999999999695e+01 1.820710000000000051e+01 1.096860000000000057e-01
-9.981310000000000571e+01 1.846969999999999956e+01 2.691609999999999836e-01
-9.948480000000000700e+01 1.846969999999999956e+01 2.674210000000000198e-01
-9.976260000000000616e+01 1.848989999999999867e+01 2.266279999999999961e-01
-9.973739999999999384e+01 1.824749999999999872e+01 2.597829999999999862e-01
-9.973739999999999384e+01 1.822729999999999961e+01 1.875130000000000130e-01
-9.986360000000000525e+01 1.844950000000000045e+01 2.958359999999999879e-01
-9.983839999999999293e+01 1.846969999999999956e+01 1.323000000000000009e-01
-1.000151999999999930e+02 1.836870000000000047e+01 1.926529999999999909e-01
-9.920709999999999695e+01 1.832829999999999870e+01 5.647499999999999742e-02
-9.910609999999999786e+01 1.826770000000000138e+01 9.060999999999999610e-02
-9.996460000000000434e+01 1.832829999999999870e+01 7.474200000000000288e-02
-9.945959999999999468e+01 1.824749999999999872e+01 4.190610000000000168e-01
-9.971210000000000662e+01 1.842930000000000135e+01 4.158080000000000109e-01
-9.956059999999999377e+01 1.836870000000000047e+01 2.474149999999999960e-01
-9.961109999999999332e+01 1.844950000000000045e+01 1.722009999999999930e-01
-9.953539999999999566e+01 1.842930000000000135e+01 1.659970000000000057e-01
-9.948480000000000700e+01 1.816669999999999874e+01 1.815990000000000104e-01
-9.983839999999999293e+01 1.844950000000000045e+01 3.146360000000000268e-01
-1.000151999999999930e+02 1.851010000000000133e+01 2.448480000000000101e-01
-9.981310000000000571e+01 1.822729999999999961e+01 1.065860000000000002e-01
-9.976260000000000616e+01 1.760099999999999909e+01 1.210920000000000052e-01
-9.923229999999999507e+01 1.830809999999999960e+01 1.932699999999999974e-01
-1.000657000000000068e+02 1.840909999999999869e+01 1.601750000000000118e-01
-1.001919000000000040e+02 1.838889999999999958e+01 2.395589999999999942e-01
-1.000909000000000049e+02 1.812630000000000052e+01 2.783169999999999811e-01
-1.004192000000000036e+02 1.838889999999999958e+01 8.055500000000000160e-02
-9.973739999999999384e+01 1.824749999999999872e+01 9.564100000000000379e-02
-1.001919000000000040e+02 1.834850000000000136e+01 8.821600000000000275e-02
-9.948480000000000700e+01 1.844950000000000045e+01 2.766580000000000150e-01
-9.940909999999999513e+01 1.820710000000000051e+01 3.448510000000000186e-01
-9.963639999999999475e+01 1.812630000000000052e+01 1.703439999999999954e-01
-1.000151999999999930e+02 1.830809999999999960e+01 2.712229999999999919e-01
-9.993940000000000623e+01 1.822729999999999961e+01 6.458999999999999464e-02
-9.996460000000000434e+01 1.840909999999999869e+01 7.404499999999999971e-02
-9.923229999999999507e+01 1.806569999999999965e+01 1.893330000000000013e-01
-9.963639999999999475e+01 1.836870000000000047e+01 2.856319999999999970e-01
-9.958589999999999520e+01 1.816669999999999874e+01 1.548970000000000069e-01
-9.971210000000000662e+01 1.830809999999999960e+01 7.426000000000000309e-03
-9.940909999999999513e+01 1.842930000000000135e+01 9.610100000000000586e-02
-9.953539999999999566e+01 1.838889999999999958e+01 2.260729999999999962e-01
-9.953539999999999566e+01 1.842930000000000135e+01 2.015619999999999912e-01
-9.890399999999999636e+01 1.766159999999999997e+01 9.856499999999999984e-02
-9.948480000000000700e+01 1.812630000000000052e+01 1.847590000000000066e-01
-9.938379999999999370e+01 1.840909999999999869e+01 2.501809999999999867e-01
-9.998990000000000578e+01 1.834850000000000136e+01 3.469349999999999934e-01
-9.953539999999999566e+01 1.832829999999999870e+01 1.194230000000000014e-01
-9.953539999999999566e+01 1.836870000000000047e+01 2.191420000000000035e-01
-9.951009999999999422e+01 1.844950000000000045e+01 2.648840000000000083e-01
-9.948480000000000700e+01 1.844950000000000045e+01 2.891099999999999781e-01
-9.913129999999999598e+01 1.832829999999999870e+01 1.495160000000000100e-01
-9.913129999999999598e+01 1.832829999999999870e+01 1.567050000000000110e-01
-9.940909999999999513e+01 1.828790000000000049e+01 7.506999999999999784e-02
-9.971210000000000662e+01 1.836870000000000047e+01 2.020579999999999876e-01
-9.953539999999999566e+01 1.842930000000000135e+01 1.057189999999999935e-01
-9.953539999999999566e+01 1.838889999999999958e+01 1.332750000000000046e-01
-9.991410000000000480e+01 1.836870000000000047e+01 1.199550000000000061e-01
-9.923229999999999507e+01 1.832829999999999870e+01 1.070139999999999980e-01
-9.928279999999999461e+01 1.814649999999999963e+01 2.555839999999999779e-01
-9.910609999999999786e+01 1.830809999999999960e+01 1.921960000000000057e-01
-9.928279999999999461e+01 1.814649999999999963e+01 1.237250000000000016e-01
-9.908079999999999643e+01 1.830809999999999960e+01 8.204000000000000181e-02
-9.948480000000000700e+01 1.832829999999999870e+01 1.058120000000000033e-01
-9.920709999999999695e+01 1.826770000000000138e+01 6.346300000000000552e-02
-9.928279999999999461e+01 1.828790000000000049e+01 1.389829999999999954e-01
-9.930809999999999604e+01 1.828790000000000049e+01 1.502650000000000097e-01
-9.953539999999999566e+01 1.818690000000000140e+01 1.452589999999999992e-01
-9.920709999999999695e+01 1.824749999999999872e+01 1.663800000000000001e-01
-9.905559999999999832e+01 1.802530000000000143e+01 4.834999999999999715e-02
-9.930809999999999604e+01 1.818690000000000140e+01 1.316479999999999873e-01
-9.920709999999999695e+01 1.816669999999999874e+01 1.158860000000000029e-01
-9.923229999999999507e+01 1.832829999999999870e+01 8.996099999999999930e-02
-9.930809999999999604e+01 1.808589999999999876e+01 8.308100000000000207e-02
-9.920709999999999695e+01 1.820710000000000051e+01 8.667199999999999904e-02
-9.913129999999999598e+01 1.830809999999999960e+01 2.066780000000000006e-01
-9.948480000000000700e+01 1.830809999999999960e+01 1.087150000000000061e-01
-9.956059999999999377e+01 1.820710000000000051e+01 1.154779999999999973e-01
-9.933329999999999416e+01 1.820710000000000051e+01 1.436550000000000049e-01
-9.925759999999999650e+01 1.818690000000000140e+01 1.044839999999999935e-01
-9.956059999999999377e+01 1.826770000000000138e+01 9.223199999999999454e-02
-9.887879999999999825e+01 1.812630000000000052e+01 8.804099999999999426e-02
-9.938379999999999370e+01 1.816669999999999874e+01 5.913399999999999906e-02
-9.933329999999999416e+01 1.816669999999999874e+01 1.381070000000000075e-01
-9.928279999999999461e+01 1.816669999999999874e+01 2.113730000000000053e-01
-9.933329999999999416e+01 1.818690000000000140e+01 1.740859999999999908e-01
-9.958589999999999520e+01 1.820710000000000051e+01 2.753140000000000032e-01
-9.910609999999999786e+01 1.824749999999999872e+01 6.515200000000000158e-02
-9.920709999999999695e+01 1.820710000000000051e+01 1.795710000000000084e-01
-9.971210000000000662e+01 1.814649999999999963e+01 1.353310000000000068e-01
-9.951009999999999422e+01 1.840909999999999869e+01 1.933479999999999921e-01
-9.958589999999999520e+01 1.840909999999999869e+01 6.724199999999999622e-02
-9.956059999999999377e+01 1.838889999999999958e+01 7.688899999999999901e-02
-9.951009999999999422e+01 1.836870000000000047e+01 3.226459999999999884e-01
-9.958589999999999520e+01 1.836870000000000047e+01 1.155940000000000023e-01
-9.973739999999999384e+01 1.844950000000000045e+01 1.555509999999999948e-01
-9.956059999999999377e+01 1.840909999999999869e+01 1.750659999999999994e-01
-9.958589999999999520e+01 1.820710000000000051e+01 1.404279999999999973e-01
-9.956059999999999377e+01 1.824749999999999872e+01 2.464790000000000036e-01
-9.961109999999999332e+01 1.838889999999999958e+01 3.227349999999999941e-01
-9.961109999999999332e+01 1.818690000000000140e+01 3.379389999999999894e-01
-9.958589999999999520e+01 1.826770000000000138e+01 3.260680000000000245e-01
-9.948480000000000700e+01 1.836870000000000047e+01 1.695629999999999915e-01
-9.956059999999999377e+01 1.838889999999999958e+01 4.085869999999999780e-01
-9.956059999999999377e+01 1.822729999999999961e+01 1.803549999999999875e-01
-9.958589999999999520e+01 1.834850000000000136e+01 2.382829999999999948e-01
-9.963639999999999475e+01 1.816669999999999874e+01 2.031360000000000110e-01
-9.956059999999999377e+01 1.840909999999999869e+01 2.135319999999999996e-01
-9.983839999999999293e+01 1.824749999999999872e+01 1.453309999999999880e-01
-9.966160000000000707e+01 1.802530000000000143e+01 2.110819999999999919e-01
-9.966160000000000707e+01 1.814649999999999963e+01 3.358740000000000059e-01
-9.961109999999999332e+01 1.802530000000000143e+01 2.727519999999999945e-01
-9.973739999999999384e+01 1.820710000000000051e+01 1.037980000000000014e-01
-9.958589999999999520e+01 1.826770000000000138e+01 2.209270000000000123e-01
-9.961109999999999332e+01 1.810610000000000142e+01 1.585769999999999957e-01
-9.966160000000000707e+01 1.812630000000000052e+01 3.297030000000000238e-01
-9.963639999999999475e+01 1.808589999999999876e+01 1.839719999999999966e-01
-9.973739999999999384e+01 1.818690000000000140e+01 2.850849999999999773e-01
-9.968689999999999429e+01 1.832829999999999870e+01 8.365899999999999725e-02
-9.966160000000000707e+01 1.826770000000000138e+01 4.249200000000000199e-02
-9.966160000000000707e+01 1.822729999999999961e+01 2.081669999999999909e-01
-9.976260000000000616e+01 1.842930000000000135e+01 9.270299999999999374e-02
-9.973739999999999384e+01 1.842930000000000135e+01 1.348479999999999956e-01
-9.940909999999999513e+01 1.840909999999999869e+01 1.369279999999999942e-01
-9.978789999999999338e+01 1.842930000000000135e+01 4.355680000000000107e-01
-1.005707000000000022e+02 1.950000000000000000e+01 8.351899999999999602e-02
-9.976260000000000616e+01 1.834850000000000136e+01 3.118549999999999933e-01
-9.978789999999999338e+01 1.846969999999999956e+01 1.272880000000000122e-01
-9.983839999999999293e+01 1.844950000000000045e+01 2.904459999999999820e-01
-9.986360000000000525e+01 1.846969999999999956e+01 1.870080000000000076e-01
-9.958589999999999520e+01 1.844950000000000045e+01 2.087320000000000009e-01
-1.001414000000000044e+02 1.830809999999999960e+01 6.349299999999999389e-02
-9.966160000000000707e+01 1.806569999999999965e+01 1.054049999999999987e-01
-9.953539999999999566e+01 1.828790000000000049e+01 8.162200000000000011e-02
-9.953539999999999566e+01 1.838889999999999958e+01 2.348310000000000120e-01
-9.981310000000000571e+01 1.844950000000000045e+01 1.771280000000000077e-01
-9.978789999999999338e+01 1.832829999999999870e+01 3.236120000000000108e-01
-9.973739999999999384e+01 1.842930000000000135e+01 1.624950000000000006e-01
-9.966160000000000707e+01 1.822729999999999961e+01 2.512539999999999774e-01
-9.976260000000000616e+01 1.838889999999999958e+01 2.945579999999999865e-01
-9.996460000000000434e+01 1.826770000000000138e+01 9.948700000000000598e-02
-9.948480000000000700e+01 1.830809999999999960e+01 3.099979999999999958e-01
-9.983839999999999293e+01 1.834850000000000136e+01 3.411239999999999828e-01
-9.968689999999999429e+01 1.798479999999999990e+01 3.091340000000000199e-01
-9.988890000000000668e+01 1.826770000000000138e+01 1.675840000000000107e-01
-9.963639999999999475e+01 1.816669999999999874e+01 2.331000000000000016e-01
-9.961109999999999332e+01 1.798479999999999990e+01 1.733800000000000063e-01
-9.953539999999999566e+01 1.806569999999999965e+01 1.264689999999999981e-01
-9.961109999999999332e+01 1.806569999999999965e+01 7.089800000000000268e-02
-9.953539999999999566e+01 1.820710000000000051e+01 1.382410000000000028e-01
-9.988890000000000668e+01 1.828790000000000049e+01 3.304529999999999967e-01
-9.956059999999999377e+01 1.826770000000000138e+01 2.598520000000000274e-01
-9.968689999999999429e+01 1.816669999999999874e+01 1.787960000000000105e-01
-9.951009999999999422e+01 1.810610000000000142e+01 1.415669999999999984e-01
-9.953539999999999566e+01 1.844950000000000045e+01 1.633189999999999920e-01
-9.915659999999999741e+01 1.832829999999999870e+01 1.672029999999999905e-01
-9.938379999999999370e+01 1.838889999999999958e+01 2.155430000000000124e-01
-9.928279999999999461e+01 1.828790000000000049e+01 1.512070000000000081e-01
-9.940909999999999513e+01 1.842930000000000135e+01 1.829870000000000108e-01
-9.940909999999999513e+01 1.840909999999999869e+01 2.368030000000000135e-01
-9.953539999999999566e+01 1.840909999999999869e+01 1.452350000000000030e-01
-9.935859999999999559e+01 1.836870000000000047e+01 2.083830000000000127e-01
-9.923229999999999507e+01 1.824749999999999872e+01 9.113499999999999379e-02
-9.913129999999999598e+01 1.830809999999999960e+01 1.644369999999999998e-01
-9.910609999999999786e+01 1.824749999999999872e+01 7.200199999999999656e-02
-9.923229999999999507e+01 1.826770000000000138e+01 9.937799999999999412e-02
-9.913129999999999598e+01 1.824749999999999872e+01 7.584100000000000563e-02
-9.930809999999999604e+01 1.828790000000000049e+01 1.249269999999999964e-01
-9.923229999999999507e+01 1.832829999999999870e+01 1.806260000000000088e-01
-9.920709999999999695e+01 1.820710000000000051e+01 1.564550000000000107e-01
-9.910609999999999786e+01 1.822729999999999961e+01 1.089949999999999947e-01
-9.956059999999999377e+01 1.836870000000000047e+01 2.898830000000000018e-01
-9.976260000000000616e+01 1.834850000000000136e+01 3.269139999999999824e-01
-9.981310000000000571e+01 1.834850000000000136e+01 3.071019999999999861e-01
-9.948480000000000700e+01 1.820710000000000051e+01 2.163009999999999933e-01
-9.988890000000000668e+01 1.836870000000000047e+01 2.322660000000000002e-01
-1.001162000000000063e+02 1.830809999999999960e+01 3.269340000000000024e-01
-9.983839999999999293e+01 1.830809999999999960e+01 6.676600000000000590e-02
-9.978789999999999338e+01 1.822729999999999961e+01 3.543660000000000143e-01
-9.983839999999999293e+01 1.848989999999999867e+01 2.297109999999999985e-01
-9.930809999999999604e+01 1.816669999999999874e+01 1.984370000000000023e-01
-9.951009999999999422e+01 1.820710000000000051e+01 9.910800000000000165e-02
-9.976260000000000616e+01 1.824749999999999872e+01 7.335500000000000353e-02
-9.943429999999999325e+01 1.818690000000000140e+01 1.269079999999999930e-01
-9.963639999999999475e+01 1.838889999999999958e+01 9.772799999999999543e-02
-9.971210000000000662e+01 1.836870000000000047e+01 9.023599999999999677e-02
-9.961109999999999332e+01 1.834850000000000136e+01 2.843410000000000104e-01
-9.978789999999999338e+01 1.840909999999999869e+01 1.802779999999999938e-01
-9.966160000000000707e+01 1.832829999999999870e+01 1.496260000000000090e-01
-9.966160000000000707e+01 1.834850000000000136e+01 8.025100000000000289e-02
-9.986360000000000525e+01 1.824749999999999872e+01 8.430799999999999406e-02
-9.976260000000000616e+01 1.840909999999999869e+01 2.191909999999999969e-01
-9.981310000000000571e+01 1.832829999999999870e+01 1.827719999999999900e-01
-9.996460000000000434e+01 1.838889999999999958e+01 1.979859999999999953e-01
-9.958589999999999520e+01 1.828790000000000049e+01 1.269909999999999928e-01
-9.963639999999999475e+01 1.830809999999999960e+01 9.654699999999999394e-02
-9.968689999999999429e+01 1.818690000000000140e+01 1.351509999999999934e-01
-9.953539999999999566e+01 1.834850000000000136e+01 2.338050000000000128e-01
-9.973739999999999384e+01 1.842930000000000135e+01 1.870570000000000010e-01
-9.983839999999999293e+01 1.830809999999999960e+01 1.499139999999999917e-01
-9.973739999999999384e+01 1.814649999999999963e+01 6.617099999999999371e-02
-9.966160000000000707e+01 1.846969999999999956e+01 2.396139999999999937e-01
-9.983839999999999293e+01 1.844950000000000045e+01 8.454599999999999616e-02
-9.973739999999999384e+01 1.806569999999999965e+01 8.121799999999999853e-02
-9.976260000000000616e+01 1.832829999999999870e+01 1.378040000000000098e-01
-9.961109999999999332e+01 1.822729999999999961e+01 2.181299999999999906e-01
-9.951009999999999422e+01 1.832829999999999870e+01 1.994340000000000002e-01
-9.940909999999999513e+01 1.838889999999999958e+01 1.998630000000000129e-01
-9.968689999999999429e+01 1.812630000000000052e+01 1.439360000000000084e-01
-9.973739999999999384e+01 1.814649999999999963e+01 1.157519999999999938e-01
-9.973739999999999384e+01 1.834850000000000136e+01 2.137439999999999896e-01
-9.976260000000000616e+01 1.826770000000000138e+01 1.191050000000000025e-01
-9.978789999999999338e+01 1.840909999999999869e+01 1.514810000000000045e-01
-9.993940000000000623e+01 1.838889999999999958e+01 2.848080000000000056e-01
-9.958589999999999520e+01 1.808589999999999876e+01 1.455579999999999929e-01
-9.966160000000000707e+01 1.834850000000000136e+01 4.588940000000000241e-01
-9.976260000000000616e+01 1.832829999999999870e+01 1.772600000000000009e-01
-9.991410000000000480e+01 1.836870000000000047e+01 2.753630000000000244e-01
-9.948480000000000700e+01 1.832829999999999870e+01 9.162499999999999811e-02
-9.920709999999999695e+01 1.824749999999999872e+01 1.407339999999999980e-01
-9.930809999999999604e+01 1.824749999999999872e+01 1.045279999999999959e-01
-9.935859999999999559e+01 1.818690000000000140e+01 1.463750000000000051e-01
-9.923229999999999507e+01 1.832829999999999870e+01 2.217989999999999962e-01
-9.910609999999999786e+01 1.830809999999999960e+01 1.968100000000000127e-01
-9.910609999999999786e+01 1.820710000000000051e+01 1.132790000000000047e-01
-9.935859999999999559e+01 1.816669999999999874e+01 5.123699999999999782e-02
-9.925759999999999650e+01 1.814649999999999963e+01 1.347399999999999987e-01
-9.920709999999999695e+01 1.832829999999999870e+01 1.575749999999999929e-01
-9.928279999999999461e+01 1.816669999999999874e+01 2.429270000000000040e-01
-9.915659999999999741e+01 1.826770000000000138e+01 6.068099999999999883e-02
-9.938379999999999370e+01 1.816669999999999874e+01 1.750180000000000069e-01
-9.920709999999999695e+01 1.824749999999999872e+01 1.845360000000000056e-01
-9.958589999999999520e+01 1.802530000000000143e+01 7.901700000000000390e-02
-9.928279999999999461e+01 1.808589999999999876e+01 1.563680000000000070e-01
-9.956059999999999377e+01 1.816669999999999874e+01 9.126099999999999490e-02
-9.943429999999999325e+01 1.844950000000000045e+01 1.520630000000000037e-01
-9.951009999999999422e+01 1.834850000000000136e+01 6.506399999999999684e-02
-9.925759999999999650e+01 1.828790000000000049e+01 1.376010000000000011e-01
-9.918179999999999552e+01 1.826770000000000138e+01 8.821199999999999875e-02
-9.993940000000000623e+01 1.804550000000000054e+01 7.993599999999999317e-02
-9.940909999999999513e+01 1.816669999999999874e+01 1.037870000000000043e-01
-9.933329999999999416e+01 1.804550000000000054e+01 1.073090000000000016e-01
-9.940909999999999513e+01 1.812630000000000052e+01 8.725900000000000323e-02
-9.930809999999999604e+01 1.812630000000000052e+01 1.879429999999999990e-01
-9.943429999999999325e+01 1.826770000000000138e+01 1.720990000000000020e-01
-9.973739999999999384e+01 1.838889999999999958e+01 1.906049999999999967e-01
-9.958589999999999520e+01 1.836870000000000047e+01 1.863390000000000046e-01
-9.976260000000000616e+01 1.838889999999999958e+01 2.094370000000000120e-01
-9.945959999999999468e+01 1.818690000000000140e+01 1.290399999999999880e-01
-9.961109999999999332e+01 1.820710000000000051e+01 2.198130000000000084e-01
-9.976260000000000616e+01 1.832829999999999870e+01 1.392799999999999871e-01
-9.958589999999999520e+01 1.826770000000000138e+01 3.842860000000000165e-01
-9.961109999999999332e+01 1.814649999999999963e+01 2.221490000000000131e-01
-9.956059999999999377e+01 1.832829999999999870e+01 2.692919999999999758e-01
-9.958589999999999520e+01 1.828790000000000049e+01 3.507120000000000237e-01
-9.935859999999999559e+01 1.808589999999999876e+01 5.291400000000000270e-02
-9.933329999999999416e+01 1.814649999999999963e+01 9.403899999999999759e-02
-9.958589999999999520e+01 1.822729999999999961e+01 4.256000000000000061e-02
-9.940909999999999513e+01 1.814649999999999963e+01 2.055980000000000030e-01
-9.958589999999999520e+01 1.818690000000000140e+01 2.074259999999999993e-01
-9.993940000000000623e+01 1.848989999999999867e+01 2.398599999999999899e-01
-9.973739999999999384e+01 1.822729999999999961e+01 1.543450000000000100e-01
-9.940909999999999513e+01 1.818690000000000140e+01 1.317540000000000100e-01
-9.961109999999999332e+01 1.822729999999999961e+01 7.281700000000000672e-02
-9.961109999999999332e+01 1.820710000000000051e+01 2.003739999999999966e-01
-9.953539999999999566e+01 1.826770000000000138e+01 3.286780000000000257e-01
-1.000404000000000053e+02 1.848989999999999867e+01 3.352899999999999769e-01
-9.928279999999999461e+01 1.810610000000000142e+01 1.538670000000000038e-01
-9.935859999999999559e+01 1.810610000000000142e+01 1.926800000000000040e-02
-9.956059999999999377e+01 1.812630000000000052e+01 1.140339999999999965e-01
-9.976260000000000616e+01 1.816669999999999874e+01 1.144960000000000006e-01
-9.958589999999999520e+01 1.836870000000000047e+01 2.202000000000000068e-01
-9.993940000000000623e+01 1.782319999999999993e+01 8.833699999999999886e-02
-9.983839999999999293e+01 1.844950000000000045e+01 1.865549999999999986e-01
-9.983839999999999293e+01 1.836870000000000047e+01 2.946559999999999735e-01
-9.951009999999999422e+01 1.824749999999999872e+01 2.715910000000000268e-01
-9.996460000000000434e+01 1.820710000000000051e+01 3.597690000000000055e-01
-9.988890000000000668e+01 1.846969999999999956e+01 1.366110000000000102e-01
-9.943429999999999325e+01 1.812630000000000052e+01 1.029800000000000021e-01
-1.000404000000000053e+02 1.834850000000000136e+01 1.567949999999999899e-01
-1.000151999999999930e+02 1.830809999999999960e+01 1.935769999999999991e-01
-9.996460000000000434e+01 1.832829999999999870e+01 4.018450000000000077e-01
-9.976260000000000616e+01 1.848989999999999867e+01 2.929479999999999862e-01
-9.933329999999999416e+01 1.834850000000000136e+01 1.032349999999999934e-01
-9.938379999999999370e+01 1.840909999999999869e+01 1.369199999999999862e-01
-9.945959999999999468e+01 1.844950000000000045e+01 2.585740000000000260e-01
-9.920709999999999695e+01 1.834850000000000136e+01 1.032629999999999937e-01
-9.966160000000000707e+01 1.840909999999999869e+01 9.091699999999999782e-02
-9.920709999999999695e+01 1.830809999999999960e+01 3.331599999999999839e-02
-9.961109999999999332e+01 1.834850000000000136e+01 1.271619999999999973e-01
-9.940909999999999513e+01 1.818690000000000140e+01 1.445160000000000056e-01
-9.943429999999999325e+01 1.842930000000000135e+01 1.934049999999999936e-01
-9.945959999999999468e+01 1.816669999999999874e+01 5.634100000000000219e-02
-9.928279999999999461e+01 1.816669999999999874e+01 1.682430000000000037e-01
-9.948480000000000700e+01 1.842930000000000135e+01 2.377910000000000024e-01
-9.940909999999999513e+01 1.836870000000000047e+01 1.707980000000000054e-01
-9.973739999999999384e+01 1.834850000000000136e+01 4.901809999999999778e-01
-9.981310000000000571e+01 1.851010000000000133e+01 7.801400000000000001e-02
-9.920709999999999695e+01 1.822729999999999961e+01 9.720099999999999574e-02
-9.925759999999999650e+01 1.826770000000000138e+01 9.154600000000000237e-02
-9.938379999999999370e+01 1.828790000000000049e+01 6.506299999999999584e-02
-9.925759999999999650e+01 1.832829999999999870e+01 1.138080000000000064e-01
-9.923229999999999507e+01 1.822729999999999961e+01 1.376209999999999933e-01
-9.920709999999999695e+01 1.826770000000000138e+01 1.010240000000000027e-01
-9.943429999999999325e+01 1.834850000000000136e+01 1.705289999999999861e-01
-9.956059999999999377e+01 1.842930000000000135e+01 1.310379999999999878e-01
-9.961109999999999332e+01 1.840909999999999869e+01 1.783039999999999903e-01
-9.951009999999999422e+01 1.840909999999999869e+01 1.606499999999999873e-01
-9.968689999999999429e+01 1.844950000000000045e+01 1.993880000000000097e-01
-9.925759999999999650e+01 1.826770000000000138e+01 1.955739999999999978e-01
-9.966160000000000707e+01 1.822729999999999961e+01 3.554709999999999814e-01
-9.968689999999999429e+01 1.824749999999999872e+01 2.383899999999999908e-01
-9.978789999999999338e+01 1.828790000000000049e+01 2.518250000000000210e-01
-1.000151999999999930e+02 1.838889999999999958e+01 1.959009999999999918e-01
-9.951009999999999422e+01 1.838889999999999958e+01 2.307470000000000077e-01
-1.009746999999999986e+02 1.903539999999999921e+01 9.010799999999999366e-02
-9.976260000000000616e+01 1.824749999999999872e+01 1.448369999999999935e-01
-9.935859999999999559e+01 1.816669999999999874e+01 1.561240000000000128e-01
-9.993940000000000623e+01 1.818690000000000140e+01 3.332860000000000267e-01
-1.004949000000000012e+02 1.806569999999999965e+01 2.341449999999999920e-01
-9.976260000000000616e+01 1.828790000000000049e+01 5.393499999999999683e-02
-9.981310000000000571e+01 1.842930000000000135e+01 2.021229999999999971e-01
-9.973739999999999384e+01 1.840909999999999869e+01 3.133079999999999754e-01
-9.920709999999999695e+01 1.816669999999999874e+01 1.774969999999999881e-01
-9.948480000000000700e+01 1.834850000000000136e+01 2.180749999999999911e-01
-9.913129999999999598e+01 1.824749999999999872e+01 1.702720000000000067e-01
-9.918179999999999552e+01 1.824749999999999872e+01 1.033120000000000011e-01
-9.923229999999999507e+01 1.826770000000000138e+01 8.344899999999999540e-02
-9.923229999999999507e+01 1.818690000000000140e+01 4.917900000000000049e-02
-9.923229999999999507e+01 1.826770000000000138e+01 1.422480000000000133e-01
-9.940909999999999513e+01 1.816669999999999874e+01 8.921800000000000563e-02
-9.930809999999999604e+01 1.824749999999999872e+01 1.092090000000000005e-01
-9.928279999999999461e+01 1.814649999999999963e+01 2.739909999999999846e-01
-9.918179999999999552e+01 1.826770000000000138e+01 1.034920000000000007e-01
-9.910609999999999786e+01 1.812630000000000052e+01 1.548110000000000042e-01
-9.930809999999999604e+01 1.822729999999999961e+01 1.014010000000000050e-01
-9.925759999999999650e+01 1.840909999999999869e+01 6.201799999999999674e-02
-9.928279999999999461e+01 1.832829999999999870e+01 1.346479999999999899e-01
-9.913129999999999598e+01 1.824749999999999872e+01 1.089750000000000024e-01
-9.933329999999999416e+01 1.824749999999999872e+01 1.926940000000000042e-01
-9.953539999999999566e+01 1.832829999999999870e+01 1.077280000000000043e-01
-9.963639999999999475e+01 1.820710000000000051e+01 1.793990000000000029e-01
-9.938379999999999370e+01 1.842930000000000135e+01 9.478799999999999726e-02
-9.951009999999999422e+01 1.842930000000000135e+01 1.541520000000000112e-01
-9.913129999999999598e+01 1.834850000000000136e+01 2.715629999999999988e-01
-9.953539999999999566e+01 1.838889999999999958e+01 1.929460000000000064e-01
-9.943429999999999325e+01 1.832829999999999870e+01 1.732710000000000083e-01
-9.933329999999999416e+01 1.808589999999999876e+01 4.578299999999999731e-02
-9.925759999999999650e+01 1.834850000000000136e+01 1.336930000000000063e-01
-9.938379999999999370e+01 1.834850000000000136e+01 2.095519999999999883e-01
-9.958589999999999520e+01 1.834850000000000136e+01 1.646519999999999928e-01
-9.935859999999999559e+01 1.834850000000000136e+01 1.292899999999999883e-01
-9.933329999999999416e+01 1.824749999999999872e+01 1.133480000000000043e-01
-9.953539999999999566e+01 1.842930000000000135e+01 9.306599999999999595e-02
-9.956059999999999377e+01 1.816669999999999874e+01 6.568499999999999339e-02
-9.951009999999999422e+01 1.820710000000000051e+01 1.852399999999999880e-01
-9.920709999999999695e+01 1.820710000000000051e+01 8.586900000000000088e-02
-9.933329999999999416e+01 1.826770000000000138e+01 1.574510000000000076e-01
-9.920709999999999695e+01 1.820710000000000051e+01 7.732200000000000184e-02
-9.938379999999999370e+01 1.814649999999999963e+01 1.337419999999999998e-01
-9.938379999999999370e+01 1.824749999999999872e+01 1.063290000000000068e-01
-9.973739999999999384e+01 1.836870000000000047e+01 2.989430000000000143e-01
-9.956059999999999377e+01 1.836870000000000047e+01 1.774870000000000059e-01
-9.973739999999999384e+01 1.840909999999999869e+01 3.420009999999999994e-01
-9.981310000000000571e+01 1.826770000000000138e+01 2.659409999999999830e-01
-9.973739999999999384e+01 1.840909999999999869e+01 3.662489999999999912e-01
-9.956059999999999377e+01 1.826770000000000138e+01 1.083490000000000009e-01
-9.991410000000000480e+01 1.855049999999999955e+01 2.871409999999999796e-01
-9.978789999999999338e+01 1.828790000000000049e+01 2.864340000000000219e-01
-9.956059999999999377e+01 1.824749999999999872e+01 2.229520000000000113e-01
-9.935859999999999559e+01 1.838889999999999958e+01 1.402529999999999888e-01
-9.956059999999999377e+01 1.834850000000000136e+01 3.118909999999999738e-01
-9.958589999999999520e+01 1.838889999999999958e+01 1.784290000000000043e-01
-9.988890000000000668e+01 1.838889999999999958e+01 2.189780000000000060e-01
-9.973739999999999384e+01 1.842930000000000135e+01 1.574069999999999914e-01
-9.951009999999999422e+01 1.840909999999999869e+01 1.672440000000000038e-01
-9.945959999999999468e+01 1.830809999999999960e+01 1.303239999999999954e-01
-9.976260000000000616e+01 1.832829999999999870e+01 1.374750000000000139e-01
-9.963639999999999475e+01 1.834850000000000136e+01 2.375210000000000099e-01
-9.956059999999999377e+01 1.840909999999999869e+01 1.992120000000000002e-01
-1.000151999999999930e+02 1.851010000000000133e+01 2.519810000000000105e-01
-9.953539999999999566e+01 1.851010000000000133e+01 2.064779999999999949e-01
-9.966160000000000707e+01 1.836870000000000047e+01 7.102400000000000380e-02
-9.986360000000000525e+01 1.838889999999999958e+01 3.266080000000000094e-01
-9.981310000000000571e+01 1.836870000000000047e+01 3.627310000000000256e-01
-9.978789999999999338e+01 1.851010000000000133e+01 2.004589999999999983e-01
-9.983839999999999293e+01 1.842930000000000135e+01 3.541360000000000063e-01
-9.996460000000000434e+01 1.840909999999999869e+01 4.985410000000000119e-01
-9.935859999999999559e+01 1.814649999999999963e+01 7.834199999999999497e-02
-9.923229999999999507e+01 1.794440000000000168e+01 5.948599999999999721e-02
-9.963639999999999475e+01 1.822729999999999961e+01 3.772490000000000010e-01
-9.991410000000000480e+01 1.822729999999999961e+01 1.937300000000000133e-01
-9.981310000000000571e+01 1.848989999999999867e+01 2.316719999999999891e-01
-9.978789999999999338e+01 1.812630000000000052e+01 1.178320000000000062e-01
-9.953539999999999566e+01 1.832829999999999870e+01 1.499449999999999950e-01
-9.961109999999999332e+01 1.808589999999999876e+01 3.257740000000000080e-01
-9.963639999999999475e+01 1.828790000000000049e+01 1.917429999999999968e-01
-9.998990000000000578e+01 1.774239999999999995e+01 9.218500000000000305e-02
-9.971210000000000662e+01 1.806569999999999965e+01 1.318199999999999927e-01
-9.961109999999999332e+01 1.808589999999999876e+01 1.725959999999999994e-01
-9.948480000000000700e+01 1.810610000000000142e+01 2.289650000000000019e-01
-9.973739999999999384e+01 1.824749999999999872e+01 2.803249999999999909e-01
-1.000151999999999930e+02 1.844950000000000045e+01 1.196890000000000037e-01
-9.951009999999999422e+01 1.832829999999999870e+01 3.790810000000000013e-01
-9.968689999999999429e+01 1.822729999999999961e+01 2.830550000000000010e-01
-9.958589999999999520e+01 1.828790000000000049e+01 5.621799999999999714e-02
-9.978789999999999338e+01 1.826770000000000138e+01 2.463970000000000049e-01
-9.953539999999999566e+01 1.818690000000000140e+01 1.138710000000000000e-01
-9.956059999999999377e+01 1.824749999999999872e+01 2.638900000000000134e-01
-9.958589999999999520e+01 1.816669999999999874e+01 1.797590000000000021e-01
-9.976260000000000616e+01 1.814649999999999963e+01 1.906039999999999957e-01
-9.976260000000000616e+01 1.800509999999999877e+01 1.296809999999999907e-01
-9.973739999999999384e+01 1.828790000000000049e+01 1.180540000000000062e-01
-9.976260000000000616e+01 1.830809999999999960e+01 2.041640000000000121e-01
-9.953539999999999566e+01 1.826770000000000138e+01 1.850600000000000023e-01
-9.953539999999999566e+01 1.826770000000000138e+01 1.282709999999999961e-01
-9.968689999999999429e+01 1.822729999999999961e+01 7.282600000000000184e-02
-9.925759999999999650e+01 1.830809999999999960e+01 2.056419999999999915e-01
-9.976260000000000616e+01 1.800509999999999877e+01 1.037379999999999969e-01
-9.956059999999999377e+01 1.820710000000000051e+01 1.518380000000000007e-01
-9.935859999999999559e+01 1.818690000000000140e+01 1.665250000000000064e-01
-9.986360000000000525e+01 1.760099999999999909e+01 1.125499999999999973e-01
-9.958589999999999520e+01 1.822729999999999961e+01 6.355199999999999738e-02
-9.978789999999999338e+01 1.772220000000000084e+01 1.426580000000000070e-01
-9.968689999999999429e+01 1.768179999999999907e+01 1.401660000000000128e-01
-9.925759999999999650e+01 1.798479999999999990e+01 1.406810000000000005e-01
-9.938379999999999370e+01 1.790399999999999991e+01 5.423300000000000343e-02
-9.933329999999999416e+01 1.810610000000000142e+01 1.537850000000000050e-01
-9.963639999999999475e+01 1.816669999999999874e+01 1.137200000000000016e-01
-9.943429999999999325e+01 1.808589999999999876e+01 1.066209999999999936e-01
-9.968689999999999429e+01 1.822729999999999961e+01 1.103370000000000045e-01
-9.966160000000000707e+01 1.770200000000000173e+01 1.248989999999999961e-01
-9.935859999999999559e+01 1.818690000000000140e+01 1.827080000000000093e-01
-9.953539999999999566e+01 1.830809999999999960e+01 1.869109999999999938e-01
-9.930809999999999604e+01 1.812630000000000052e+01 1.245570000000000010e-01
-9.933329999999999416e+01 1.804550000000000054e+01 1.009069999999999967e-01
-9.968689999999999429e+01 1.810610000000000142e+01 9.513599999999999834e-02
-9.953539999999999566e+01 1.824749999999999872e+01 8.523400000000000420e-02
-9.940909999999999513e+01 1.806569999999999965e+01 1.074579999999999980e-01
-9.986360000000000525e+01 1.768179999999999907e+01 2.382579999999999976e-01
-9.958589999999999520e+01 1.836870000000000047e+01 1.901440000000000075e-01
-9.973739999999999384e+01 1.842930000000000135e+01 1.942850000000000132e-01
-9.968689999999999429e+01 1.838889999999999958e+01 1.872580000000000078e-01
-9.963639999999999475e+01 1.840909999999999869e+01 2.324900000000000022e-01
-9.935859999999999559e+01 1.810610000000000142e+01 4.704499999999999654e-02
-9.940909999999999513e+01 1.816669999999999874e+01 1.466989999999999961e-01
-9.935859999999999559e+01 1.816669999999999874e+01 7.421400000000000219e-02
-9.938379999999999370e+01 1.816669999999999874e+01 1.532739999999999936e-01
-9.951009999999999422e+01 1.830809999999999960e+01 1.451280000000000070e-01
-9.956059999999999377e+01 1.836870000000000047e+01 1.847560000000000036e-01
-9.935859999999999559e+01 1.814649999999999963e+01 7.275700000000000223e-02
-9.968689999999999429e+01 1.832829999999999870e+01 1.246990000000000043e-01
-9.948480000000000700e+01 1.832829999999999870e+01 1.832989999999999897e-01
-9.940909999999999513e+01 1.812630000000000052e+01 1.242010000000000058e-01
-9.993940000000000623e+01 1.838889999999999958e+01 2.191849999999999909e-01
-9.956059999999999377e+01 1.824749999999999872e+01 1.812930000000000097e-01
-9.915659999999999741e+01 1.826770000000000138e+01 1.963810000000000000e-01
-9.945959999999999468e+01 1.842930000000000135e+01 1.099239999999999939e-01
-9.956059999999999377e+01 1.812630000000000052e+01 6.869300000000000406e-02
-9.983839999999999293e+01 1.764140000000000086e+01 9.844300000000000272e-02
-9.968689999999999429e+01 1.818690000000000140e+01 2.145060000000000022e-01
-9.963639999999999475e+01 1.814649999999999963e+01 1.991839999999999999e-01
-9.961109999999999332e+01 1.818690000000000140e+01 1.984950000000000048e-01
-9.961109999999999332e+01 1.826770000000000138e+01 1.820450000000000124e-01
-9.971210000000000662e+01 1.818690000000000140e+01 2.463329999999999964e-01
-9.948480000000000700e+01 1.814649999999999963e+01 2.654650000000000065e-01
-9.981310000000000571e+01 1.834850000000000136e+01 4.250039999999999929e-01
-9.966160000000000707e+01 1.810610000000000142e+01 1.217260000000000009e-01
-9.956059999999999377e+01 1.840909999999999869e+01 3.079529999999999768e-01
-9.963639999999999475e+01 1.824749999999999872e+01 1.218489999999999990e-01
-9.963639999999999475e+01 1.822729999999999961e+01 1.251809999999999867e-01
-9.951009999999999422e+01 1.842930000000000135e+01 1.508919999999999983e-01
-9.973739999999999384e+01 1.844950000000000045e+01 2.597360000000000224e-01
-9.956059999999999377e+01 1.836870000000000047e+01 1.131469999999999976e-01
-9.910609999999999786e+01 1.828790000000000049e+01 1.127350000000000019e-01
-9.910609999999999786e+01 1.830809999999999960e+01 2.076629999999999865e-01
-9.940909999999999513e+01 1.826770000000000138e+01 1.612840000000000107e-01
-9.966160000000000707e+01 1.810610000000000142e+01 2.738419999999999743e-01
-9.963639999999999475e+01 1.812630000000000052e+01 2.329279999999999962e-01
-9.923229999999999507e+01 1.832829999999999870e+01 2.023880000000000123e-01
-1.000404000000000053e+02 1.838889999999999958e+01 1.503929999999999989e-01
-9.988890000000000668e+01 1.780300000000000082e+01 1.499820000000000042e-01
-1.001919000000000040e+02 1.824749999999999872e+01 1.491899999999999893e-01
-9.963639999999999475e+01 1.832829999999999870e+01 2.179830000000000101e-01
-9.971210000000000662e+01 1.822729999999999961e+01 1.169469999999999954e-01
-9.971210000000000662e+01 1.816669999999999874e+01 2.898740000000000205e-01
-9.963639999999999475e+01 1.826770000000000138e+01 2.113009999999999888e-01
-9.968689999999999429e+01 1.774239999999999995e+01 2.214100000000000096e-02
-9.993940000000000623e+01 1.780300000000000082e+01 2.899699999999999847e-02
-9.991410000000000480e+01 1.782319999999999993e+01 1.125960000000000016e-01
-9.976260000000000616e+01 1.826770000000000138e+01 7.341899999999999815e-02
-9.983839999999999293e+01 1.826770000000000138e+01 2.047930000000000028e-01
-9.953539999999999566e+01 1.772220000000000084e+01 2.511599999999999944e-02
-9.986360000000000525e+01 1.832829999999999870e+01 5.130599999999999744e-02
-9.956059999999999377e+01 1.840909999999999869e+01 2.336489999999999956e-01
-9.976260000000000616e+01 1.768179999999999907e+01 1.267890000000000128e-01
-9.988890000000000668e+01 1.826770000000000138e+01 2.638499999999999734e-01
-9.971210000000000662e+01 1.834850000000000136e+01 1.846750000000000058e-01
-9.956059999999999377e+01 1.814649999999999963e+01 2.502170000000000227e-01
-9.978789999999999338e+01 1.826770000000000138e+01 1.649039999999999950e-01
-9.991410000000000480e+01 1.770200000000000173e+01 1.070600000000000024e-01
-9.976260000000000616e+01 1.762120000000000175e+01 1.878930000000000045e-01
-9.963639999999999475e+01 1.828790000000000049e+01 1.268509999999999915e-01
-9.963639999999999475e+01 1.816669999999999874e+01 1.728500000000000036e-01
-9.945959999999999468e+01 1.842930000000000135e+01 1.931650000000000034e-01
-9.981310000000000571e+01 1.824749999999999872e+01 2.712269999999999959e-01
-9.935859999999999559e+01 1.812630000000000052e+01 6.943199999999999372e-02
-9.981310000000000571e+01 1.824749999999999872e+01 6.858799999999999619e-02
-9.976260000000000616e+01 1.824749999999999872e+01 1.568319999999999992e-01
-9.951009999999999422e+01 1.840909999999999869e+01 2.283010000000000039e-01
-9.958589999999999520e+01 1.808589999999999876e+01 1.220259999999999956e-01
-9.963639999999999475e+01 1.762120000000000175e+01 9.547999999999999543e-02
-9.928279999999999461e+01 1.808589999999999876e+01 1.554300000000000126e-01
-9.938379999999999370e+01 1.822729999999999961e+01 1.560799999999999965e-01
-9.943429999999999325e+01 1.814649999999999963e+01 1.071440000000000031e-01
-9.940909999999999513e+01 1.812630000000000052e+01 6.349100000000000577e-02
-9.940909999999999513e+01 1.818690000000000140e+01 2.307240000000000124e-01
-9.928279999999999461e+01 1.810610000000000142e+01 1.822199999999999931e-01
-9.988890000000000668e+01 1.838889999999999958e+01 2.112489999999999923e-01
-9.943429999999999325e+01 1.826770000000000138e+01 1.109829999999999983e-01
-9.991410000000000480e+01 1.838889999999999958e+01 4.182719999999999771e-01
-9.973739999999999384e+01 1.838889999999999958e+01 3.207679999999999976e-01
-9.953539999999999566e+01 1.834850000000000136e+01 1.873789999999999900e-01
-9.933329999999999416e+01 1.826770000000000138e+01 1.019359999999999988e-01
-9.908079999999999643e+01 1.818690000000000140e+01 9.894300000000000317e-02
-9.981310000000000571e+01 1.810610000000000142e+01 5.340299999999999908e-02
-9.923229999999999507e+01 1.822729999999999961e+01 1.074250000000000066e-01
-9.925759999999999650e+01 1.816669999999999874e+01 1.265719999999999901e-01
-9.971210000000000662e+01 1.816669999999999874e+01 5.531500000000000306e-02
-9.953539999999999566e+01 1.836870000000000047e+01 2.378399999999999959e-02
-9.983839999999999293e+01 1.822729999999999961e+01 1.995719999999999994e-01
-9.996460000000000434e+01 1.776259999999999906e+01 6.191699999999999982e-02
-9.938379999999999370e+01 1.840909999999999869e+01 2.538380000000000081e-01
-9.918179999999999552e+01 1.836870000000000047e+01 1.713490000000000013e-01
-9.976260000000000616e+01 1.836870000000000047e+01 3.819239999999999857e-01
-9.983839999999999293e+01 1.851010000000000133e+01 2.347680000000000045e-01
-9.983839999999999293e+01 1.824749999999999872e+01 2.137350000000000083e-01
-9.956059999999999377e+01 1.824749999999999872e+01 2.411339999999999872e-01
-9.961109999999999332e+01 1.816669999999999874e+01 2.444520000000000026e-01
-9.958589999999999520e+01 1.812630000000000052e+01 1.949150000000000049e-01
-9.986360000000000525e+01 1.828790000000000049e+01 2.651069999999999816e-01
-9.976260000000000616e+01 1.832829999999999870e+01 2.718800000000000106e-01
-9.983839999999999293e+01 1.818690000000000140e+01 2.394429999999999892e-01
-9.993940000000000623e+01 1.780300000000000082e+01 1.881100000000000133e-02
-9.971210000000000662e+01 1.802530000000000143e+01 1.626229999999999898e-01
-9.976260000000000616e+01 1.784339999999999904e+01 5.062200000000000033e-02
-9.963639999999999475e+01 1.820710000000000051e+01 1.116359999999999991e-01
-9.973739999999999384e+01 1.802530000000000143e+01 1.125619999999999954e-01
-9.953539999999999566e+01 1.808589999999999876e+01 1.673099999999999865e-01
-9.973739999999999384e+01 1.824749999999999872e+01 9.217699999999999505e-02
-9.983839999999999293e+01 1.830809999999999960e+01 1.731719999999999926e-01
-1.004192000000000036e+02 1.800509999999999877e+01 6.309399999999999731e-02
-9.961109999999999332e+01 1.840909999999999869e+01 2.431109999999999938e-01
-9.976260000000000616e+01 1.760099999999999909e+01 1.173690000000000011e-01
-9.953539999999999566e+01 1.816669999999999874e+01 3.657670000000000088e-01
-9.993940000000000623e+01 1.844950000000000045e+01 1.151269999999999932e-01
-9.961109999999999332e+01 1.814649999999999963e+01 2.093849999999999878e-01
-9.976260000000000616e+01 1.800509999999999877e+01 1.382450000000000068e-01
-9.976260000000000616e+01 1.814649999999999963e+01 3.312769999999999881e-01
-9.978789999999999338e+01 1.808589999999999876e+01 2.897970000000000268e-01
-9.943429999999999325e+01 1.820710000000000051e+01 1.967550000000000132e-01
-9.966160000000000707e+01 1.810610000000000142e+01 1.224399999999999933e-01
-9.971210000000000662e+01 1.828790000000000049e+01 2.035389999999999977e-01
-9.953539999999999566e+01 1.812630000000000052e+01 1.440970000000000029e-01
-9.860099999999999909e+01 1.824749999999999872e+01 1.314799999999999996e-02
-9.951009999999999422e+01 1.822729999999999961e+01 1.923400000000000110e-01
-9.956059999999999377e+01 1.846969999999999956e+01 2.339670000000000083e-01
-9.948480000000000700e+01 1.844950000000000045e+01 2.627280000000000171e-01
-9.953539999999999566e+01 1.846969999999999956e+01 1.979410000000000058e-01
-9.940909999999999513e+01 1.830809999999999960e+01 1.235580000000000012e-01
-9.935859999999999559e+01 1.824749999999999872e+01 1.963229999999999975e-01
-9.961109999999999332e+01 1.834850000000000136e+01 1.453460000000000030e-01
-9.973739999999999384e+01 1.846969999999999956e+01 1.671910000000000063e-01
-9.973739999999999384e+01 1.832829999999999870e+01 4.373380000000000045e-01
-9.966160000000000707e+01 1.788380000000000081e+01 1.061899999999999997e-02
-9.971210000000000662e+01 1.770200000000000173e+01 2.235830000000000040e-01
-9.971210000000000662e+01 1.776259999999999906e+01 1.093709999999999960e-01
-9.973739999999999384e+01 1.840909999999999869e+01 2.057779999999999887e-01
-9.996460000000000434e+01 1.834850000000000136e+01 1.498230000000000117e-01
-9.948480000000000700e+01 1.782319999999999993e+01 1.557810000000000028e-01
-9.966160000000000707e+01 1.824749999999999872e+01 3.483120000000000105e-01
-9.966160000000000707e+01 1.820710000000000051e+01 2.678849999999999842e-01
-9.976260000000000616e+01 1.824749999999999872e+01 1.795879999999999976e-01
-9.951009999999999422e+01 1.834850000000000136e+01 9.545499999999999818e-02
-9.968689999999999429e+01 1.822729999999999961e+01 2.332009999999999916e-01
-9.963639999999999475e+01 1.806569999999999965e+01 2.232399999999999940e-01
-9.986360000000000525e+01 1.802530000000000143e+01 2.290510000000000046e-01
-9.973739999999999384e+01 1.802530000000000143e+01 1.992919999999999969e-01
-9.938379999999999370e+01 1.814649999999999963e+01 1.652839999999999865e-01
-9.991410000000000480e+01 1.846969999999999956e+01 1.853499999999999870e-01
-9.978789999999999338e+01 1.836870000000000047e+01 2.965889999999999915e-01
-9.986360000000000525e+01 1.844950000000000045e+01 2.754840000000000066e-01
-1.007727000000000004e+02 1.778280000000000172e+01 8.123999999999999277e-03
-9.963639999999999475e+01 1.844950000000000045e+01 2.336650000000000116e-01
-9.968689999999999429e+01 1.846969999999999956e+01 1.925260000000000027e-01
-9.971210000000000662e+01 1.838889999999999958e+01 2.359360000000000068e-01
-9.966160000000000707e+01 1.838889999999999958e+01 1.570479999999999932e-01
-9.976260000000000616e+01 1.842930000000000135e+01 1.116700000000000054e-01
-9.956059999999999377e+01 1.832829999999999870e+01 1.223270000000000052e-01
-9.958589999999999520e+01 1.832829999999999870e+01 7.371099999999999874e-02
-9.961109999999999332e+01 1.830809999999999960e+01 9.707399999999999363e-02
-9.961109999999999332e+01 1.830809999999999960e+01 1.307339999999999891e-01
-9.961109999999999332e+01 1.820710000000000051e+01 2.432479999999999920e-01
-9.991410000000000480e+01 1.778280000000000172e+01 3.745400000000000118e-02
-9.961109999999999332e+01 1.820710000000000051e+01 1.443810000000000093e-01
-9.968689999999999429e+01 1.808589999999999876e+01 2.780290000000000261e-01
-9.943429999999999325e+01 1.806569999999999965e+01 3.166499999999999870e-02
-9.913129999999999598e+01 1.824749999999999872e+01 1.228000000000000064e-01
-9.923229999999999507e+01 1.822729999999999961e+01 1.026119999999999949e-01
-9.961109999999999332e+01 1.810610000000000142e+01 1.154590000000000061e-01
-9.940909999999999513e+01 1.818690000000000140e+01 1.013580000000000036e-01
-9.963639999999999475e+01 1.820710000000000051e+01 6.180900000000000283e-02
-9.958589999999999520e+01 1.806569999999999965e+01 2.248040000000000038e-01
-9.956059999999999377e+01 1.812630000000000052e+01 2.155590000000000006e-01
-9.933329999999999416e+01 1.824749999999999872e+01 1.526909999999999934e-01
-9.920709999999999695e+01 1.820710000000000051e+01 1.793649999999999967e-01
-9.938379999999999370e+01 1.816669999999999874e+01 1.389620000000000022e-01
-9.961109999999999332e+01 1.816669999999999874e+01 8.873200000000000531e-02
-9.958589999999999520e+01 1.822729999999999961e+01 2.368889999999999885e-01
-9.958589999999999520e+01 1.822729999999999961e+01 2.161319999999999908e-01
-9.958589999999999520e+01 1.820710000000000051e+01 1.192280000000000006e-01
-9.966160000000000707e+01 1.826770000000000138e+01 1.617639999999999911e-01
-9.951009999999999422e+01 1.834850000000000136e+01 3.580099999999999949e-01
-9.956059999999999377e+01 1.832829999999999870e+01 1.552250000000000019e-01
-9.976260000000000616e+01 1.800509999999999877e+01 2.010409999999999975e-01
-9.953539999999999566e+01 1.828790000000000049e+01 2.153210000000000124e-01
-9.930809999999999604e+01 1.824749999999999872e+01 1.034790000000000015e-01
-9.958589999999999520e+01 1.816669999999999874e+01 1.028109999999999996e-01
-1.003434000000000026e+02 1.836870000000000047e+01 1.221689999999999998e-01
-9.961109999999999332e+01 1.828790000000000049e+01 2.154949999999999921e-01
-9.996460000000000434e+01 1.826770000000000138e+01 1.379879999999999995e-01
-1.004949000000000012e+02 1.804550000000000054e+01 2.530609999999999804e-01
-9.963639999999999475e+01 1.824749999999999872e+01 3.091499999999999804e-01
-9.958589999999999520e+01 1.814649999999999963e+01 2.343109999999999915e-01
-1.002172000000000054e+02 1.808589999999999876e+01 1.024909999999999988e-01
-9.973739999999999384e+01 1.806569999999999965e+01 2.118879999999999930e-01
-9.973739999999999384e+01 1.840909999999999869e+01 2.177880000000000094e-01
-9.951009999999999422e+01 1.848989999999999867e+01 4.399080000000000212e-01
-9.943429999999999325e+01 1.846969999999999956e+01 2.721469999999999723e-01
-9.993940000000000623e+01 1.814649999999999963e+01 5.058399999999999702e-02
-9.958589999999999520e+01 1.840909999999999869e+01 1.791310000000000124e-01
-9.973739999999999384e+01 1.840909999999999869e+01 1.741469999999999962e-01
-9.971210000000000662e+01 1.838889999999999958e+01 1.359350000000000003e-01
-9.953539999999999566e+01 1.828790000000000049e+01 3.780800000000000133e-02
-9.973739999999999384e+01 1.838889999999999958e+01 3.212590000000000168e-01
-9.956059999999999377e+01 1.830809999999999960e+01 1.541230000000000100e-01
-9.981310000000000571e+01 1.766159999999999997e+01 1.144270000000000009e-01
-9.991410000000000480e+01 1.764140000000000086e+01 1.066000000000000003e-01
-9.988890000000000668e+01 1.762120000000000175e+01 2.282629999999999937e-01
-9.973739999999999384e+01 1.822729999999999961e+01 2.011100000000000110e-01
-9.973739999999999384e+01 1.814649999999999963e+01 1.529989999999999961e-01
-9.978789999999999338e+01 1.774239999999999995e+01 2.059900000000000064e-01
-9.968689999999999429e+01 1.784339999999999904e+01 9.628599999999999659e-02
-9.978789999999999338e+01 1.768179999999999907e+01 1.388500000000000012e-01
-9.971210000000000662e+01 1.776259999999999906e+01 1.278690000000000104e-01
-9.976260000000000616e+01 1.814649999999999963e+01 7.273100000000000398e-02
-9.986360000000000525e+01 1.824749999999999872e+01 1.463319999999999899e-01
-9.991410000000000480e+01 1.762120000000000175e+01 1.124590000000000034e-01
-9.958589999999999520e+01 1.836870000000000047e+01 2.061540000000000039e-01
-9.943429999999999325e+01 1.788380000000000081e+01 4.822699999999999904e-02
-9.976260000000000616e+01 1.760099999999999909e+01 1.565040000000000042e-01
-9.956059999999999377e+01 1.840909999999999869e+01 1.621259999999999923e-01
-9.940909999999999513e+01 1.842930000000000135e+01 1.266299999999999926e-01
-9.943429999999999325e+01 1.832829999999999870e+01 1.083009999999999945e-01
-9.945959999999999468e+01 1.844950000000000045e+01 2.563969999999999860e-01
-9.940909999999999513e+01 1.842930000000000135e+01 2.111929999999999918e-01
-9.948480000000000700e+01 1.842930000000000135e+01 1.260900000000000076e-01
-9.998990000000000578e+01 1.816669999999999874e+01 1.395079999999999931e-01
-9.976260000000000616e+01 1.800509999999999877e+01 1.001449999999999979e-01
-9.986360000000000525e+01 1.812630000000000052e+01 7.328700000000000492e-02
-9.981310000000000571e+01 1.824749999999999872e+01 2.791969999999999730e-01
-9.971210000000000662e+01 1.828790000000000049e+01 1.795579999999999954e-01
-9.958589999999999520e+01 1.822729999999999961e+01 2.313759999999999983e-01
-9.963639999999999475e+01 1.814649999999999963e+01 1.836460000000000037e-01
-9.961109999999999332e+01 1.840909999999999869e+01 1.813520000000000132e-01
-9.961109999999999332e+01 1.822729999999999961e+01 1.912230000000000041e-01
-9.935859999999999559e+01 1.816669999999999874e+01 2.083720000000000017e-01
-9.951009999999999422e+01 1.830809999999999960e+01 2.141019999999999868e-01
-9.968689999999999429e+01 1.822729999999999961e+01 6.918100000000000638e-02
-9.938379999999999370e+01 1.812630000000000052e+01 6.708100000000000174e-02
-9.971210000000000662e+01 1.816669999999999874e+01 1.682659999999999989e-01
-9.935859999999999559e+01 1.820710000000000051e+01 1.267929999999999890e-01
-9.930809999999999604e+01 1.822729999999999961e+01 1.841700000000000004e-01
-9.930809999999999604e+01 1.824749999999999872e+01 1.633640000000000092e-01
-9.963639999999999475e+01 1.820710000000000051e+01 1.936809999999999921e-01
-9.978789999999999338e+01 1.828790000000000049e+01 1.602669999999999928e-01
-9.973739999999999384e+01 1.842930000000000135e+01 1.826109999999999955e-01
-9.993940000000000623e+01 1.800509999999999877e+01 3.150300000000000322e-02
-9.963639999999999475e+01 1.824749999999999872e+01 3.150220000000000242e-01
-9.935859999999999559e+01 1.808589999999999876e+01 6.366800000000000237e-02
-9.945959999999999468e+01 1.788380000000000081e+01 9.720399999999999874e-02
-9.961109999999999332e+01 1.816669999999999874e+01 1.267749999999999988e-01
-9.966160000000000707e+01 1.816669999999999874e+01 6.775200000000000666e-02
-9.948480000000000700e+01 1.840909999999999869e+01 7.503700000000000647e-02
-9.956059999999999377e+01 1.822729999999999961e+01 1.133470000000000033e-01
-9.978789999999999338e+01 1.800509999999999877e+01 1.841029999999999889e-01
-9.951009999999999422e+01 1.844950000000000045e+01 1.676819999999999977e-01
-9.925759999999999650e+01 1.812630000000000052e+01 4.834499999999999909e-02
-9.953539999999999566e+01 1.846969999999999956e+01 1.588529999999999942e-01
-9.918179999999999552e+01 1.810610000000000142e+01 1.047320000000000056e-01
-9.943429999999999325e+01 1.844950000000000045e+01 2.412670000000000092e-01
-9.925759999999999650e+01 1.812630000000000052e+01 9.666800000000000392e-02
-9.945959999999999468e+01 1.844950000000000045e+01 2.807350000000000123e-01
-9.930809999999999604e+01 1.834850000000000136e+01 5.793000000000000232e-02
-9.930809999999999604e+01 1.818690000000000140e+01 1.337649999999999950e-01
-9.925759999999999650e+01 1.812630000000000052e+01 5.400499999999999745e-02
-9.930809999999999604e+01 1.818690000000000140e+01 7.419900000000000106e-02
-9.951009999999999422e+01 1.826770000000000138e+01 1.189059999999999978e-01
-9.948480000000000700e+01 1.830809999999999960e+01 1.052280000000000021e-01
-9.925759999999999650e+01 1.834850000000000136e+01 1.413580000000000114e-01
-9.915659999999999741e+01 1.824749999999999872e+01 1.320350000000000135e-01
-9.958589999999999520e+01 1.816669999999999874e+01 1.548599999999999977e-01
-9.923229999999999507e+01 1.812630000000000052e+01 2.797259999999999747e-01
-9.956059999999999377e+01 1.818690000000000140e+01 7.461900000000000477e-02
-9.920709999999999695e+01 1.826770000000000138e+01 4.187300000000000050e-02
-9.928279999999999461e+01 1.814649999999999963e+01 1.169400000000000023e-01
-9.920709999999999695e+01 1.820710000000000051e+01 5.754399999999999793e-02
-9.920709999999999695e+01 1.802530000000000143e+01 2.190299999999999886e-02
-9.968689999999999429e+01 1.814649999999999963e+01 8.541500000000000481e-02
-9.933329999999999416e+01 1.810610000000000142e+01 6.229500000000000315e-02
-9.928279999999999461e+01 1.818690000000000140e+01 1.318900000000000072e-01
-9.971210000000000662e+01 1.814649999999999963e+01 2.979200000000000181e-01
-9.905559999999999832e+01 1.774239999999999995e+01 1.404910000000000048e-01
-9.925759999999999650e+01 1.834850000000000136e+01 2.192369999999999874e-01
-9.991410000000000480e+01 1.846969999999999956e+01 2.947060000000000235e-01
-9.996460000000000434e+01 1.842930000000000135e+01 2.930760000000000032e-01
-9.983839999999999293e+01 1.844950000000000045e+01 2.702860000000000262e-01
-9.968689999999999429e+01 1.820710000000000051e+01 3.717579999999999774e-01
-9.963639999999999475e+01 1.816669999999999874e+01 2.925180000000000002e-01
-9.938379999999999370e+01 1.834850000000000136e+01 1.367180000000000062e-01
-9.966160000000000707e+01 1.816669999999999874e+01 2.829070000000000196e-01
-9.915659999999999741e+01 1.832829999999999870e+01 1.060040000000000010e-01
-9.915659999999999741e+01 1.832829999999999870e+01 2.378949999999999954e-01
-9.971210000000000662e+01 1.840909999999999869e+01 2.832870000000000110e-01
-9.951009999999999422e+01 1.842930000000000135e+01 1.444090000000000096e-01
-1.001414000000000044e+02 1.828790000000000049e+01 4.366260000000000141e-01
-9.971210000000000662e+01 1.832829999999999870e+01 5.132729999999999793e-01
-9.958589999999999520e+01 1.812630000000000052e+01 1.304289999999999894e-01
-9.981310000000000571e+01 1.824749999999999872e+01 3.075959999999999805e-01
-9.986360000000000525e+01 1.830809999999999960e+01 2.698499999999999857e-02
-9.961109999999999332e+01 1.838889999999999958e+01 2.121550000000000102e-01
-9.971210000000000662e+01 1.824749999999999872e+01 1.912339999999999873e-01
-9.968689999999999429e+01 1.824749999999999872e+01 2.790759999999999907e-01
-9.978789999999999338e+01 1.832829999999999870e+01 1.666100000000000081e-01
-9.966160000000000707e+01 1.826770000000000138e+01 1.884909999999999919e-01
-9.963639999999999475e+01 1.818690000000000140e+01 4.168100000000000138e-01
-9.948480000000000700e+01 1.810610000000000142e+01 2.466170000000000029e-01
-9.961109999999999332e+01 1.830809999999999960e+01 1.743329999999999880e-01
-9.978789999999999338e+01 1.828790000000000049e+01 7.291400000000000658e-02
-9.951009999999999422e+01 1.826770000000000138e+01 5.640499999999999681e-02
-9.998990000000000578e+01 1.830809999999999960e+01 3.478029999999999733e-01
-9.973739999999999384e+01 1.802530000000000143e+01 1.249129999999999963e-01
-9.991410000000000480e+01 1.840909999999999869e+01 2.610290000000000110e-01
-9.963639999999999475e+01 1.820710000000000051e+01 3.534660000000000024e-01
-9.976260000000000616e+01 1.800509999999999877e+01 9.242200000000000415e-02
-9.956059999999999377e+01 1.824749999999999872e+01 4.763499999999999679e-02
-9.963639999999999475e+01 1.822729999999999961e+01 2.818880000000000274e-01
-9.978789999999999338e+01 1.800509999999999877e+01 1.290930000000000133e-01
-9.976260000000000616e+01 1.800509999999999877e+01 1.053650000000000003e-01
-9.958589999999999520e+01 1.820710000000000051e+01 1.714839999999999975e-01
-9.930809999999999604e+01 1.812630000000000052e+01 7.503600000000000547e-02
-9.953539999999999566e+01 1.820710000000000051e+01 1.690250000000000086e-01
-9.953539999999999566e+01 1.828790000000000049e+01 3.496250000000000191e-01
-9.928279999999999461e+01 1.810610000000000142e+01 1.240070000000000061e-01
-9.956059999999999377e+01 1.830809999999999960e+01 3.412769999999999970e-01
-9.953539999999999566e+01 1.834850000000000136e+01 1.848049999999999971e-01
-9.961109999999999332e+01 1.820710000000000051e+01 9.569199999999999928e-02
-9.928279999999999461e+01 1.808589999999999876e+01 5.110599999999999865e-02
-9.978789999999999338e+01 1.768179999999999907e+01 1.343020000000000047e-01
-9.918179999999999552e+01 1.796460000000000079e+01 9.363399999999999501e-02
-9.978789999999999338e+01 1.800509999999999877e+01 1.055709999999999982e-01
-9.966160000000000707e+01 1.762120000000000175e+01 9.176399999999999835e-02
-9.951009999999999422e+01 1.814649999999999963e+01 8.703500000000000125e-02
-9.968689999999999429e+01 1.820710000000000051e+01 9.892900000000000305e-02
-9.938379999999999370e+01 1.806569999999999965e+01 8.583300000000000651e-02
-9.930809999999999604e+01 1.802530000000000143e+01 7.837800000000000322e-02
-9.983839999999999293e+01 1.820710000000000051e+01 1.564280000000000115e-01
-9.956059999999999377e+01 1.818690000000000140e+01 2.548540000000000250e-01
-9.935859999999999559e+01 1.812630000000000052e+01 3.756600000000000217e-02
-9.938379999999999370e+01 1.818690000000000140e+01 5.535000000000000336e-02
-9.978789999999999338e+01 1.762120000000000175e+01 1.873940000000000050e-01
-9.956059999999999377e+01 1.820710000000000051e+01 1.870050000000000046e-01
-9.956059999999999377e+01 1.822729999999999961e+01 6.026999999999999719e-02
-9.963639999999999475e+01 1.826770000000000138e+01 2.145880000000000010e-01
-9.996460000000000434e+01 1.818690000000000140e+01 4.806200000000000055e-02
-9.966160000000000707e+01 1.810610000000000142e+01 1.381749999999999923e-01
-9.958589999999999520e+01 1.812630000000000052e+01 3.942240000000000189e-01
-9.986360000000000525e+01 1.774239999999999995e+01 1.763019999999999865e-01
-9.998990000000000578e+01 1.770200000000000173e+01 6.964700000000000057e-02
-9.996460000000000434e+01 1.776259999999999906e+01 7.618800000000000572e-02
-9.933329999999999416e+01 1.812630000000000052e+01 1.207300000000000040e-01
-9.961109999999999332e+01 1.822729999999999961e+01 2.057350000000000012e-01
-9.938379999999999370e+01 1.814649999999999963e+01 1.193209999999999965e-01
-9.963639999999999475e+01 1.816669999999999874e+01 2.717959999999999821e-01
-9.938379999999999370e+01 1.816669999999999874e+01 1.298360000000000070e-01
-9.958589999999999520e+01 1.824749999999999872e+01 1.874470000000000025e-01
-9.978789999999999338e+01 1.820710000000000051e+01 1.138590000000000019e-01
-9.976260000000000616e+01 1.762120000000000175e+01 1.503369999999999984e-01
-9.971210000000000662e+01 1.768179999999999907e+01 1.663840000000000041e-01
-9.976260000000000616e+01 1.832829999999999870e+01 3.714899999999999869e-01
-9.993940000000000623e+01 1.832829999999999870e+01 1.912190000000000001e-01
-1.000909000000000049e+02 1.820710000000000051e+01 2.697499999999999898e-01
-9.973739999999999384e+01 1.772220000000000084e+01 9.244700000000000140e-02
-9.940909999999999513e+01 1.840909999999999869e+01 2.518119999999999803e-01
-9.963639999999999475e+01 1.816669999999999874e+01 1.326400000000000079e-01
-9.973739999999999384e+01 1.802530000000000143e+01 2.080809999999999882e-01
-9.908079999999999643e+01 1.774239999999999995e+01 1.489709999999999923e-01
-9.971210000000000662e+01 1.814649999999999963e+01 1.311269999999999936e-01
-9.978789999999999338e+01 1.768179999999999907e+01 1.199130000000000057e-01
-9.948480000000000700e+01 1.834850000000000136e+01 3.898010000000000086e-01
-9.971210000000000662e+01 1.836870000000000047e+01 2.340959999999999985e-01
-9.961109999999999332e+01 1.826770000000000138e+01 3.359309999999999796e-01
-9.966160000000000707e+01 1.844950000000000045e+01 2.646379999999999844e-01
-9.956059999999999377e+01 1.834850000000000136e+01 3.612730000000000108e-01
-9.961109999999999332e+01 1.830809999999999960e+01 3.772650000000000170e-01
-9.943429999999999325e+01 1.844950000000000045e+01 2.556339999999999724e-01
-9.968689999999999429e+01 1.822729999999999961e+01 3.180930000000000146e-01
-9.968689999999999429e+01 1.838889999999999958e+01 1.776320000000000121e-01
-9.951009999999999422e+01 1.830809999999999960e+01 2.446589999999999876e-01
-9.966160000000000707e+01 1.820710000000000051e+01 2.168470000000000120e-01
-9.943429999999999325e+01 1.844950000000000045e+01 2.886299999999999977e-01
-9.961109999999999332e+01 1.824749999999999872e+01 1.394120000000000081e-01
-9.923229999999999507e+01 1.830809999999999960e+01 1.744459999999999900e-01
-9.908079999999999643e+01 1.822729999999999961e+01 1.277649999999999897e-01
-9.928279999999999461e+01 1.828790000000000049e+01 2.090909999999999991e-01
-9.925759999999999650e+01 1.812630000000000052e+01 6.911200000000000676e-02
-9.913129999999999598e+01 1.832829999999999870e+01 1.391699999999999882e-01
-9.988890000000000668e+01 1.846969999999999956e+01 1.648860000000000048e-01
-9.933329999999999416e+01 1.814649999999999963e+01 8.786299999999999666e-02
-9.923229999999999507e+01 1.812630000000000052e+01 2.058379999999999932e-01
-9.913129999999999598e+01 1.820710000000000051e+01 7.559100000000000541e-02
-9.933329999999999416e+01 1.818690000000000140e+01 1.311470000000000136e-01
-9.953539999999999566e+01 1.846969999999999956e+01 1.498029999999999917e-01
-9.940909999999999513e+01 1.818690000000000140e+01 7.501099999999999435e-02
-9.935859999999999559e+01 1.818690000000000140e+01 7.512900000000000134e-02
-9.951009999999999422e+01 1.830809999999999960e+01 3.341299999999999826e-02
-9.958589999999999520e+01 1.848989999999999867e+01 1.536710000000000020e-01
-9.953539999999999566e+01 1.844950000000000045e+01 1.905129999999999879e-01
-9.996460000000000434e+01 1.838889999999999958e+01 1.976489999999999914e-01
-9.961109999999999332e+01 1.846969999999999956e+01 2.471270000000000133e-01
-9.973739999999999384e+01 1.840909999999999869e+01 1.862310000000000076e-01
-9.956059999999999377e+01 1.836870000000000047e+01 1.200230000000000047e-01
-9.973739999999999384e+01 1.848989999999999867e+01 1.535199999999999898e-01
-9.978789999999999338e+01 1.851010000000000133e+01 1.967409999999999992e-01
-9.953539999999999566e+01 1.830809999999999960e+01 3.021329999999999849e-01
-9.971210000000000662e+01 1.838889999999999958e+01 2.023939999999999906e-01
-9.961109999999999332e+01 1.824749999999999872e+01 1.729120000000000101e-01
-9.918179999999999552e+01 1.832829999999999870e+01 2.170519999999999949e-01
-9.910609999999999786e+01 1.824749999999999872e+01 3.768900000000000028e-02
-9.953539999999999566e+01 1.826770000000000138e+01 9.736899999999999722e-02
-9.951009999999999422e+01 1.810610000000000142e+01 2.832549999999999790e-01
-9.966160000000000707e+01 1.826770000000000138e+01 1.527959999999999874e-01
-9.971210000000000662e+01 1.826770000000000138e+01 1.980359999999999898e-01
-9.968689999999999429e+01 1.832829999999999870e+01 1.161299999999999971e-01
-9.973739999999999384e+01 1.820710000000000051e+01 2.623429999999999929e-01
-9.951009999999999422e+01 1.826770000000000138e+01 2.797209999999999974e-01
-9.971210000000000662e+01 1.838889999999999958e+01 1.982659999999999978e-01
-9.956059999999999377e+01 1.812630000000000052e+01 1.668379999999999863e-01
-9.951009999999999422e+01 1.826770000000000138e+01 1.399160000000000126e-01
-9.958589999999999520e+01 1.840909999999999869e+01 1.654579999999999940e-01
-9.951009999999999422e+01 1.810610000000000142e+01 2.168200000000000127e-01
-1.001919000000000040e+02 1.848989999999999867e+01 3.353130000000000277e-01
-9.976260000000000616e+01 1.836870000000000047e+01 1.306170000000000109e-01
-9.978789999999999338e+01 1.798479999999999990e+01 1.036509999999999931e-01
-9.943429999999999325e+01 1.844950000000000045e+01 1.645109999999999906e-01
-9.976260000000000616e+01 1.840909999999999869e+01 2.615509999999999780e-01
-9.976260000000000616e+01 1.800509999999999877e+01 2.513639999999999763e-01
-9.951009999999999422e+01 1.814649999999999963e+01 6.435699999999999754e-02
-9.971210000000000662e+01 1.802530000000000143e+01 9.955100000000000060e-02
-9.988890000000000668e+01 1.780300000000000082e+01 5.186500000000000138e-02
-9.963639999999999475e+01 1.812630000000000052e+01 1.456179999999999974e-01
-9.956059999999999377e+01 1.822729999999999961e+01 7.251499999999999613e-02
-9.973739999999999384e+01 1.808589999999999876e+01 1.598559999999999981e-01
-9.935859999999999559e+01 1.804550000000000054e+01 4.351399999999999713e-02
-9.933329999999999416e+01 1.816669999999999874e+01 1.379910000000000025e-01
-9.958589999999999520e+01 1.816669999999999874e+01 1.485049999999999981e-01
-9.938379999999999370e+01 1.816669999999999874e+01 4.266799999999999760e-02
-9.961109999999999332e+01 1.816669999999999874e+01 1.009950000000000014e-01
-9.956059999999999377e+01 1.826770000000000138e+01 1.952230000000000076e-01
-9.928279999999999461e+01 1.808589999999999876e+01 1.820869999999999989e-01
-9.928279999999999461e+01 1.806569999999999965e+01 1.486919999999999908e-01
-9.953539999999999566e+01 1.820710000000000051e+01 1.776890000000000136e-01
-9.938379999999999370e+01 1.806569999999999965e+01 8.236400000000000665e-02
-9.943429999999999325e+01 1.814649999999999963e+01 1.122029999999999972e-01
-9.956059999999999377e+01 1.834850000000000136e+01 2.161649999999999960e-01
-9.923229999999999507e+01 1.816669999999999874e+01 1.441199999999999981e-01
-9.933329999999999416e+01 1.824749999999999872e+01 4.358900000000000274e-02
-9.933329999999999416e+01 1.824749999999999872e+01 1.810499999999999887e-01
-9.951009999999999422e+01 1.830809999999999960e+01 1.269240000000000090e-01
-9.935859999999999559e+01 1.810610000000000142e+01 1.556700000000000028e-01
-9.956059999999999377e+01 1.816669999999999874e+01 1.892459999999999976e-01
-9.935859999999999559e+01 1.822729999999999961e+01 1.512620000000000076e-01
-9.958589999999999520e+01 1.840909999999999869e+01 1.397579999999999933e-01
-9.943429999999999325e+01 1.842930000000000135e+01 2.053800000000000070e-01
-9.918179999999999552e+01 1.836870000000000047e+01 2.550970000000000182e-01
-9.961109999999999332e+01 1.838889999999999958e+01 2.246249999999999913e-01
-9.940909999999999513e+01 1.824749999999999872e+01 1.341469999999999885e-01
-9.935859999999999559e+01 1.824749999999999872e+01 1.758329999999999893e-01
-9.938379999999999370e+01 1.842930000000000135e+01 7.363699999999999413e-02
-9.968689999999999429e+01 1.798479999999999990e+01 2.142969999999999875e-01
-9.963639999999999475e+01 1.842930000000000135e+01 2.506740000000000079e-01
-9.976260000000000616e+01 1.838889999999999958e+01 1.103829999999999950e-01
-9.968689999999999429e+01 1.820710000000000051e+01 3.228860000000000063e-01
-9.966160000000000707e+01 1.824749999999999872e+01 1.823670000000000013e-01
-9.943429999999999325e+01 1.834850000000000136e+01 2.118240000000000123e-01
-9.991410000000000480e+01 1.846969999999999956e+01 1.917709999999999970e-01
-9.961109999999999332e+01 1.814649999999999963e+01 2.304000000000000058e-03
-9.953539999999999566e+01 1.846969999999999956e+01 1.746280000000000054e-01
-9.956059999999999377e+01 1.848989999999999867e+01 1.192529999999999979e-01
-9.940909999999999513e+01 1.844950000000000045e+01 1.588380000000000070e-01
-9.958589999999999520e+01 1.838889999999999958e+01 2.893680000000000141e-01
-9.966160000000000707e+01 1.844950000000000045e+01 2.385970000000000035e-01
-9.958589999999999520e+01 1.840909999999999869e+01 2.812399999999999900e-01
-9.951009999999999422e+01 1.836870000000000047e+01 1.320340000000000125e-01
-9.956059999999999377e+01 1.832829999999999870e+01 1.252409999999999912e-01
-9.983839999999999293e+01 1.842930000000000135e+01 1.225559999999999983e-01
-9.945959999999999468e+01 1.844950000000000045e+01 3.929059999999999775e-01
-9.968689999999999429e+01 1.838889999999999958e+01 1.724999999999999867e-01
-9.991410000000000480e+01 1.830809999999999960e+01 2.716189999999999993e-01
-1.000151999999999930e+02 1.830809999999999960e+01 2.967380000000000018e-01
-9.986360000000000525e+01 1.846969999999999956e+01 9.304900000000000670e-02
-9.940909999999999513e+01 1.818690000000000140e+01 8.121799999999999853e-02
-9.978789999999999338e+01 1.826770000000000138e+01 1.786000000000000087e-01
-9.981310000000000571e+01 1.822729999999999961e+01 9.170499999999999485e-02
-9.966160000000000707e+01 1.826770000000000138e+01 2.669290000000000274e-01
-9.956059999999999377e+01 1.822729999999999961e+01 1.307329999999999881e-01
-9.963639999999999475e+01 1.824749999999999872e+01 1.241329999999999933e-01
-9.956059999999999377e+01 1.828790000000000049e+01 1.007080000000000058e-01
-9.966160000000000707e+01 1.816669999999999874e+01 2.328540000000000054e-01
-9.966160000000000707e+01 1.812630000000000052e+01 1.067940000000000000e-01
-9.948480000000000700e+01 1.812630000000000052e+01 6.226700000000000290e-02
-9.986360000000000525e+01 1.830809999999999960e+01 3.116419999999999746e-01
-9.981310000000000571e+01 1.826770000000000138e+01 3.847599999999999909e-01
-9.988890000000000668e+01 1.836870000000000047e+01 1.704050000000000009e-01
-9.988890000000000668e+01 1.834850000000000136e+01 2.116979999999999973e-01
-9.988890000000000668e+01 1.836870000000000047e+01 1.711380000000000123e-01
-9.940909999999999513e+01 1.828790000000000049e+01 3.715979999999999839e-01
-9.978789999999999338e+01 1.840909999999999869e+01 3.774299999999999877e-01
-9.928279999999999461e+01 1.836870000000000047e+01 1.748109999999999942e-01
-9.938379999999999370e+01 1.840909999999999869e+01 9.847499999999999309e-02
-9.953539999999999566e+01 1.816669999999999874e+01 4.966099999999999681e-02
-9.951009999999999422e+01 1.838889999999999958e+01 1.917000000000000093e-01
-9.923229999999999507e+01 1.822729999999999961e+01 7.974000000000000532e-02
-9.918179999999999552e+01 1.834850000000000136e+01 1.469280000000000030e-01
-9.933329999999999416e+01 1.832829999999999870e+01 1.947639999999999927e-01
-9.925759999999999650e+01 1.834850000000000136e+01 1.434870000000000034e-01
-9.928279999999999461e+01 1.818690000000000140e+01 1.371549999999999991e-01
-9.953539999999999566e+01 1.836870000000000047e+01 7.427300000000000568e-02
-9.908079999999999643e+01 1.828790000000000049e+01 2.618389999999999884e-01
-9.940909999999999513e+01 1.828790000000000049e+01 8.382100000000000661e-02
-9.933329999999999416e+01 1.818690000000000140e+01 2.028760000000000008e-01
-9.935859999999999559e+01 1.812630000000000052e+01 2.215380000000000127e-01
-9.956059999999999377e+01 1.814649999999999963e+01 6.900000000000000577e-02
-9.930809999999999604e+01 1.808589999999999876e+01 1.087779999999999997e-01
-9.920709999999999695e+01 1.820710000000000051e+01 1.248719999999999969e-01
-9.956059999999999377e+01 1.836870000000000047e+01 3.448939999999999784e-01
-9.973739999999999384e+01 1.844950000000000045e+01 2.319710000000000105e-01
-9.928279999999999461e+01 1.814649999999999963e+01 2.946030000000000038e-01
-9.953539999999999566e+01 1.832829999999999870e+01 1.461379999999999901e-01
-9.940909999999999513e+01 1.818690000000000140e+01 1.454199999999999937e-01
-9.956059999999999377e+01 1.820710000000000051e+01 4.166299999999999865e-02
-9.951009999999999422e+01 1.842930000000000135e+01 1.368099999999999872e-01
-9.958589999999999520e+01 1.834850000000000136e+01 1.737720000000000098e-01
-9.920709999999999695e+01 1.826770000000000138e+01 8.883800000000000030e-02
-9.933329999999999416e+01 1.822729999999999961e+01 1.895979999999999888e-01
-9.963639999999999475e+01 1.828790000000000049e+01 2.329120000000000079e-01
-9.966160000000000707e+01 1.814649999999999963e+01 3.394199999999999995e-01
-9.981310000000000571e+01 1.798479999999999990e+01 1.188459999999999933e-01
-9.951009999999999422e+01 1.818690000000000140e+01 3.180899999999999700e-02
-9.966160000000000707e+01 1.806569999999999965e+01 8.321599999999999830e-02
-9.963639999999999475e+01 1.810610000000000142e+01 1.512449999999999906e-01
-9.908079999999999643e+01 1.820710000000000051e+01 2.053540000000000088e-01
-9.966160000000000707e+01 1.812630000000000052e+01 2.515499999999999958e-01
-9.988890000000000668e+01 1.824749999999999872e+01 2.413490000000000080e-01
-9.956059999999999377e+01 1.844950000000000045e+01 3.123929999999999763e-01
-9.956059999999999377e+01 1.826770000000000138e+01 2.082589999999999997e-01
-9.953539999999999566e+01 1.840909999999999869e+01 2.728940000000000254e-01
-9.938379999999999370e+01 1.818690000000000140e+01 1.854119999999999935e-01
-9.973739999999999384e+01 1.814649999999999963e+01 5.251700000000000118e-02
-9.938379999999999370e+01 1.808589999999999876e+01 4.110599999999999671e-02
-9.978789999999999338e+01 1.798479999999999990e+01 9.303799999999999570e-02
