-1.202000000000000028e+02 3.562500000000000000e+01 1.440639999999999976e-01
-1.202399999999999949e+02 3.567999999999999972e+01 5.519299999999999901e-02
-1.206550000000000011e+02 3.607999999999999829e+01 1.926980000000000082e-01
-1.206400000000000006e+02 3.611999999999999744e+01 1.270880000000000065e-01
-1.206749999999999972e+02 3.613499999999999801e+01 1.169290000000000052e-01
-1.203400000000000034e+02 3.576500000000000057e+01 1.549520000000000064e-01
-1.203199999999999932e+02 3.574499999999999744e+01 6.407999999999999807e-02
-1.206899999999999977e+02 3.613499999999999801e+01 1.135349999999999970e-01
-1.201050000000000040e+02 3.567499999999999716e+01 2.112999999999999861e-03
-1.202800000000000011e+02 3.571999999999999886e+01 5.058900000000000202e-02
-1.206149999999999949e+02 3.608500000000000085e+01 1.602200000000000013e-01
-1.206449999999999960e+02 3.609499999999999886e+01 1.426499999999999990e-01
-1.206449999999999960e+02 3.611999999999999744e+01 1.371100000000000096e-01
-1.205849999999999937e+02 3.605499999999999972e+01 1.238599999999999979e-01
-1.203449999999999989e+02 3.582000000000000028e+01 7.317099999999999993e-02
-1.202199999999999989e+02 3.570000000000000284e+01 2.145499999999999838e-02
-1.207199999999999989e+02 3.617499999999999716e+01 6.201500000000000068e-02
-1.205750000000000028e+02 3.600500000000000256e+01 2.219240000000000101e-01
-1.203299999999999983e+02 3.579500000000000171e+01 7.200199999999999656e-02
-1.205300000000000011e+02 3.600500000000000256e+01 2.258590000000000042e-01
-1.207699999999999960e+02 3.621999999999999886e+01 7.367999999999999550e-02
-1.210799999999999983e+02 3.643500000000000227e+01 4.566800000000000026e-02
-1.206350000000000051e+02 3.611999999999999744e+01 8.138199999999999601e-02
-1.202549999999999955e+02 3.569500000000000028e+01 4.049500000000000322e-02
-1.202549999999999955e+02 3.568999999999999773e+01 1.029219999999999996e-01
-1.205150000000000006e+02 3.597500000000000142e+01 2.075220000000000120e-01
-1.202199999999999989e+02 3.568500000000000227e+01 6.085399999999999837e-02
-1.210649999999999977e+02 3.644500000000000028e+01 5.360299999999999787e-02
-1.208349999999999937e+02 3.628000000000000114e+01 5.996300000000000241e-02
-1.203250000000000028e+02 3.578999999999999915e+01 7.497099999999999598e-02
-1.205649999999999977e+02 3.602000000000000313e+01 2.256160000000000110e-01
-1.202800000000000011e+02 3.570000000000000284e+01 1.275409999999999877e-01
-1.208299999999999983e+02 3.628999999999999915e+01 3.351300000000000112e-02
-1.205499999999999972e+02 3.602000000000000313e+01 1.364249999999999907e-01
-1.201899999999999977e+02 3.563000000000000256e+01 3.416500000000000092e-02
-1.200750000000000028e+02 3.553000000000000114e+01 6.264699999999999436e-02
-1.203199999999999932e+02 3.575500000000000256e+01 1.029150000000000065e-01
-1.207199999999999989e+02 3.621000000000000085e+01 1.122439999999999966e-01
-1.203400000000000034e+02 3.578999999999999915e+01 5.184899999999999926e-02
-1.207450000000000045e+02 3.620000000000000284e+01 4.349800000000000194e-02
-1.205499999999999972e+02 3.600500000000000256e+01 1.024120000000000030e-01
-1.205150000000000006e+02 3.597999999999999687e+01 2.187439999999999940e-01
-1.205150000000000006e+02 3.597999999999999687e+01 2.504069999999999907e-01
-1.201400000000000006e+02 3.564000000000000057e+01 1.638900000000000079e-02
-1.200100000000000051e+02 3.543999999999999773e+01 1.321080000000000032e-01
-1.203250000000000028e+02 3.578000000000000114e+01 8.800800000000000289e-02
-1.203199999999999932e+02 3.578499999999999659e+01 1.014649999999999996e-01
-1.201749999999999972e+02 3.566499999999999915e+01 5.511200000000000127e-02
-1.201099999999999994e+02 3.557500000000000284e+01 5.792300000000000226e-02
-1.206700000000000017e+02 3.614000000000000057e+01 8.070599999999999996e-02
-1.206400000000000006e+02 3.611999999999999744e+01 7.771200000000000330e-02
-1.201749999999999972e+02 3.560999999999999943e+01 5.994700000000000029e-02
-1.201500000000000057e+02 3.563499999999999801e+01 5.387200000000000322e-02
-1.201149999999999949e+02 3.550500000000000256e+01 7.920599999999999863e-02
-1.208050000000000068e+02 3.625800000000000267e+01 4.905799999999999744e-02
-1.202950000000000017e+02 3.572999999999999687e+01 1.546980000000000022e-01
-1.203949999999999960e+02 3.587700000000000244e+01 8.553499999999999992e-02
-1.201099999999999994e+02 3.553999999999999915e+01 6.839499999999999746e-02
-1.205250000000000057e+02 3.597999999999999687e+01 1.628989999999999883e-01
-1.203349999999999937e+02 3.578499999999999659e+01 9.296999999999999709e-02
-1.206250000000000000e+02 3.608500000000000085e+01 1.504149999999999932e-01
-1.207349999999999994e+02 3.617999999999999972e+01 6.716300000000000048e-02
-1.202650000000000006e+02 3.571000000000000085e+01 8.593599999999999850e-02
-1.202450000000000045e+02 3.567000000000000171e+01 3.571699999999999875e-02
-1.203900000000000006e+02 3.587500000000000000e+01 2.145479999999999887e-01
-1.207249999999999943e+02 3.617499999999999716e+01 7.835999999999999910e-02
-1.202349999999999994e+02 3.566499999999999915e+01 1.953900000000000081e-02
-1.207900000000000063e+02 3.622999999999999687e+01 4.265499999999999847e-02
-1.209249999999999972e+02 3.632000000000000028e+01 8.951299999999999535e-02
-1.203149999999999977e+02 3.573499999999999943e+01 1.722980000000000067e-01
-1.203619999999999948e+02 3.585199999999999676e+01 9.072500000000000009e-02
-1.201850000000000023e+02 3.561999999999999744e+01 7.621999999999999609e-02
-1.203349999999999937e+02 3.574000000000000199e+01 1.765190000000000092e-01
-1.203250000000000028e+02 3.574499999999999744e+01 1.817860000000000031e-01
-1.201500000000000057e+02 3.562500000000000000e+01 3.681700000000000250e-02
-1.202049999999999983e+02 3.563499999999999801e+01 2.326500000000000096e-02
-1.202150000000000034e+02 3.565999999999999659e+01 1.558340000000000003e-01
-1.202650000000000006e+02 3.567499999999999716e+01 1.566079999999999972e-01
-1.206650000000000063e+02 3.614000000000000057e+01 1.269119999999999970e-01
-1.203599999999999994e+02 3.585199999999999676e+01 8.262899999999999412e-02
-1.205450000000000017e+02 3.600999999999999801e+01 1.310890000000000111e-01
-1.204270000000000067e+02 3.584499999999999886e+01 1.780789999999999873e-01
-1.205949999999999989e+02 3.606499999999999773e+01 2.161829999999999863e-01
-1.206500000000000057e+02 3.610000000000000142e+01 1.764519999999999977e-01
-1.202349999999999994e+02 3.565999999999999659e+01 1.502159999999999884e-01
-1.206299999999999955e+02 3.611999999999999744e+01 1.591869999999999952e-01
-1.202199999999999989e+02 3.564000000000000057e+01 6.410599999999999632e-02
-1.205400000000000063e+02 3.599499999999999744e+01 9.630900000000000571e-02
