-1.202000000000000028e+02 3.562500000000000000e+01 -1.041539999999999966e-01
-1.202399999999999949e+02 3.567999999999999972e+01 7.526299999999999657e-02
-1.206550000000000011e+02 3.607999999999999829e+01 5.007600000000000245e-02
-1.206400000000000006e+02 3.611999999999999744e+01 6.263299999999999423e-02
-1.206749999999999972e+02 3.613499999999999801e+01 2.130699999999999955e-02
-1.203400000000000034e+02 3.576500000000000057e+01 2.058540000000000092e-01
-1.203199999999999932e+02 3.574499999999999744e+01 1.027639999999999942e-01
-1.206899999999999977e+02 3.613499999999999801e+01 8.904700000000000115e-02
-1.201050000000000040e+02 3.567499999999999716e+01 4.833999999999999755e-03
-1.202800000000000011e+02 3.571999999999999886e+01 6.874700000000000255e-02
-1.206149999999999949e+02 3.608500000000000085e+01 1.657180000000000042e-01
-1.206449999999999960e+02 3.609499999999999886e+01 5.853300000000000169e-02
-1.206449999999999960e+02 3.611999999999999744e+01 8.252299999999999913e-02
-1.205849999999999937e+02 3.605499999999999972e+01 1.361060000000000048e-01
-1.203449999999999989e+02 3.582000000000000028e+01 1.147760000000000030e-01
-1.202199999999999989e+02 3.570000000000000284e+01 6.440400000000000291e-02
-1.207199999999999989e+02 3.617499999999999716e+01 1.489219999999999988e-01
-1.205750000000000028e+02 3.600500000000000256e+01 2.213390000000000080e-01
-1.203299999999999983e+02 3.579500000000000171e+01 9.762200000000000044e-02
-1.205300000000000011e+02 3.600500000000000256e+01 1.888209999999999888e-01
-1.207699999999999960e+02 3.621999999999999886e+01 9.873200000000000032e-02
-1.210799999999999983e+02 3.643500000000000227e+01 9.604600000000000637e-02
-1.206350000000000051e+02 3.611999999999999744e+01 1.102690000000000059e-01
-1.202549999999999955e+02 3.569500000000000028e+01 5.712300000000000016e-02
-1.202549999999999955e+02 3.568999999999999773e+01 2.298340000000000105e-01
-1.205150000000000006e+02 3.597500000000000142e+01 2.388669999999999960e-01
-1.202199999999999989e+02 3.568500000000000227e+01 8.290899999999999659e-02
-1.210649999999999977e+02 3.644500000000000028e+01 1.265739999999999921e-01
-1.208349999999999937e+02 3.628000000000000114e+01 1.123610000000000025e-01
-1.203250000000000028e+02 3.578999999999999915e+01 7.874899999999999956e-02
-1.205649999999999977e+02 3.602000000000000313e+01 1.950159999999999949e-01
-1.202800000000000011e+02 3.570000000000000284e+01 3.457470000000000265e-01
-1.208299999999999983e+02 3.628999999999999915e+01 7.785499999999999365e-02
-1.205499999999999972e+02 3.602000000000000313e+01 1.431139999999999912e-01
-1.201899999999999977e+02 3.563000000000000256e+01 8.722199999999999398e-02
-1.200750000000000028e+02 3.553000000000000114e+01 1.126510000000000011e-01
-1.203199999999999932e+02 3.575500000000000256e+01 1.521210000000000062e-01
-1.207199999999999989e+02 3.621000000000000085e+01 1.383439999999999948e-01
-1.203400000000000034e+02 3.578999999999999915e+01 7.140499999999999625e-02
-1.207450000000000045e+02 3.620000000000000284e+01 1.110560000000000019e-01
-1.205499999999999972e+02 3.600500000000000256e+01 7.463799999999999601e-02
-1.205150000000000006e+02 3.597999999999999687e+01 2.500999999999999890e-01
-1.205150000000000006e+02 3.597999999999999687e+01 2.369989999999999875e-01
-1.201400000000000006e+02 3.564000000000000057e+01 3.306100000000000011e-02
-1.200100000000000051e+02 3.543999999999999773e+01 3.274859999999999993e-01
-1.203250000000000028e+02 3.578000000000000114e+01 9.159299999999999387e-02
-1.203199999999999932e+02 3.578499999999999659e+01 1.347760000000000069e-01
-1.201749999999999972e+02 3.566499999999999915e+01 5.985100000000000142e-02
-1.201099999999999994e+02 3.557500000000000284e+01 9.030199999999999338e-02
-1.206700000000000017e+02 3.614000000000000057e+01 7.826700000000000323e-02
-1.206400000000000006e+02 3.611999999999999744e+01 1.269270000000000120e-01
-1.201749999999999972e+02 3.560999999999999943e+01 1.052649999999999975e-01
-1.201500000000000057e+02 3.563499999999999801e+01 6.796399999999999664e-02
-1.201149999999999949e+02 3.550500000000000256e+01 1.588219999999999910e-01
-1.208050000000000068e+02 3.625800000000000267e+01 1.092940000000000023e-01
-1.202950000000000017e+02 3.572999999999999687e+01 4.165090000000000181e-01
-1.203949999999999960e+02 3.587700000000000244e+01 1.152640000000000053e-01
-1.201099999999999994e+02 3.553999999999999915e+01 9.492399999999999449e-02
-1.205250000000000057e+02 3.597999999999999687e+01 1.416759999999999964e-01
-1.203349999999999937e+02 3.578499999999999659e+01 1.432410000000000072e-01
-1.206250000000000000e+02 3.608500000000000085e+01 1.703629999999999867e-01
-1.207349999999999994e+02 3.617999999999999972e+01 1.032890000000000058e-01
-1.202650000000000006e+02 3.571000000000000085e+01 1.118370000000000059e-01
-1.202450000000000045e+02 3.567000000000000171e+01 8.367099999999999538e-02
-1.203900000000000006e+02 3.587500000000000000e+01 2.242180000000000006e-01
-1.207249999999999943e+02 3.617499999999999716e+01 1.440990000000000049e-01
-1.202349999999999994e+02 3.566499999999999915e+01 4.738499999999999657e-02
-1.207900000000000063e+02 3.622999999999999687e+01 6.198200000000000237e-02
-1.209249999999999972e+02 3.632000000000000028e+01 1.565169999999999895e-01
-1.203149999999999977e+02 3.573499999999999943e+01 3.024120000000000141e-01
-1.203619999999999948e+02 3.585199999999999676e+01 1.644579999999999931e-01
-1.201850000000000023e+02 3.561999999999999744e+01 1.650149999999999950e-01
-1.203349999999999937e+02 3.574000000000000199e+01 2.764050000000000118e-01
-1.203250000000000028e+02 3.574499999999999744e+01 2.252740000000000020e-01
-1.201500000000000057e+02 3.562500000000000000e+01 2.043899999999999884e-02
-1.202049999999999983e+02 3.563499999999999801e+01 4.608700000000000296e-02
-1.202150000000000034e+02 3.565999999999999659e+01 1.985180000000000000e-01
-1.202650000000000006e+02 3.567499999999999716e+01 3.402749999999999941e-01
-1.206650000000000063e+02 3.614000000000000057e+01 5.910599999999999882e-02
-1.203599999999999994e+02 3.585199999999999676e+01 9.813800000000000301e-02
-1.205450000000000017e+02 3.600999999999999801e+01 1.205620000000000025e-01
-1.204270000000000067e+02 3.584499999999999886e+01 1.400730000000000031e-01
-1.205949999999999989e+02 3.606499999999999773e+01 2.012510000000000132e-01
-1.206500000000000057e+02 3.610000000000000142e+01 5.206399999999999917e-02
-1.202349999999999994e+02 3.565999999999999659e+01 2.589940000000000020e-01
-1.206299999999999955e+02 3.611999999999999744e+01 1.731499999999999984e-01
-1.202199999999999989e+02 3.564000000000000057e+01 1.488420000000000021e-01
-1.205400000000000063e+02 3.599499999999999744e+01 7.832200000000000273e-02
