-1.202000000000000028e+02 3.562500000000000000e+01 8.804119999999999724e-01
-1.202399999999999949e+02 3.567999999999999972e+01 7.676979999999999915e-01
-1.206550000000000011e+02 3.607999999999999829e+01 8.697709999999999608e-01
-1.206400000000000006e+02 3.611999999999999744e+01 8.126010000000000177e-01
-1.206749999999999972e+02 3.613499999999999801e+01 8.198159999999999892e-01
-1.203400000000000034e+02 3.576500000000000057e+01 8.577390000000000292e-01
-1.203199999999999932e+02 3.574499999999999744e+01 7.735250000000000181e-01
-1.206899999999999977e+02 3.613499999999999801e+01 8.180389999999999606e-01
-1.201050000000000040e+02 3.567499999999999716e+01 7.342539999999999623e-01
-1.202800000000000011e+02 3.571999999999999886e+01 7.648289999999999811e-01
-1.206149999999999949e+02 3.608500000000000085e+01 8.155780000000000252e-01
-1.206449999999999960e+02 3.609499999999999886e+01 8.469719999999999471e-01
-1.206449999999999960e+02 3.611999999999999744e+01 8.430440000000000156e-01
-1.205849999999999937e+02 3.605499999999999972e+01 8.167370000000000463e-01
-1.203449999999999989e+02 3.582000000000000028e+01 7.857020000000000115e-01
-1.202199999999999989e+02 3.570000000000000284e+01 7.530980000000000452e-01
-1.207199999999999989e+02 3.617499999999999716e+01 7.989929999999999533e-01
-1.205750000000000028e+02 3.600500000000000256e+01 8.940350000000000241e-01
-1.203299999999999983e+02 3.579500000000000171e+01 7.996969999999999912e-01
-1.205300000000000011e+02 3.600500000000000256e+01 8.772079999999999878e-01
-1.207699999999999960e+02 3.621999999999999886e+01 7.924820000000000197e-01
-1.210799999999999983e+02 3.643500000000000227e+01 8.050359999999999738e-01
-1.206350000000000051e+02 3.611999999999999744e+01 7.826640000000000263e-01
-1.202549999999999955e+02 3.569500000000000028e+01 7.590080000000000160e-01
-1.202549999999999955e+02 3.568999999999999773e+01 8.200399999999999912e-01
-1.205150000000000006e+02 3.597500000000000142e+01 8.537959999999999994e-01
-1.202199999999999989e+02 3.568500000000000227e+01 8.023810000000000109e-01
-1.210649999999999977e+02 3.644500000000000028e+01 8.082040000000000335e-01
-1.208349999999999937e+02 3.628000000000000114e+01 7.824879999999999614e-01
-1.203250000000000028e+02 3.578999999999999915e+01 7.962869999999999671e-01
-1.205649999999999977e+02 3.602000000000000313e+01 8.868920000000000137e-01
-1.202800000000000011e+02 3.570000000000000284e+01 8.548580000000000068e-01
-1.208299999999999983e+02 3.628999999999999915e+01 7.815229999999999677e-01
-1.205499999999999972e+02 3.602000000000000313e+01 8.317139999999999533e-01
-1.201899999999999977e+02 3.563000000000000256e+01 7.377479999999999594e-01
-1.200750000000000028e+02 3.553000000000000114e+01 7.693999999999999728e-01
-1.203199999999999932e+02 3.575500000000000256e+01 8.156330000000000524e-01
-1.207199999999999989e+02 3.621000000000000085e+01 8.037560000000000260e-01
-1.203400000000000034e+02 3.578999999999999915e+01 7.894830000000000458e-01
-1.207450000000000045e+02 3.620000000000000284e+01 7.639989999999999837e-01
-1.205499999999999972e+02 3.600500000000000256e+01 8.156179999999999541e-01
-1.205150000000000006e+02 3.597999999999999687e+01 8.738650000000000029e-01
-1.205150000000000006e+02 3.597999999999999687e+01 8.921609999999999818e-01
-1.201400000000000006e+02 3.564000000000000057e+01 7.342100000000000293e-01
-1.200100000000000051e+02 3.543999999999999773e+01 9.017089999999999828e-01
-1.203250000000000028e+02 3.578000000000000114e+01 7.895299999999999541e-01
-1.203199999999999932e+02 3.578499999999999659e+01 8.054010000000000336e-01
-1.201749999999999972e+02 3.566499999999999915e+01 7.808249999999999913e-01
-1.201099999999999994e+02 3.557500000000000284e+01 7.697129999999999805e-01
-1.206700000000000017e+02 3.614000000000000057e+01 7.932670000000000554e-01
-1.206400000000000006e+02 3.611999999999999744e+01 7.727610000000000312e-01
-1.201749999999999972e+02 3.560999999999999943e+01 7.588420000000000165e-01
-1.201500000000000057e+02 3.563499999999999801e+01 7.582430000000000003e-01
-1.201149999999999949e+02 3.550500000000000256e+01 7.976010000000000044e-01
-1.208050000000000068e+02 3.625800000000000267e+01 7.795239999999999947e-01
-1.202950000000000017e+02 3.572999999999999687e+01 8.712790000000000257e-01
-1.203949999999999960e+02 3.587700000000000244e+01 8.144350000000000200e-01
-1.201099999999999994e+02 3.553999999999999915e+01 7.654229999999999645e-01
-1.205250000000000057e+02 3.597999999999999687e+01 8.540229999999999766e-01
-1.203349999999999937e+02 3.578499999999999659e+01 8.114540000000000086e-01
-1.206250000000000000e+02 3.608500000000000085e+01 8.205059999999999576e-01
-1.207349999999999994e+02 3.617999999999999972e+01 7.850249999999999728e-01
-1.202650000000000006e+02 3.571000000000000085e+01 7.953670000000000462e-01
-1.202450000000000045e+02 3.567000000000000171e+01 7.515089999999999826e-01
-1.203900000000000006e+02 3.587500000000000000e+01 8.740269999999999984e-01
-1.207249999999999943e+02 3.617499999999999716e+01 7.983689999999999953e-01
-1.202349999999999994e+02 3.566499999999999915e+01 7.433619999999999672e-01
-1.207900000000000063e+02 3.622999999999999687e+01 8.049330000000000096e-01
-1.209249999999999972e+02 3.632000000000000028e+01 8.203110000000000124e-01
-1.203149999999999977e+02 3.573499999999999943e+01 8.792499999999999760e-01
-1.203619999999999948e+02 3.585199999999999676e+01 8.083399999999999475e-01
-1.201850000000000023e+02 3.561999999999999744e+01 7.811240000000000405e-01
-1.203349999999999937e+02 3.574000000000000199e+01 8.874999999999999556e-01
-1.203250000000000028e+02 3.574499999999999744e+01 8.812379999999999658e-01
-1.201500000000000057e+02 3.562500000000000000e+01 7.580829999999999513e-01
-1.202049999999999983e+02 3.563499999999999801e+01 7.346120000000000427e-01
-1.202150000000000034e+02 3.565999999999999659e+01 8.717850000000000321e-01
-1.202650000000000006e+02 3.567499999999999716e+01 8.790810000000000013e-01
-1.206650000000000063e+02 3.614000000000000057e+01 8.292429999999999524e-01
-1.203599999999999994e+02 3.585199999999999676e+01 7.887389999999999679e-01
-1.205450000000000017e+02 3.600999999999999801e+01 8.133420000000000094e-01
-1.204270000000000067e+02 3.584499999999999886e+01 8.522239999999999815e-01
-1.205949999999999989e+02 3.606499999999999773e+01 8.687049999999999494e-01
-1.206500000000000057e+02 3.610000000000000142e+01 8.703779999999999850e-01
-1.202349999999999994e+02 3.565999999999999659e+01 8.867939999999999712e-01
-1.206299999999999955e+02 3.611999999999999744e+01 8.308600000000000430e-01
-1.202199999999999989e+02 3.564000000000000057e+01 7.831270000000000175e-01
-1.205400000000000063e+02 3.599499999999999744e+01 7.976889999999999814e-01
