-1.202000000000000028e+02 3.562500000000000000e+01 5.254600000000000243e-02
-1.202399999999999949e+02 3.567999999999999972e+01 3.466199999999999837e-02
-1.206550000000000011e+02 3.607999999999999829e+01 1.638310000000000044e-01
-1.206400000000000006e+02 3.611999999999999744e+01 5.699599999999999805e-02
-1.206749999999999972e+02 3.613499999999999801e+01 1.388469999999999982e-01
-1.203400000000000034e+02 3.576500000000000057e+01 4.285699999999999926e-02
-1.203199999999999932e+02 3.574499999999999744e+01 3.572499999999999981e-02
-1.206899999999999977e+02 3.613499999999999801e+01 1.850900000000000115e-02
-1.201050000000000040e+02 3.567499999999999716e+01 -1.451500000000000012e-02
-1.202800000000000011e+02 3.571999999999999886e+01 8.546499999999999930e-02
-1.206149999999999949e+02 3.608500000000000085e+01 3.962299999999999850e-02
-1.206449999999999960e+02 3.609499999999999886e+01 3.429800000000000210e-02
-1.206449999999999960e+02 3.611999999999999744e+01 3.425299999999999873e-02
-1.205849999999999937e+02 3.605499999999999972e+01 8.552999999999999839e-03
-1.203449999999999989e+02 3.582000000000000028e+01 1.484000000000000076e-03
-1.202199999999999989e+02 3.570000000000000284e+01 4.233599999999999863e-02
-1.207199999999999989e+02 3.617499999999999716e+01 2.829999999999999877e-02
-1.205750000000000028e+02 3.600500000000000256e+01 1.796000000000000027e-02
-1.203299999999999983e+02 3.579500000000000171e+01 2.898500000000000035e-02
-1.205300000000000011e+02 3.600500000000000256e+01 4.667400000000000021e-02
-1.207699999999999960e+02 3.621999999999999886e+01 2.890699999999999867e-02
-1.210799999999999983e+02 3.643500000000000227e+01 1.181600000000000011e-02
-1.206350000000000051e+02 3.611999999999999744e+01 8.697999999999999135e-03
-1.202549999999999955e+02 3.569500000000000028e+01 2.287499999999999950e-02
-1.202549999999999955e+02 3.568999999999999773e+01 4.516300000000000175e-02
-1.205150000000000006e+02 3.597500000000000142e+01 2.992300000000000168e-02
-1.202199999999999989e+02 3.568500000000000227e+01 6.930600000000000649e-02
-1.210649999999999977e+02 3.644500000000000028e+01 1.304499999999999930e-02
-1.208349999999999937e+02 3.628000000000000114e+01 2.745999999999999830e-02
-1.203250000000000028e+02 3.578999999999999915e+01 3.939299999999999746e-02
-1.205649999999999977e+02 3.602000000000000313e+01 1.570200000000000068e-02
-1.202800000000000011e+02 3.570000000000000284e+01 1.274619999999999920e-01
-1.208299999999999983e+02 3.628999999999999915e+01 4.260300000000000198e-02
-1.205499999999999972e+02 3.602000000000000313e+01 4.450400000000000189e-02
-1.201899999999999977e+02 3.563000000000000256e+01 1.466499999999999922e-02
-1.200750000000000028e+02 3.553000000000000114e+01 3.304599999999999899e-02
-1.203199999999999932e+02 3.575500000000000256e+01 2.528899999999999898e-02
-1.207199999999999989e+02 3.621000000000000085e+01 2.015600000000000031e-02
-1.203400000000000034e+02 3.578999999999999915e+01 2.365799999999999847e-02
-1.207450000000000045e+02 3.620000000000000284e+01 4.639499999999999874e-02
-1.205499999999999972e+02 3.600500000000000256e+01 3.684300000000000075e-02
-1.205150000000000006e+02 3.597999999999999687e+01 3.274500000000000327e-02
-1.205150000000000006e+02 3.597999999999999687e+01 3.546400000000000247e-02
-1.201400000000000006e+02 3.564000000000000057e+01 5.909099999999999769e-02
-1.200100000000000051e+02 3.543999999999999773e+01 1.064110000000000056e-01
-1.203250000000000028e+02 3.578000000000000114e+01 2.792800000000000143e-02
-1.203199999999999932e+02 3.578499999999999659e+01 4.307600000000000318e-02
-1.201749999999999972e+02 3.566499999999999915e+01 3.923700000000000104e-02
-1.201099999999999994e+02 3.557500000000000284e+01 1.667099999999999832e-02
-1.206700000000000017e+02 3.614000000000000057e+01 2.334599999999999870e-02
-1.206400000000000006e+02 3.611999999999999744e+01 1.125899999999999991e-02
-1.201749999999999972e+02 3.560999999999999943e+01 8.486000000000000487e-03
-1.201500000000000057e+02 3.563499999999999801e+01 6.087900000000000256e-02
-1.201149999999999949e+02 3.550500000000000256e+01 1.983100000000000140e-02
-1.208050000000000068e+02 3.625800000000000267e+01 1.653699999999999962e-02
-1.202950000000000017e+02 3.572999999999999687e+01 1.573910000000000031e-01
-1.203949999999999960e+02 3.587700000000000244e+01 8.511199999999999322e-02
-1.201099999999999994e+02 3.553999999999999915e+01 -2.779999999999999919e-03
-1.205250000000000057e+02 3.597999999999999687e+01 5.983999999999999736e-03
-1.203349999999999937e+02 3.578499999999999659e+01 2.556299999999999892e-02
-1.206250000000000000e+02 3.608500000000000085e+01 2.553100000000000161e-02
-1.207349999999999994e+02 3.617999999999999972e+01 4.973500000000000143e-02
-1.202650000000000006e+02 3.571000000000000085e+01 7.368500000000000050e-02
-1.202450000000000045e+02 3.567000000000000171e+01 1.595099999999999990e-02
-1.203900000000000006e+02 3.587500000000000000e+01 8.481900000000000550e-02
-1.207249999999999943e+02 3.617499999999999716e+01 4.686699999999999894e-02
-1.202349999999999994e+02 3.566499999999999915e+01 1.856500000000000164e-02
-1.207900000000000063e+02 3.622999999999999687e+01 2.785199999999999829e-02
-1.209249999999999972e+02 3.632000000000000028e+01 1.737500000000000155e-02
-1.203149999999999977e+02 3.573499999999999943e+01 9.136299999999999977e-02
-1.203619999999999948e+02 3.585199999999999676e+01 5.401999999999999684e-03
-1.201850000000000023e+02 3.561999999999999744e+01 1.465400000000000036e-02
-1.203349999999999937e+02 3.574000000000000199e+01 1.161780000000000035e-01
-1.203250000000000028e+02 3.574499999999999744e+01 1.025289999999999951e-01
-1.201500000000000057e+02 3.562500000000000000e+01 1.238410000000000066e-01
-1.202049999999999983e+02 3.563499999999999801e+01 5.871999999999999616e-03
-1.202150000000000034e+02 3.565999999999999659e+01 2.262300000000000075e-02
-1.202650000000000006e+02 3.567499999999999716e+01 8.404399999999999371e-02
-1.206650000000000063e+02 3.614000000000000057e+01 8.846800000000000497e-02
-1.203599999999999994e+02 3.585199999999999676e+01 9.636000000000000468e-03
-1.205450000000000017e+02 3.600999999999999801e+01 2.814699999999999841e-02
-1.204270000000000067e+02 3.584499999999999886e+01 4.933699999999999891e-02
-1.205949999999999989e+02 3.606499999999999773e+01 3.866699999999999998e-02
-1.206500000000000057e+02 3.610000000000000142e+01 1.912820000000000076e-01
-1.202349999999999994e+02 3.565999999999999659e+01 7.799899999999999889e-02
-1.206299999999999955e+02 3.611999999999999744e+01 7.319399999999999518e-02
-1.202199999999999989e+02 3.564000000000000057e+01 1.196900000000000047e-02
-1.205400000000000063e+02 3.599499999999999744e+01 5.580199999999999744e-02
