-1.202000000000000028e+02 3.562500000000000000e+01 2.116560000000000108e-01
-1.202399999999999949e+02 3.567999999999999972e+01 1.511200000000000043e-02
-1.206550000000000011e+02 3.607999999999999829e+01 2.335419999999999996e-01
-1.206400000000000006e+02 3.611999999999999744e+01 1.143229999999999941e-01
-1.206749999999999972e+02 3.613499999999999801e+01 1.257159999999999944e-01
-1.203400000000000034e+02 3.576500000000000057e+01 1.477930000000000077e-01
-1.203199999999999932e+02 3.574499999999999744e+01 3.946899999999999714e-02
-1.206899999999999977e+02 3.613499999999999801e+01 7.950400000000000522e-02
-1.201050000000000040e+02 3.567499999999999716e+01 -4.235599999999999782e-02
-1.202800000000000011e+02 3.571999999999999886e+01 4.479600000000000248e-02
-1.206149999999999949e+02 3.608500000000000085e+01 1.487860000000000016e-01
-1.206449999999999960e+02 3.609499999999999886e+01 1.389140000000000097e-01
-1.206449999999999960e+02 3.611999999999999744e+01 1.317440000000000000e-01
-1.205849999999999937e+02 3.605499999999999972e+01 7.114499999999999991e-02
-1.203449999999999989e+02 3.582000000000000028e+01 -3.689000000000000005e-03
-1.202199999999999989e+02 3.570000000000000284e+01 1.208000000000000089e-03
-1.207199999999999989e+02 3.617499999999999716e+01 3.256699999999999873e-02
-1.205750000000000028e+02 3.600500000000000256e+01 1.744380000000000097e-01
-1.203299999999999983e+02 3.579500000000000171e+01 4.216000000000000129e-03
-1.205300000000000011e+02 3.600500000000000256e+01 1.860070000000000057e-01
-1.207699999999999960e+02 3.621999999999999886e+01 2.405900000000000052e-02
-1.210799999999999983e+02 3.643500000000000227e+01 3.047000000000000056e-02
-1.206350000000000051e+02 3.611999999999999744e+01 2.844299999999999953e-02
-1.202549999999999955e+02 3.569500000000000028e+01 1.694199999999999873e-02
-1.202549999999999955e+02 3.568999999999999773e+01 1.331060000000000021e-01
-1.205150000000000006e+02 3.597500000000000142e+01 1.204350000000000004e-01
-1.202199999999999989e+02 3.568500000000000227e+01 3.708700000000000191e-02
-1.210649999999999977e+02 3.644500000000000028e+01 2.477400000000000088e-02
-1.208349999999999937e+02 3.628000000000000114e+01 2.363900000000000029e-02
-1.203250000000000028e+02 3.578999999999999915e+01 6.200999999999999915e-03
-1.205649999999999977e+02 3.602000000000000313e+01 1.796570000000000111e-01
-1.202800000000000011e+02 3.570000000000000284e+01 1.943100000000000105e-01
-1.208299999999999983e+02 3.628999999999999915e+01 1.415699999999999945e-02
-1.205499999999999972e+02 3.602000000000000313e+01 1.003020000000000023e-01
-1.201899999999999977e+02 3.563000000000000256e+01 1.406899999999999991e-02
-1.200750000000000028e+02 3.553000000000000114e+01 5.016899999999999832e-02
-1.203199999999999932e+02 3.575500000000000256e+01 9.336600000000000454e-02
-1.207199999999999989e+02 3.621000000000000085e+01 6.759900000000000631e-02
-1.203400000000000034e+02 3.578999999999999915e+01 5.910999999999999588e-03
-1.207450000000000045e+02 3.620000000000000284e+01 3.787599999999999995e-02
-1.205499999999999972e+02 3.600500000000000256e+01 5.524600000000000344e-02
-1.205150000000000006e+02 3.597999999999999687e+01 1.731479999999999964e-01
-1.205150000000000006e+02 3.597999999999999687e+01 2.053850000000000120e-01
-1.201400000000000006e+02 3.564000000000000057e+01 9.940000000000000918e-04
-1.200100000000000051e+02 3.543999999999999773e+01 2.048800000000000066e-01
-1.203250000000000028e+02 3.578000000000000114e+01 2.500600000000000045e-02
-1.203199999999999932e+02 3.578499999999999659e+01 3.193399999999999711e-02
-1.201749999999999972e+02 3.566499999999999915e+01 4.793000000000000385e-03
-1.201099999999999994e+02 3.557500000000000284e+01 -6.098000000000000122e-03
-1.206700000000000017e+02 3.614000000000000057e+01 4.644299999999999817e-02
-1.206400000000000006e+02 3.611999999999999744e+01 2.995499999999999899e-02
-1.201749999999999972e+02 3.560999999999999943e+01 8.814999999999999919e-03
-1.201500000000000057e+02 3.563499999999999801e+01 1.176299999999999915e-02
-1.201149999999999949e+02 3.550500000000000256e+01 4.306100000000000205e-02
-1.208050000000000068e+02 3.625800000000000267e+01 1.782200000000000104e-02
-1.202950000000000017e+02 3.572999999999999687e+01 2.202369999999999883e-01
-1.203949999999999960e+02 3.587700000000000244e+01 3.003300000000000067e-02
-1.201099999999999994e+02 3.553999999999999915e+01 -1.552100000000000007e-02
-1.205250000000000057e+02 3.597999999999999687e+01 7.217200000000000004e-02
-1.203349999999999937e+02 3.578499999999999659e+01 2.978799999999999851e-02
-1.206250000000000000e+02 3.608500000000000085e+01 1.349200000000000121e-01
-1.207349999999999994e+02 3.617999999999999972e+01 4.489300000000000235e-02
-1.202650000000000006e+02 3.571000000000000085e+01 2.399899999999999950e-02
-1.202450000000000045e+02 3.567000000000000171e+01 2.439099999999999949e-02
-1.203900000000000006e+02 3.587500000000000000e+01 1.875419999999999865e-01
-1.207249999999999943e+02 3.617499999999999716e+01 4.816100000000000242e-02
-1.202349999999999994e+02 3.566499999999999915e+01 1.463000000000000064e-02
-1.207900000000000063e+02 3.622999999999999687e+01 1.829199999999999923e-02
-1.209249999999999972e+02 3.632000000000000028e+01 3.939000000000000140e-02
-1.203149999999999977e+02 3.573499999999999943e+01 2.251569999999999960e-01
-1.203619999999999948e+02 3.585199999999999676e+01 -1.670000000000000043e-03
-1.201850000000000023e+02 3.561999999999999744e+01 7.938800000000000023e-02
-1.203349999999999937e+02 3.574000000000000199e+01 2.406659999999999910e-01
-1.203250000000000028e+02 3.574499999999999744e+01 2.275689999999999935e-01
-1.201500000000000057e+02 3.562500000000000000e+01 2.576000000000000165e-02
-1.202049999999999983e+02 3.563499999999999801e+01 -3.190999999999999826e-03
-1.202150000000000034e+02 3.565999999999999659e+01 1.862379999999999869e-01
-1.202650000000000006e+02 3.567499999999999716e+01 2.188430000000000097e-01
-1.206650000000000063e+02 3.614000000000000057e+01 1.123129999999999962e-01
-1.203599999999999994e+02 3.585199999999999676e+01 2.119999999999999923e-03
-1.205450000000000017e+02 3.600999999999999801e+01 8.642700000000000382e-02
-1.204270000000000067e+02 3.584499999999999886e+01 1.617919999999999914e-01
-1.205949999999999989e+02 3.606499999999999773e+01 1.971640000000000059e-01
-1.206500000000000057e+02 3.610000000000000142e+01 2.231400000000000050e-01
-1.202349999999999994e+02 3.565999999999999659e+01 2.186279999999999890e-01
-1.206299999999999955e+02 3.611999999999999744e+01 1.447680000000000078e-01
-1.202199999999999989e+02 3.564000000000000057e+01 5.817599999999999855e-02
-1.205400000000000063e+02 3.599499999999999744e+01 6.924099999999999699e-02
