-1.202000000000000028e+02 3.562500000000000000e+01 6.440639999999999699e-01
-1.202399999999999949e+02 3.567999999999999972e+01 5.551930000000000476e-01
-1.206550000000000011e+02 3.607999999999999829e+01 6.926980000000000359e-01
-1.206400000000000006e+02 3.611999999999999744e+01 6.270879999999999788e-01
-1.206749999999999972e+02 3.613499999999999801e+01 6.169289999999999496e-01
-1.203400000000000034e+02 3.576500000000000057e+01 6.549519999999999786e-01
-1.203199999999999932e+02 3.574499999999999744e+01 5.640800000000000258e-01
-1.206899999999999977e+02 3.613499999999999801e+01 6.135350000000000525e-01
-1.201050000000000040e+02 3.567499999999999716e+01 5.021130000000000315e-01
-1.202800000000000011e+02 3.571999999999999886e+01 5.505889999999999951e-01
-1.206149999999999949e+02 3.608500000000000085e+01 6.602200000000000291e-01
-1.206449999999999960e+02 3.609499999999999886e+01 6.426500000000000545e-01
-1.206449999999999960e+02 3.611999999999999744e+01 6.371099999999999541e-01
-1.205849999999999937e+02 3.605499999999999972e+01 6.238599999999999701e-01
-1.203449999999999989e+02 3.582000000000000028e+01 5.731709999999999861e-01
-1.202199999999999989e+02 3.570000000000000284e+01 5.214550000000000018e-01
-1.207199999999999989e+02 3.617499999999999716e+01 5.620150000000000423e-01
-1.205750000000000028e+02 3.600500000000000256e+01 7.219240000000000101e-01
-1.203299999999999983e+02 3.579500000000000171e+01 5.720020000000000104e-01
-1.205300000000000011e+02 3.600500000000000256e+01 7.258590000000000320e-01
-1.207699999999999960e+02 3.621999999999999886e+01 5.736799999999999677e-01
-1.210799999999999983e+02 3.643500000000000227e+01 5.456680000000000419e-01
-1.206350000000000051e+02 3.611999999999999744e+01 5.813819999999999544e-01
-1.202549999999999955e+02 3.569500000000000028e+01 5.404949999999999477e-01
-1.202549999999999955e+02 3.568999999999999773e+01 6.029219999999999580e-01
-1.205150000000000006e+02 3.597500000000000142e+01 7.075219999999999843e-01
-1.202199999999999989e+02 3.568500000000000227e+01 5.608539999999999637e-01
-1.210649999999999977e+02 3.644500000000000028e+01 5.536029999999999562e-01
-1.208349999999999937e+02 3.628000000000000114e+01 5.599629999999999885e-01
-1.203250000000000028e+02 3.578999999999999915e+01 5.749710000000000099e-01
-1.205649999999999977e+02 3.602000000000000313e+01 7.256160000000000387e-01
-1.202800000000000011e+02 3.570000000000000284e+01 6.275410000000000155e-01
-1.208299999999999983e+02 3.628999999999999915e+01 5.335130000000000150e-01
-1.205499999999999972e+02 3.602000000000000313e+01 6.364250000000000185e-01
-1.201899999999999977e+02 3.563000000000000256e+01 5.341650000000000009e-01
-1.200750000000000028e+02 3.553000000000000114e+01 5.626470000000000082e-01
-1.203199999999999932e+02 3.575500000000000256e+01 6.029149999999999787e-01
-1.207199999999999989e+02 3.621000000000000085e+01 6.122440000000000104e-01
-1.203400000000000034e+02 3.578999999999999915e+01 5.518490000000000339e-01
-1.207450000000000045e+02 3.620000000000000284e+01 5.434980000000000366e-01
-1.205499999999999972e+02 3.600500000000000256e+01 6.024119999999999475e-01
-1.205150000000000006e+02 3.597999999999999687e+01 7.187440000000000495e-01
-1.205150000000000006e+02 3.597999999999999687e+01 7.504070000000000462e-01
-1.201400000000000006e+02 3.564000000000000057e+01 5.163889999999999869e-01
-1.200100000000000051e+02 3.543999999999999773e+01 6.321080000000000032e-01
-1.203250000000000028e+02 3.578000000000000114e+01 5.880079999999999751e-01
-1.203199999999999932e+02 3.578499999999999659e+01 6.014650000000000274e-01
-1.201749999999999972e+02 3.566499999999999915e+01 5.551120000000000498e-01
-1.201099999999999994e+02 3.557500000000000284e+01 5.579229999999999468e-01
-1.206700000000000017e+02 3.614000000000000057e+01 5.807060000000000555e-01
-1.206400000000000006e+02 3.611999999999999744e+01 5.777120000000000033e-01
-1.201749999999999972e+02 3.560999999999999943e+01 5.599469999999999725e-01
-1.201500000000000057e+02 3.563499999999999801e+01 5.538720000000000310e-01
-1.201149999999999949e+02 3.550500000000000256e+01 5.792059999999999986e-01
-1.208050000000000068e+02 3.625800000000000267e+01 5.490580000000000460e-01
-1.202950000000000017e+02 3.572999999999999687e+01 6.546980000000000022e-01
-1.203949999999999960e+02 3.587700000000000244e+01 5.855350000000000277e-01
-1.201099999999999994e+02 3.553999999999999915e+01 5.683949999999999836e-01
-1.205250000000000057e+02 3.597999999999999687e+01 6.628990000000000160e-01
-1.203349999999999937e+02 3.578499999999999659e+01 5.929699999999999971e-01
-1.206250000000000000e+02 3.608500000000000085e+01 6.504149999999999654e-01
-1.207349999999999994e+02 3.617999999999999972e+01 5.671629999999999727e-01
-1.202650000000000006e+02 3.571000000000000085e+01 5.859360000000000124e-01
-1.202450000000000045e+02 3.567000000000000171e+01 5.357169999999999987e-01
-1.203900000000000006e+02 3.587500000000000000e+01 7.145479999999999610e-01
-1.207249999999999943e+02 3.617499999999999716e+01 5.783599999999999852e-01
-1.202349999999999994e+02 3.566499999999999915e+01 5.195389999999999731e-01
-1.207900000000000063e+02 3.622999999999999687e+01 5.426549999999999985e-01
-1.209249999999999972e+02 3.632000000000000028e+01 5.895129999999999537e-01
-1.203149999999999977e+02 3.573499999999999943e+01 6.722979999999999512e-01
-1.203619999999999948e+02 3.585199999999999676e+01 5.907249999999999446e-01
-1.201850000000000023e+02 3.561999999999999744e+01 5.762199999999999545e-01
-1.203349999999999937e+02 3.574000000000000199e+01 6.765189999999999815e-01
-1.203250000000000028e+02 3.574499999999999744e+01 6.817860000000000031e-01
-1.201500000000000057e+02 3.562500000000000000e+01 5.368169999999999886e-01
-1.202049999999999983e+02 3.563499999999999801e+01 5.232649999999999801e-01
-1.202150000000000034e+02 3.565999999999999659e+01 6.558340000000000281e-01
-1.202650000000000006e+02 3.567499999999999716e+01 6.566079999999999695e-01
-1.206650000000000063e+02 3.614000000000000057e+01 6.269120000000000248e-01
-1.203599999999999994e+02 3.585199999999999676e+01 5.826289999999999525e-01
-1.205450000000000017e+02 3.600999999999999801e+01 6.310890000000000111e-01
-1.204270000000000067e+02 3.584499999999999886e+01 6.780789999999999873e-01
-1.205949999999999989e+02 3.606499999999999773e+01 7.161830000000000140e-01
-1.206500000000000057e+02 3.610000000000000142e+01 6.764520000000000532e-01
-1.202349999999999994e+02 3.565999999999999659e+01 6.502160000000000162e-01
-1.206299999999999955e+02 3.611999999999999744e+01 6.591869999999999674e-01
-1.202199999999999989e+02 3.564000000000000057e+01 5.641059999999999963e-01
-1.205400000000000063e+02 3.599499999999999744e+01 5.963089999999999780e-01
